0 0.35859375 0.92109375 0.0953125 0.1578125
0 0.87578125 0.8890625 0.0984375 0.21875
0 0.83984375 0.6453125 0.090625 0.2078125
0 0.72734375 0.625 0.1078125 0.128125
0 0.7390625 0.47109375 0.0859375 0.171875
0 0.92265625 0.42734375 0.078125 0.1078125
0 0.94765625 0.29296875 0.075 0.1578125
0 0.9765625 0.37109375 0.046875 0.1765625
0 0.8953125 0.27421875 0.0953125 0.096875
0 0.8203125 0.284375 0.0703125 0.2140625
0 0.76953125 0.23828125 0.0453125 0.190625
0 0.71953125 0.19140625 0.046875 0.146875
0 0.82421875 0.14609375 0.053125 0.075
0 0.7578125 0.08515625 0.090625 0.090625
0 0.81875 0.04375 0.1046875 0.0765625
0 0.58515625 0.12421875 0.0578125 0.15
0 0.65859375 0.153125 0.0515625 0.1140625
0 0.6265625 0.18828125 0.0484375 0.13125
0 0.6375 0.29765625 0.0890625 0.2
0 0.5171875 0.25078125 0.0484375 0.1578125
0 0.47265625 0.303125 0.0671875 0.103125
0 0.41171875 0.33359375 0.090625 0.10625
0 0.5796875 0.44453125 0.0546875 0.1625
0 0.4859375 0.55390625 0.0828125 0.21875
0 0.365625 0.57421875 0.115625 0.13125
0 0.14375 0.66953125 0.128125 0.1578125
0 0.05 0.796875 0.1 0.178125
0 0.271875 0.45859375 0.1125 0.121875
0 0.1265625 0.49609375 0.0765625 0.134375
0 0.07890625 0.41640625 0.08125 0.134375
0 0.08828125 0.33203125 0.090625 0.140625
0 0.17265625 0.3703125 0.059375 0.153125
0 0.165625 0.24453125 0.0640625 0.125
0 0.25078125 0.24296875 0.090625 0.16875
0 0.4703125 0.15234375 0.0796875 0.159375
0 0.3109375 0.1421875 0.059375 0.1203125
0 0.45390625 0.05 0.0671875 0.1
0 0.37109375 0.06328125 0.1046875 0.11875
0 0.2875 0.0421875 0.059375 0.084375
0 0.246875 0.075 0.05625 0.15
0 0.21171875 0.0953125 0.059375 0.10625
0 0.16875 0.11328125 0.071875 0.121875
0 0.11484375 0.16796875 0.0453125 0.1296875
0 0.04296875 0.203125 0.05 0.121875
0 0.0640625 0.09765625 0.071875 0.103125
0 0.096875 0.06640625 0.06875 0.078125
0 0.24375 0.36953125 0.0953125 0.078125
0 0.69921875 0.053125 0.0859375 0.1015625
0 0.15546875 0.03203125 0.0953125 0.0640625
0 0.628125 0.03046875 0.071875 0.053125