0 0.91171875 0.3640625 0.1171875 0.265625
0 0.72109375 0.221875 0.0828125 0.221875
0 0.57421875 0.0921875 0.090625 0.184375
0 0.4703125 0.07734375 0.1390625 0.1296875
0 0.38828125 0.1875 0.0921875 0.1390625
0 0.4796875 0.37890625 0.090625 0.1875
0 0.44609375 0.14765625 0.0859375 0.090625
0 0.4578125 0.26171875 0.115625 0.128125
0 0.36875 0.3140625 0.08125 0.1765625
0 0.3046875 0.30703125 0.090625 0.11875
0 0.3234375 0.428125 0.1171875 0.14375
0 0.359375 0.546875 0.0859375 0.221875
0 0.1828125 0.2546875 0.1328125 0.115625
0 0.14453125 0.08203125 0.10625 0.1203125
0 0.03125 0.10234375 0.0625 0.1671875
0 0.1796875 0.38671875 0.109375 0.196875
0 0.05390625 0.41328125 0.09375 0.2078125
0 0.1265625 0.49609375 0.0890625 0.2140625
0 0.27734375 0.65 0.1421875 0.1359375
0 0.82109375 0.6515625 0.1171875 0.2390625
0 0.765625 0.815625 0.09375 0.21875
0 0.69453125 0.69140625 0.125 0.1875
0 0.665625 0.89609375 0.1 0.2078125
0 0.48671875 0.890625 0.10625 0.21875
0 0.39140625 0.8609375 0.1015625 0.2421875
0 0.30859375 0.778125 0.1375 0.2046875
0 0.18984375 0.8890625 0.0984375 0.221875
0 0.14765625 0.71015625 0.1109375 0.2078125
0 0.07109375 0.6953125 0.06875 0.20625
0 0.040625 0.78046875 0.08125 0.2578125