0 0.90625 0.4265625 0.1171875 0.2296875
0 0.6765625 0.215625 0.0828125 0.221875
0 0.4078125 0.08984375 0.11875 0.1296875
0 0.3828125 0.21484375 0.0921875 0.1390625
0 0.46640625 0.41171875 0.090625 0.2109375
0 0.44609375 0.14765625 0.0859375 0.090625
0 0.4578125 0.26171875 0.115625 0.128125
0 0.35546875 0.346875 0.08125 0.1765625
0 0.30078125 0.3453125 0.10625 0.11875
0 0.31875 0.45390625 0.1171875 0.14375
0 0.35078125 0.628125 0.0859375 0.28125
0 0.18984375 0.30859375 0.11875 0.1421875
0 0.1453125 0.14765625 0.10625 0.1203125
0 0.03359375 0.1671875 0.0640625 0.14375
0 0.18515625 0.465625 0.109375 0.165625
0 0.046875 0.49765625 0.09375 0.1921875
0 0.1265625 0.49609375 0.0890625 0.2140625
0 0.265625 0.73046875 0.1421875 0.1359375
0 0.71015625 0.46953125 0.1171875 0.240625
0 0.765625 0.87265625 0.09375 0.2546875
0 0.70703125 0.7359375 0.125 0.1875
0 0.66640625 0.91015625 0.0984375 0.1796875
0 0.4796875 0.909375 0.10625 0.18125
0 0.3859375 0.890625 0.115625 0.21875
0 0.440625 0.6890625 0.1375 0.2046875
0 0.18984375 0.9203125 0.0984375 0.159375
0 0.14921875 0.77265625 0.1109375 0.2078125
0 0.07109375 0.72578125 0.06875 0.1796875
0 0.040625 0.8015625 0.08125 0.2578125