0 0.909375 0.45859375 0.1140625 0.2703125
0 0.678125 0.24140625 0.078125 0.2078125
0 0.6796875 0.4609375 0.10625 0.215625
0 0.703125 0.7671875 0.1109375 0.2
0 0.76328125 0.88671875 0.0984375 0.221875
0 0.6625 0.93125 0.10625 0.1375
0 0.37734375 0.921875 0.1265625 0.15625
0 0.46484375 0.653125 0.11875 0.2328125
0 0.47265625 0.44921875 0.1203125 0.2
0 0.4390625 0.228125 0.11875 0.0953125
0 0.38203125 0.2734375 0.1109375 0.109375
0 0.35390625 0.38671875 0.096875 0.15625
0 0.29609375 0.3984375 0.115625 0.1046875
0 0.30546875 0.50859375 0.10625 0.1
0 0.35078125 0.6625 0.0890625 0.23125
0 0.26171875 0.76015625 0.1015625 0.1515625
0 0.0421875 0.52109375 0.078125 0.1703125
0 0.1140625 0.51875 0.0640625 0.225
0 0.184375 0.49296875 0.0875 0.1484375
0 0.190625 0.31171875 0.103125 0.1625
0 0.13984375 0.17421875 0.0984375 0.1296875
0 0.35546875 0.08515625 0.13125 0.1515625
0 0.14765625 0.8015625 0.1203125 0.20625
0 0.071875 0.775 0.0640625 0.2234375
0 0.0328125 0.82890625 0.0625 0.2796875
0 0.0296875 0.2015625 0.059375 0.1484375