0 0.090625 0.45859375 0.1140625 0.2703125
0 0.321875 0.24140625 0.078125 0.2078125
0 0.3203125 0.4609375 0.10625 0.215625
0 0.296875 0.7671875 0.1109375 0.2
0 0.23671875 0.88671875 0.0984375 0.221875
0 0.3375 0.93125 0.10625 0.1375
0 0.62265625 0.921875 0.1265625 0.15625
0 0.53515625 0.653125 0.11875 0.2328125
0 0.52734375 0.44921875 0.1203125 0.2
0 0.5609375 0.228125 0.1203125 0.0953125
0 0.61796875 0.2734375 0.1109375 0.109375
0 0.64609375 0.38671875 0.096875 0.15625
0 0.70390625 0.3984375 0.1140625 0.1046875
0 0.69453125 0.50859375 0.10625 0.1
0 0.64921875 0.6625 0.0890625 0.23125
0 0.73828125 0.76015625 0.1015625 0.1515625
0 0.9578125 0.52109375 0.078125 0.1703125
0 0.8859375 0.51875 0.0640625 0.225
0 0.815625 0.49296875 0.0890625 0.1484375
0 0.809375 0.31171875 0.103125 0.1625
0 0.86015625 0.17421875 0.0984375 0.1296875
0 0.64453125 0.08515625 0.13125 0.1515625
0 0.85234375 0.8015625 0.1203125 0.20625
0 0.928125 0.775 0.0640625 0.2234375
0 0.9671875 0.82890625 0.0625 0.2796875
0 0.9703125 0.2015625 0.059375 0.1484375