0 0.909375 0.45859375 0.1140625 0.2703125
0 0.67421875 0.25703125 0.078125 0.2078125
0 0.65546875 0.446875 0.10625 0.215625
0 0.703125 0.7671875 0.1109375 0.2
0 0.76328125 0.88671875 0.0984375 0.221875
0 0.6625 0.93125 0.10625 0.1375
0 0.37734375 0.921875 0.1265625 0.15625
0 0.46484375 0.653125 0.11875 0.2328125
0 0.47265625 0.44921875 0.1203125 0.2
0 0.43046875 0.24375 0.1203125 0.0953125
0 0.371875 0.28359375 0.1109375 0.109375
0 0.35390625 0.38671875 0.096875 0.15625
0 0.2890625 0.42578125 0.115625 0.1046875
0 0.315625 0.5484375 0.10625 0.1484375
0 0.35078125 0.6625 0.0890625 0.23125
0 0.24765625 0.80234375 0.1015625 0.1515625
0 0.04453125 0.54765625 0.0890625 0.1890625
0 0.1140625 0.53046875 0.0640625 0.2484375
0 0.18359375 0.5109375 0.0875 0.184375
0 0.1890625 0.3203125 0.103125 0.1640625
0 0.13984375 0.1796875 0.0984375 0.1296875
0 0.36015625 0.06171875 0.0671875 0.1234375
0 0.14453125 0.8359375 0.1203125 0.20625
0 0.06875 0.81171875 0.0640625 0.2234375
0 0.0328125 0.82890625 0.0625 0.2796875
0 0.03125 0.21171875 0.0625 0.1203125
0 0.284375 0.090625 0.1140625 0.165625