0 0.090625 0.45859375 0.1140625 0.2703125
0 0.32578125 0.25703125 0.078125 0.2078125
0 0.34453125 0.446875 0.10625 0.215625
0 0.296875 0.7671875 0.1109375 0.2
0 0.23671875 0.88671875 0.0984375 0.221875
0 0.3375 0.93125 0.10625 0.1375
0 0.62265625 0.921875 0.1265625 0.15625
0 0.53515625 0.653125 0.11875 0.2328125
0 0.52734375 0.44921875 0.1203125 0.2
0 0.56953125 0.24375 0.1203125 0.0953125
0 0.628125 0.28359375 0.1109375 0.109375
0 0.64609375 0.38671875 0.096875 0.15625
0 0.7109375 0.42578125 0.115625 0.1046875
0 0.684375 0.5484375 0.10625 0.1484375
0 0.64921875 0.6625 0.0890625 0.23125
0 0.75234375 0.80234375 0.1015625 0.1515625
0 0.95546875 0.54765625 0.0890625 0.1890625
0 0.8859375 0.53046875 0.0640625 0.2484375
0 0.81640625 0.5109375 0.0875 0.184375
0 0.8109375 0.3203125 0.103125 0.1640625
0 0.86015625 0.1796875 0.0984375 0.1296875
0 0.63984375 0.06171875 0.0671875 0.1234375
0 0.85546875 0.8359375 0.1203125 0.20625
0 0.93125 0.81171875 0.0640625 0.2234375
0 0.9671875 0.82890625 0.0625 0.2796875
0 0.96875 0.21171875 0.0625 0.1203125
0 0.715625 0.090625 0.1140625 0.165625