0 0.67421875 0.29375 0.078125 0.215625
0 0.8875 0.5 0.090625 0.25
0 0.9734375 0.47265625 0.053125 0.225
0 0.60546875 0.409375 0.1203125 0.225
0 0.709375 0.80078125 0.1046875 0.215625
0 0.7703125 0.921875 0.1046875 0.15625
0 0.3796875 0.946875 0.1265625 0.10625
0 0.5078125 0.62109375 0.078125 0.228125
0 0.478125 0.503125 0.08125 0.2296875
0 0.43359375 0.43515625 0.09375 0.215625
0 0.43359375 0.28828125 0.10625 0.1515625
0 0.3703125 0.32421875 0.090625 0.1359375
0 0.3265625 0.4 0.09375 0.1890625
0 0.2921875 0.4625 0.0921875 0.109375
0 0.30859375 0.59453125 0.1078125 0.1671875
0 0.3546875 0.7171875 0.0984375 0.2671875
0 0.25546875 0.8265625 0.125 0.1734375
0 0.134375 0.884375 0.0984375 0.2203125
0 0.0625 0.8328125 0.0828125 0.23125
0 0.18203125 0.53828125 0.0984375 0.2140625
0 0.11328125 0.54140625 0.0828125 0.2390625
0 0.04453125 0.58515625 0.0890625 0.1859375
0 0.18984375 0.35546875 0.11875 0.1890625
0 0.35078125 0.084375 0.1109375 0.1640625
0 0.2140625 0.0859375 0.1296875 0.171875
0 0.1359375 0.22734375 0.109375 0.11875
0 0.02890625 0.2515625 0.0578125 0.153125