0 0.32578125 0.31796875 0.078125 0.215625
0 0.1125 0.5 0.090625 0.25
0 0.040625 0.425 0.08125 0.21875
0 0.40234375 0.39375 0.1203125 0.225
0 0.290625 0.80078125 0.103125 0.215625
0 0.2296875 0.921875 0.1046875 0.15625
0 0.6203125 0.946875 0.1265625 0.10625
0 0.4921875 0.62109375 0.078125 0.228125
0 0.521875 0.503125 0.08125 0.2296875
0 0.56640625 0.43515625 0.09375 0.215625
0 0.56640625 0.28828125 0.10625 0.1515625
0 0.6296875 0.32421875 0.090625 0.1359375
0 0.6734375 0.4 0.09375 0.1890625
0 0.7078125 0.4625 0.0921875 0.109375
0 0.69140625 0.59453125 0.1078125 0.1671875
0 0.6453125 0.7171875 0.0984375 0.2671875
0 0.74453125 0.8265625 0.125 0.1734375
0 0.865625 0.884375 0.0984375 0.2203125
0 0.9375 0.8328125 0.0828125 0.23125
0 0.81796875 0.53828125 0.0984375 0.2140625
0 0.88671875 0.54140625 0.0828125 0.2390625
0 0.95546875 0.58515625 0.0890625 0.1859375
0 0.81015625 0.35546875 0.11875 0.1890625
0 0.64921875 0.084375 0.1109375 0.1640625
0 0.81484375 0.0859375 0.1296875 0.171875
0 0.8640625 0.22734375 0.109375 0.11875
0 0.97109375 0.2515625 0.0578125 0.153125