0 0.3328125 0.34375 0.078125 0.215625
0 0.1125 0.5 0.090625 0.25
0 0.06875 0.37890625 0.08125 0.21875
0 0.434375 0.378125 0.1203125 0.225
0 0.2859375 0.83828125 0.1046875 0.215625
0 0.6203125 0.946875 0.1265625 0.10625
0 0.478125 0.6375 0.078125 0.2265625
0 0.49765625 0.50859375 0.08125 0.23125
0 0.56953125 0.49609375 0.09375 0.215625
0 0.5671875 0.3140625 0.10625 0.15
0 0.62578125 0.3859375 0.090625 0.1359375
0 0.6875 0.43515625 0.09375 0.1890625
0 0.709375 0.509375 0.0921875 0.109375
0 0.7 0.62265625 0.1078125 0.1671875
0 0.65 0.77265625 0.0984375 0.2671875
0 0.74609375 0.86328125 0.125 0.1734375
0 0.87109375 0.88984375 0.0984375 0.2203125
0 0.9375 0.87578125 0.0828125 0.23125
0 0.8265625 0.58203125 0.1 0.2140625
0 0.88515625 0.5796875 0.0828125 0.2390625
0 0.95546875 0.61953125 0.0890625 0.1859375
0 0.81015625 0.39140625 0.11875 0.1890625
0 0.65625 0.115625 0.1109375 0.1640625
0 0.85234375 0.1015625 0.128125 0.16875
0 0.8671875 0.2625 0.109375 0.1203125
0 0.97109375 0.2921875 0.0578125 0.153125