0 0.6671875 0.34375 0.078125 0.215625
0 0.8875 0.5 0.090625 0.25
0 0.93125 0.37890625 0.08125 0.21875
0 0.565625 0.378125 0.1203125 0.225
0 0.7140625 0.83828125 0.1046875 0.215625
0 0.3796875 0.946875 0.1265625 0.10625
0 0.521875 0.6375 0.078125 0.2265625
0 0.50234375 0.50859375 0.08125 0.23125
0 0.43046875 0.49609375 0.09375 0.215625
0 0.4328125 0.3140625 0.10625 0.15
0 0.37421875 0.3859375 0.090625 0.1359375
0 0.3125 0.43515625 0.09375 0.1890625
0 0.290625 0.509375 0.0921875 0.109375
0 0.3 0.62265625 0.1078125 0.1671875
0 0.35 0.77265625 0.0984375 0.2671875
0 0.25390625 0.86328125 0.125 0.1734375
0 0.12890625 0.88984375 0.0984375 0.2203125
0 0.0625 0.87578125 0.0828125 0.23125
0 0.1734375 0.58203125 0.1 0.2140625
0 0.11484375 0.5796875 0.0828125 0.2390625
0 0.04453125 0.61953125 0.0890625 0.1859375
0 0.18984375 0.39140625 0.11875 0.1890625
0 0.34375 0.115625 0.1109375 0.1640625
0 0.14765625 0.1015625 0.128125 0.16875
0 0.1328125 0.2625 0.109375 0.1203125
0 0.02890625 0.2921875 0.0578125 0.153125