0 0.66796875 0.49453125 0.090625 0.215625
0 0.784375 0.52734375 0.090625 0.25
0 0.790625 0.109375 0.08125 0.21875
0 0.2734375 0.3609375 0.109375 0.1796875
0 0.72734375 0.84921875 0.1171875 0.2328125
0 0.53671875 0.75546875 0.09375 0.228125
0 0.51640625 0.52265625 0.08125 0.23125
0 0.41484375 0.66015625 0.09375 0.215625
0 0.4421875 0.51171875 0.0984375 0.1375
0 0.37734375 0.53359375 0.090625 0.1359375
0 0.3078125 0.54375 0.1125 0.159375
0 0.296875 0.6609375 0.1109375 0.109375
0 0.3140625 0.80078125 0.1078125 0.1671875
0 0.384375 0.86640625 0.0984375 0.2671875
0 0.18359375 0.7640625 0.1 0.2140625
0 0.08671875 0.6875 0.0828125 0.2390625
0 0.04453125 0.78671875 0.0890625 0.1859375
0 0.20390625 0.4625 0.11875 0.1890625
0 0.3453125 0.2859375 0.1109375 0.1640625
0 0.04921875 0.2765625 0.0984375 0.1671875
0 0.1296875 0.43359375 0.109375 0.1203125
0 0.02890625 0.4546875 0.0578125 0.153125
0 0.0375 0.15859375 0.075 0.1359375
0 0.89921875 0.090625 0.1078125 0.18125
0 0.12265625 0.04140625 0.140625 0.0828125