0 0.05390625 0.95390625 0.103125 0.0921875
0 0.51796875 0.79765625 0.059375 0.1015625
0 0.32890625 0.746875 0.0859375 0.0515625
0 0.17578125 0.7203125 0.0484375 0.0984375
0 0.4375 0.68671875 0.0390625 0.0921875
0 0.471875 0.66953125 0.0453125 0.0671875
0 0.53515625 0.61328125 0.0453125 0.1109375
0 0.51015625 0.53203125 0.040625 0.0859375
0 0.428125 0.5265625 0.046875 0.0859375
0 0.4828125 0.48046875 0.0640625 0.071875
0 0.584375 0.4703125 0.0515625 0.090625
0 0.57734375 0.6109375 0.0375 0.0671875
0 0.61875 0.6078125 0.0515625 0.0703125
0 0.578125 0.68984375 0.071875 0.096875
0 0.64453125 0.61328125 0.04375 0.0875
0 0.646875 0.69375 0.071875 0.0671875
0 0.62578125 0.76015625 0.078125 0.046875
0 0.634375 0.8328125 0.1109375 0.096875
0 0.7875 0.73125 0.0671875 0.0921875
0 0.709375 0.609375 0.0359375 0.096875
0 0.740625 0.5875 0.034375 0.06875
0 0.77109375 0.58828125 0.0421875 0.0671875
0 0.84765625 0.896875 0.046875 0.084375
0 0.9640625 0.96015625 0.03125 0.0796875
0 0.9265625 0.9296875 0.05625 0.0875
0 0.9734375 0.8578125 0.053125 0.103125
0 0.93515625 0.6453125 0.0578125 0.090625
0 0.98203125 0.6734375 0.0359375 0.1078125
0 0.89453125 0.5953125 0.053125 0.103125
0 0.84765625 0.56796875 0.0578125 0.1140625
0 0.9578125 0.55234375 0.04375 0.065625
0 0.83515625 0.43515625 0.05625 0.0921875
0 0.92734375 0.48359375 0.0453125 0.0609375
0 0.96640625 0.47109375 0.0515625 0.0765625
0 0.84609375 0.1 0.025 0.0609375
0 0.73828125 0.03984375 0.0328125 0.0359375
0 0.69609375 0.040625 0.021875 0.0359375
0 0.58125 0.1015625 0.028125 0.05625
0 0.5328125 0.115625 0.040625 0.0578125
0 0.43046875 0.109375 0.0328125 0.05625
0 0.45625 0.08984375 0.0296875 0.0578125
0 0.36015625 0.0984375 0.0375 0.0609375
0 0.2625 0.1890625 0.0359375 0.065625
0 0.29453125 0.059375 0.0296875 0.05
0 0.45859375 0.0515625 0.0296875 0.05
0 0.51171875 0.046875 0.03125 0.04375
0 0.64453125 0.02734375 0.0578125 0.0546875
0 0.68984375 0.0203125 0.028125 0.0359375
0 0.778125 0.02109375 0.046875 0.0421875
0 0.54296875 0.4125 0.075 0.096875
0 0.2828125 0.29296875 0.046875 0.0453125
0 0.88828125 0.17890625 0.03125 0.053125
0 0.84375 0.18359375 0.0359375 0.0546875
0 0.8140625 0.184375 0.0265625 0.0453125
0 0.72421875 0.19375 0.0375 0.05625
0 0.97265625 0.24296875 0.034375 0.0671875
0 0.9390625 0.2484375 0.0234375 0.05625
0 0.9078125 0.240625 0.025 0.0609375
0 0.95078125 0.32890625 0.0484375 0.08125
0 0.8953125 0.35 0.0546875 0.0609375
0 0.978125 0.3890625 0.04375 0.05625
0 0.796875 0.33828125 0.040625 0.0515625
0 0.7703125 0.34140625 0.0375 0.059375
0 0.8953125 0.284375 0.0359375 0.0515625
0 0.9328125 0.2984375 0.034375 0.0546875
0 0.8609375 0.265625 0.034375 0.075
0 0.7890625 0.2734375 0.0421875 0.0546875
0 0.72578125 0.33125 0.03125 0.053125
0 0.8296875 0.2609375 0.0296875 0.0546875
0 0.76640625 0.23046875 0.05 0.0609375
0 0.71484375 0.2796875 0.03125 0.0375
0 0.684375 0.33359375 0.0328125 0.0765625
0 0.69453125 0.2546875 0.0390625 0.0546875
0 0.65 0.2875 0.0375 0.0765625
0 0.61796875 0.2671875 0.0390625 0.0515625
0 0.5921875 0.28046875 0.025 0.0875
0 0.56875 0.27890625 0.03125 0.0828125
0 0.52734375 0.2890625 0.0453125 0.0828125
0 0.4875 0.284375 0.040625 0.0453125
0 0.45703125 0.33046875 0.065625 0.0625
0 0.365625 0.26953125 0.0328125 0.0609375
0 0.3796875 0.24453125 0.0390625 0.0328125
0 0.40859375 0.321875 0.0359375 0.05625
0 0.42421875 0.2828125 0.0484375 0.0234375
0 0.16953125 0.32734375 0.046875 0.0359375
0 0.15 0.30390625 0.0546875 0.0390625
0 0.1421875 0.3609375 0.0359375 0.046875
0 0.11640625 0.36953125 0.0265625 0.071875
0 0.09609375 0.39296875 0.0375 0.0828125
0 0.059375 0.41015625 0.028125 0.0703125
0 0.021875 0.409375 0.040625 0.08125
0 0.01484375 0.7578125 0.0296875 0.0734375
0 0.05546875 0.73984375 0.0515625 0.0640625
0 0.11875 0.69921875 0.040625 0.065625
0 0.07421875 0.6890625 0.0484375 0.040625
0 0.14609375 0.66875 0.028125 0.05625
0 0.1765625 0.6328125 0.0359375 0.0609375
0 0.13203125 0.6265625 0.0359375 0.0453125
0 0.15390625 0.5875 0.0453125 0.0390625
0 0.10546875 0.57421875 0.0546875 0.0453125
0 0.334375 0.25078125 0.0375 0.0609375
0 0.3125 0.80859375 0.071875 0.078125