0 0.6515625 0.87578125 0.078125 0.0578125
0 0.534375 0.81484375 0.0515625 0.0796875
0 0.615625 0.8578125 0.059375 0.065625
0 0.63046875 0.8125 0.0703125 0.0390625
0 0.80078125 0.7578125 0.071875 0.0765625
0 0.646875 0.76953125 0.0421875 0.0625
0 0.478125 0.7203125 0.0375 0.0671875
0 0.44140625 0.73046875 0.0390625 0.090625
0 0.37890625 0.7796875 0.0640625 0.0625
0 0.3453125 0.84375 0.0640625 0.0859375
0 0.31328125 0.7953125 0.0578125 0.0921875
0 0.846875 0.9515625 0.0609375 0.084375
0 0.928125 0.9703125 0.053125 0.059375
0 0.9625 0.890625 0.06875 0.084375
0 0.93671875 0.703125 0.0640625 0.0953125
0 0.9828125 0.728125 0.034375 0.0875
0 0.8515625 0.6109375 0.0640625 0.096875
0 0.9203125 0.6140625 0.0515625 0.09375
0 0.96015625 0.590625 0.0421875 0.0671875
0 0.85 0.47265625 0.05625 0.0765625
0 0.93515625 0.53046875 0.0421875 0.06875
0 0.97421875 0.51875 0.0453125 0.0703125
0 0.778125 0.63671875 0.0359375 0.0671875
0 0.65 0.7359375 0.0578125 0.05
0 0.6875 0.69140625 0.046875 0.0640625
0 0.7453125 0.63359375 0.028125 0.0578125
0 0.70703125 0.653125 0.0453125 0.0890625
0 0.65390625 0.66796875 0.04375 0.0765625
0 0.62421875 0.66484375 0.0578125 0.0796875
0 0.59609375 0.653125 0.053125 0.1
0 0.5515625 0.63984375 0.0453125 0.09375
0 0.44921875 0.5296875 0.0515625 0.0875
0 0.4953125 0.53203125 0.059375 0.0578125
0 0.5234375 0.575 0.0390625 0.078125
0 0.5875 0.5203125 0.0421875 0.08125
0 0.4765625 0.4296875 0.0375 0.071875
0 0.5734375 0.4390625 0.0515625 0.0671875
0 0.62734375 0.42578125 0.05 0.059375
0 0.984375 0.42578125 0.03125 0.06875
0 0.96171875 0.378125 0.0453125 0.0453125
0 0.91171875 0.384375 0.053125 0.0640625
0 0.96015625 0.3390625 0.0453125 0.04375
0 0.9 0.33203125 0.0265625 0.0546875
0 0.925 0.3203125 0.025 0.040625
0 0.9765625 0.2859375 0.0328125 0.0515625
0 0.93984375 0.290625 0.0265625 0.05625
0 0.91328125 0.28046875 0.0296875 0.0515625
0 0.8640625 0.31640625 0.028125 0.0625
0 0.8359375 0.2984375 0.03125 0.071875
0 0.8828125 0.28515625 0.0328125 0.05625
0 0.87265625 0.24609375 0.0390625 0.0375
0 0.84609375 0.228125 0.0390625 0.059375
0 0.89140625 0.21796875 0.0359375 0.0421875
0 0.6859375 0.3578125 0.0328125 0.0796875
0 0.72578125 0.37109375 0.0328125 0.0625
0 0.771875 0.378125 0.03125 0.0453125
0 0.8078125 0.37734375 0.0421875 0.0640625
0 0.78671875 0.31953125 0.05625 0.0546875
0 0.7296875 0.2421875 0.0453125 0.05
0 0.7734375 0.2703125 0.0421875 0.046875
0 0.81015625 0.26953125 0.046875 0.0421875
0 0.84609375 0.13125 0.0359375 0.0515625
0 0.590625 0.128125 0.0359375 0.05
0 0.5328125 0.14609375 0.0421875 0.05
0 0.703125 0.29140625 0.0296875 0.04375
0 0.721875 0.3234375 0.0390625 0.0421875
0 0.66328125 0.3125 0.034375 0.0703125
0 0.625 0.31171875 0.03125 0.0578125
0 0.5953125 0.30546875 0.03125 0.075
0 0.55234375 0.2828125 0.05 0.0546875
0 0.41015625 0.35234375 0.040625 0.08125
0 0.446875 0.35234375 0.034375 0.0625
0 0.53515625 0.3375 0.0421875 0.0515625
0 0.490625 0.36640625 0.0421875 0.046875
0 0.28828125 0.32421875 0.0515625 0.034375
0 0.33125 0.2953125 0.034375 0.0640625
0 0.36875 0.3125 0.03125 0.0453125
0 0.38515625 0.28671875 0.05 0.0515625
0 0.26328125 0.225 0.03125 0.059375
0 0.359375 0.13125 0.0390625 0.0453125
0 0.3015625 0.096875 0.05 0.059375
0 0.32109375 0.03671875 0.03125 0.053125
0 0.15390625 0.1125 0.05 0.059375
0 0.16328125 0.3453125 0.06875 0.059375
0 0.13984375 0.40703125 0.0328125 0.0515625
0 0.115625 0.425 0.0328125 0.0515625
0 0.09375 0.4484375 0.0296875 0.0640625
0 0.06328125 0.45859375 0.0375 0.0671875
0 0.02421875 0.46328125 0.04375 0.06875
0 0.096875 0.51015625 0.059375 0.071875
0 0.43046875 0.14140625 0.034375 0.0625
0 0.4671875 0.1328125 0.0359375 0.05625
0 0.46328125 0.090625 0.028125 0.0421875
0 0.5203125 0.07421875 0.0421875 0.05625
0 0.6390625 0.06875 0.0484375 0.0578125
0 0.70078125 0.084375 0.028125 0.0359375
0 0.7453125 0.084375 0.0328125 0.0375
0 0.665625 0.0390625 0.0265625 0.0640625
0 0.69375 0.04375 0.028125 0.0625
0 0.7296875 0.04296875 0.0234375 0.06875
0 0.7609375 0.04765625 0.03125 0.05
0 0.78984375 0.04140625 0.03125 0.0625
0 0.821875 0.0296875 0.0296875 0.05
0 0.8765625 0.028125 0.05625 0.0515625
0 0.92734375 0.03515625 0.0328125 0.046875
0 0.0953125 0.97578125 0.0625 0.0484375
0 0.02421875 0.80234375 0.0484375 0.0796875
0 0.071875 0.775 0.0578125 0.096875
0 0.11953125 0.75703125 0.0515625 0.084375
0 0.1515625 0.7203125 0.0375 0.065625
0 0.17734375 0.69296875 0.03125 0.0734375
0 0.1328125 0.68046875 0.05 0.034375
0 0.14609375 0.6375 0.0484375 0.0546875