0 0.19921875 0.77265625 0.23125 0.3015625
0 0.453125 0.8125 0.234375 0.265625
0 0.6578125 0.8109375 0.1265625 0.3390625
0 0.79609375 0.74609375 0.2609375 0.3171875
0 0.77109375 0.52578125 0.16875 0.15625
0 0.7734375 0.4265625 0.153125 0.165625
0 0.90390625 0.37578125 0.13125 0.334375
0 0.80625 0.259375 0.075 0.271875
0 0.9578125 0.33828125 0.084375 0.2234375
0 0.93671875 0.22578125 0.1265625 0.1265625
0 0.384375 0.56328125 0.2015625 0.2671875
0 0.165625 0.5578125 0.128125 0.2671875
0 0.08359375 0.49140625 0.0828125 0.178125
0 0.2875 0.36484375 0.1015625 0.196875
0 0.3671875 0.353125 0.09375 0.2046875
0 0.1796875 0.22578125 0.121875 0.1234375
0 0.346875 0.23203125 0.0953125 0.103125
0 0.565625 0.084375 0.1125 0.1609375
0 0.471875 0.178125 0.084375 0.1375
0 0.428125 0.15078125 0.075 0.090625
0 0.20703125 0.15625 0.10625 0.09375
0 0.26015625 0.10703125 0.090625 0.10625
0 0.34921875 0.0921875 0.1 0.10625
0 0.27265625 0.05859375 0.1078125 0.0703125
0 0.39453125 0.05390625 0.1171875 0.1078125