0 0.80078125 0.77265625 0.23125 0.3015625
0 0.546875 0.8125 0.234375 0.265625
0 0.3421875 0.8109375 0.1265625 0.3390625
0 0.20390625 0.74609375 0.2609375 0.3171875
0 0.22890625 0.52578125 0.16875 0.15625
0 0.2265625 0.4265625 0.153125 0.165625
0 0.09609375 0.37578125 0.13125 0.334375
0 0.19375 0.259375 0.075 0.271875
0 0.0421875 0.33828125 0.084375 0.2234375
0 0.06328125 0.22578125 0.1265625 0.1265625
0 0.615625 0.56328125 0.2 0.2671875
0 0.834375 0.5578125 0.128125 0.2671875
0 0.91640625 0.49140625 0.084375 0.178125
0 0.7125 0.36484375 0.1015625 0.196875
0 0.6328125 0.353125 0.09375 0.2046875
0 0.8203125 0.22578125 0.121875 0.1234375
0 0.653125 0.23203125 0.0953125 0.103125
0 0.434375 0.084375 0.1125 0.1609375
0 0.528125 0.178125 0.084375 0.1375
0 0.571875 0.15078125 0.075 0.090625
0 0.79296875 0.15625 0.10625 0.09375
0 0.73984375 0.10703125 0.090625 0.10625
0 0.65078125 0.0921875 0.1 0.10625
0 0.72734375 0.05859375 0.10625 0.0703125
0 0.60546875 0.05390625 0.1171875 0.1078125