0 0.0921875 0.9703125 0.13125 0.059375
0 0.2484375 0.9546875 0.125 0.090625
0 0.4296875 0.934375 0.1015625 0.13125
0 0.54921875 0.94453125 0.0828125 0.1109375
0 0.6015625 0.83984375 0.1 0.153125
0 0.6703125 0.8125 0.1109375 0.146875
0 0.76796875 0.8109375 0.1140625 0.1375
0 0.7046875 0.7078125 0.128125 0.0859375
0 0.69140625 0.96015625 0.1296875 0.0796875
0 0.8 0.94609375 0.1140625 0.0984375
0 0.9015625 0.9234375 0.1 0.153125
0 0.91875 0.85546875 0.1296875 0.1359375
0 0.10546875 0.83125 0.13125 0.1203125
0 0.3 0.8015625 0.125 0.1265625
0 0.23515625 0.7203125 0.084375 0.1140625
0 0.22421875 0.66640625 0.096875 0.05625
0 0.08359375 0.6875 0.121875 0.0890625
0 0.1078125 0.58671875 0.0796875 0.084375
0 0.16875 0.54609375 0.0765625 0.078125
0 0.059375 0.52265625 0.084375 0.0828125
0 0.13125 0.49453125 0.071875 0.0640625
0 0.2453125 0.5265625 0.0796875 0.0984375
0 0.35390625 0.678125 0.096875 0.1171875
0 0.41953125 0.675 0.0578125 0.0765625
0 0.49453125 0.68359375 0.0796875 0.1078125
0 0.38984375 0.5859375 0.0765625 0.0875
0 0.5484375 0.61171875 0.115625 0.065625
0 0.59375 0.59296875 0.08125 0.090625
0 0.6125 0.5359375 0.0578125 0.0625
0 0.65078125 0.5515625 0.0578125 0.1015625
0 0.72265625 0.62265625 0.096875 0.1046875
0 0.8015625 0.62265625 0.0953125 0.0671875
0 0.875 0.7390625 0.11875 0.09375
0 0.93359375 0.69140625 0.0609375 0.128125
0 0.884375 0.665625 0.0546875 0.075
0 0.884375 0.6125 0.071875 0.0671875
0 0.94765625 0.603125 0.065625 0.0984375
0 0.98046875 0.7375 0.0390625 0.0859375
0 0.81171875 0.5609375 0.065625 0.0875
0 0.7375 0.56171875 0.078125 0.059375
0 0.71328125 0.5125 0.090625 0.0578125
0 0.66015625 0.5046875 0.05625 0.046875
0 0.7171875 0.4703125 0.0734375 0.046875
0 0.66171875 0.43984375 0.075 0.06875
0 0.6390625 0.40390625 0.0796875 0.0546875
0 0.5671875 0.44765625 0.0625 0.1046875
0 0.76171875 0.45703125 0.046875 0.053125
0 0.94375 0.475 0.059375 0.0484375
0 0.96953125 0.56640625 0.0609375 0.0640625
0 0.978125 0.5109375 0.04375 0.0828125
0 0.96875 0.440625 0.059375 0.0484375
0 0.9171875 0.42265625 0.0515625 0.046875
0 0.9546875 0.40390625 0.0546875 0.046875
0 0.95625 0.36796875 0.0625 0.0390625
0 0.98359375 0.3328125 0.0328125 0.0546875
0 0.02421875 0.6375 0.0484375 0.059375
0 0.4953125 0.528125 0.0609375 0.059375
0 0.440625 0.5359375 0.0796875 0.084375
0 0.34453125 0.5390625 0.0625 0.078125
0 0.3359375 0.49453125 0.0734375 0.05
0 0.38125 0.465625 0.0703125 0.0453125
0 0.37734375 0.43515625 0.0625 0.0484375
0 0.35546875 0.4296875 0.0546875 0.0359375
0 0.309375 0.4265625 0.053125 0.0375
0 0.225 0.44375 0.053125 0.04375
0 0.2609375 0.44375 0.0671875 0.04375
0 0.44375 0.4328125 0.0609375 0.084375
0 0.465625 0.4046875 0.0484375 0.0421875
0 0.49609375 0.44609375 0.0546875 0.0484375
0 0.6578125 0.35546875 0.0421875 0.05625
0 0.57578125 0.33828125 0.04375 0.075
0 0.6078125 0.31875 0.0359375 0.0703125
0 0.4375 0.3515625 0.0640625 0.059375
0 0.2734375 0.37890625 0.0671875 0.0546875
0 0.04609375 0.3765625 0.071875 0.0640625
0 0.0140625 0.35859375 0.0234375 0.0546875
0 0.77734375 0.3921875 0.046875 0.053125
0 0.86484375 0.39921875 0.053125 0.034375
0 0.8140625 0.36640625 0.0546875 0.0484375
0 0.76796875 0.3578125 0.0421875 0.0375
0 0.71796875 0.3390625 0.040625 0.071875
0 0.85234375 0.34375 0.0453125 0.0453125
0 0.89765625 0.3265625 0.0546875 0.0359375
0 0.02421875 0.26875 0.04375 0.0390625
0 0.05234375 0.284375 0.0453125 0.0546875
0 0.0703125 0.24921875 0.04375 0.0296875
0 0.02109375 0.21484375 0.021875 0.03125
0 0.034375 0.18984375 0.025 0.025
0 0.0453125 0.22265625 0.0359375 0.0390625
0 0.059375 0.18515625 0.0296875 0.0296875
0 0.07421875 0.20078125 0.025 0.01875
0 0.10078125 0.2375 0.034375 0.0265625
0 0.096875 0.22109375 0.0375 0.028125
0 0.10234375 0.27890625 0.0375 0.0453125
0 0.1484375 0.30546875 0.053125 0.0453125
0 0.146875 0.23203125 0.0234375 0.04375
0 0.0546875 0.10234375 0.025 0.025
0 0.078125 0.1671875 0.0234375 0.01875
0 0.0828125 0.15234375 0.01875 0.01875
0 0.10078125 0.16875 0.021875 0.0265625
0 0.11953125 0.1671875 0.0171875 0.021875
0 0.13671875 0.1671875 0.021875 0.021875
0 0.19296875 0.2578125 0.0515625 0.046875
0 0.3265625 0.2796875 0.05625 0.0328125
0 0.2296875 0.28359375 0.0421875 0.0484375
0 0.246875 0.26484375 0.040625 0.040625
0 0.3203125 0.2421875 0.03125 0.0421875
0 0.3921875 0.253125 0.028125 0.0546875
0 0.475 0.2609375 0.0390625 0.04375
0 0.4578125 0.24765625 0.0296875 0.0328125
0 0.52421875 0.29296875 0.0453125 0.053125
0 0.51796875 0.26484375 0.0359375 0.0390625
0 0.51171875 0.22421875 0.021875 0.0421875
0 0.1734375 0.17578125 0.0296875 0.0359375
0 0.13671875 0.1390625 0.025 0.0234375
0 0.16015625 0.13828125 0.0140625 0.028125
0 0.16953125 0.115625 0.0171875 0.0234375
0 0.14921875 0.10859375 0.021875 0.0265625
0 0.153125 0.08359375 0.0140625 0.028125
0 0.1796875 0.0765625 0.03125 0.025
0 0.18828125 0.09921875 0.0234375 0.0171875
0 0.196875 0.1140625 0.0171875 0.01875
0 0.20625 0.13359375 0.0296875 0.01875
0 0.21171875 0.1828125 0.040625 0.040625
0 0.265625 0.19765625 0.0296875 0.0265625
0 0.27578125 0.21484375 0.0359375 0.0359375
0 0.29375 0.18671875 0.021875 0.034375
0 0.3109375 0.21484375 0.0375 0.0390625
0 0.32109375 0.18203125 0.034375 0.0359375
0 0.35859375 0.209375 0.0375 0.0390625
0 0.40546875 0.19296875 0.0359375 0.03125
0 0.3828125 0.18203125 0.0296875 0.0328125
0 0.3546875 0.17734375 0.0390625 0.028125
0 0.4796875 0.1953125 0.0375 0.0328125
0 0.58203125 0.22578125 0.0421875 0.0546875
0 0.54765625 0.2 0.03125 0.0375
0 0.5203125 0.1953125 0.03125 0.028125
0 0.67890625 0.31484375 0.0640625 0.04375
0 0.6421875 0.28828125 0.0390625 0.04375
0 0.62109375 0.2640625 0.0453125 0.0328125
0 0.65703125 0.253125 0.0515625 0.0234375
0 0.6953125 0.2796875 0.065625 0.0234375
0 0.7875 0.3140625 0.0421875 0.0375
0 0.74609375 0.3125 0.03125 0.0328125
0 0.7375 0.28828125 0.0375 0.0296875
0 0.73984375 0.26875 0.04375 0.028125
0 0.8328125 0.3078125 0.05625 0.028125
0 0.88671875 0.2828125 0.0515625 0.046875
0 0.9453125 0.27734375 0.059375 0.034375
0 0.94453125 0.23828125 0.053125 0.0515625
0 0.8421875 0.26796875 0.0453125 0.0390625
0 0.796875 0.2703125 0.0390625 0.0375
0 0.75703125 0.23671875 0.03125 0.0453125
0 0.71953125 0.2328125 0.040625 0.05625
0 0.65390625 0.228125 0.040625 0.034375
0 0.6765625 0.21796875 0.01875 0.0359375
0 0.6359375 0.215625 0.028125 0.040625
0 0.61328125 0.215625 0.03125 0.040625
0 0.63203125 0.1890625 0.040625 0.0234375
0 0.59453125 0.19296875 0.03125 0.0234375
0 0.59140625 0.165625 0.028125 0.03125
0 0.5796875 0.1484375 0.03125 0.021875
0 0.565625 0.17578125 0.0390625 0.0328125
0 0.55078125 0.15546875 0.0328125 0.028125
0 0.875 0.2265625 0.021875 0.05
0 0.925 0.20859375 0.03125 0.046875
0 0.8984375 0.2046875 0.028125 0.05625
0 0.90859375 0.1765625 0.0265625 0.0296875
0 0.86015625 0.19453125 0.0265625 0.0265625
0 0.81796875 0.225 0.0265625 0.0328125
0 0.7859375 0.22734375 0.0390625 0.034375
0 0.73984375 0.196875 0.034375 0.034375
0 0.765625 0.1671875 0.0265625 0.0296875
0 0.7296875 0.16484375 0.05 0.040625
0 0.8515625 0.1765625 0.025 0.0328125
0 0.88359375 0.16171875 0.0296875 0.0359375
0 0.865625 0.1375 0.0328125 0.021875
0 0.83515625 0.14921875 0.034375 0.0296875
0 0.79453125 0.13984375 0.0484375 0.0359375
0 0.8578125 0.1109375 0.04375 0.021875
0 0.83984375 0.0890625 0.0359375 0.021875
0 0.73359375 0.1203125 0.0578125 0.028125
0 0.68046875 0.11328125 0.034375 0.0203125
0 0.64453125 0.11328125 0.03125 0.0296875
0 0.653125 0.15 0.0484375 0.0375
0 0.4375 0.16640625 0.03125 0.028125
0 0.46015625 0.1265625 0.0234375 0.040625
0 0.496875 0.15234375 0.025 0.025
0 0.52734375 0.1359375 0.0390625 0.028125
0 0.59375 0.10078125 0.01875 0.0296875
0 0.56484375 0.1078125 0.01875 0.0234375
0 0.52890625 0.09453125 0.015625 0.028125
0 0.51328125 0.07421875 0.0171875 0.028125
0 0.52734375 0.08125 0.0125 0.0203125
0 0.41953125 0.1296875 0.0171875 0.0328125
0 0.40234375 0.11875 0.0171875 0.03125
0 0.38515625 0.11640625 0.03125 0.0328125
0 0.340625 0.1421875 0.015625 0.0296875
0 0.36015625 0.13984375 0.0203125 0.028125
0 0.384375 0.14453125 0.0296875 0.015625
0 0.28359375 0.11640625 0.021875 0.015625
0 0.2703125 0.1 0.0234375 0.0203125
0 0.234375 0.10078125 0.03125 0.0234375
0 0.21875 0.07109375 0.04375 0.021875
0 0.328125 0.08515625 0.0140625 0.0203125
0 0.35078125 0.0828125 0.01875 0.01875
0 0.2890625 0.07109375 0.0296875 0.021875
0 0.32265625 0.06875 0.0203125 0.01875
0 0.36015625 0.065625 0.0234375 0.025
0 0.3890625 0.0671875 0.025 0.028125
0 0.4171875 0.06640625 0.034375 0.0296875
0 0.29921875 0.053125 0.03125 0.0125
0 0.3359375 0.05234375 0.0328125 0.015625
0 0.44609375 0.059375 0.0203125 0.028125
0 0.4734375 0.05625 0.028125 0.0265625
0 0.4640625 0.08046875 0.034375 0.0234375
0 0.57734375 0.07265625 0.028125 0.01875
0 0.61015625 0.07265625 0.03125 0.021875
0 0.6140625 0.05234375 0.034375 0.0203125
0 0.63046875 0.08671875 0.0328125 0.0484375
0 0.65625 0.0578125 0.015625 0.025
0 0.67421875 0.05546875 0.01875 0.025
0 0.7 0.0640625 0.03125 0.0296875
0 0.725 0.07109375 0.0203125 0.0375
0 0.75234375 0.071875 0.028125 0.0375
0 0.815625 0.0671875 0.01875 0.034375
0 0.83671875 0.06796875 0.028125 0.034375
0 0.6390625 0.059375 0.0203125 0.0328125