0 0.7796875 0.85703125 0.19375 0.275
0 0.90859375 0.93671875 0.1828125 0.1109375
0 0.85390625 0.7390625 0.1953125 0.1265625
0 0.9484375 0.734375 0.103125 0.190625
0 0.91875 0.59921875 0.1625 0.090625
0 0.75703125 0.63984375 0.1484375 0.11875
0 0.88984375 0.66015625 0.2 0.084375
0 0.36171875 0.896875 0.24375 0.20625
0 0.5765625 0.95 0.175 0.1
0 0.48359375 0.85390625 0.278125 0.08125
0 0.51640625 0.77265625 0.1703125 0.09375
0 0.640625 0.75 0.26875 0.1453125
0 0.584375 0.69296875 0.1765625 0.0890625
0 0.60078125 0.6390625 0.1375 0.0875
0 0.64140625 0.5796875 0.14375 0.128125
0 0.790625 0.546875 0.090625 0.0765625
0 0.46171875 0.61328125 0.1203125 0.15625
0 0.39140625 0.57421875 0.0859375 0.1328125
0 0.25 0.621875 0.2265625 0.1375
0 0.16171875 0.63125 0.084375 0.0921875
0 0.11484375 0.55234375 0.1203125 0.103125
0 0.03203125 0.6515625 0.0640625 0.096875
0 0.06171875 0.7453125 0.1234375 0.10625
0 0.1015625 0.815625 0.203125 0.2
0 0.1125 0.9203125 0.225 0.159375
0 0.2328125 0.91875 0.153125 0.1625
0 0.21171875 0.7765625 0.1140625 0.09375
0 0.3484375 0.7796875 0.203125 0.103125
0 0.32421875 0.7328125 0.1921875 0.09375
0 0.3265625 0.4953125 0.1 0.040625
0 0.24296875 0.50859375 0.1078125 0.0484375
0 0.42109375 0.4625 0.078125 0.0375
0 0.50859375 0.45 0.0390625 0.0421875
0 0.6171875 0.51484375 0.159375 0.03125
0 0.58828125 0.4453125 0.0328125 0.0484375
0 0.65 0.4796875 0.0625 0.040625
0 0.678125 0.4671875 0.0546875 0.03125
0 0.64921875 0.45 0.034375 0.0203125
0 0.8328125 0.49296875 0.075 0.0296875
0 0.85703125 0.475 0.059375 0.0515625
0 0.91171875 0.47265625 0.0484375 0.075
0 0.978125 0.475 0.04375 0.040625
0 0.959375 0.4546875 0.053125 0.0453125
0 0.98203125 0.4296875 0.034375 0.0390625
0 0.83828125 0.4578125 0.1046875 0.03125
0 0.79296875 0.45234375 0.0296875 0.0328125
0 0.765625 0.45234375 0.028125 0.0359375
0 0.72578125 0.459375 0.065625 0.0265625
0 0.6765625 0.44375 0.0359375 0.0203125
0 0.6609375 0.43671875 0.0421875 0.0265625
0 0.69375 0.43125 0.03125 0.0203125
0 0.73671875 0.4359375 0.05625 0.0265625
0 0.66796875 0.4203125 0.071875 0.01875
0 0.62109375 0.4171875 0.01875 0.0296875
0 0.55546875 0.43359375 0.0421875 0.0265625
0 0.728125 0.40859375 0.0390625 0.03125
0 0.76796875 0.4171875 0.05 0.0359375
0 0.80625 0.4109375 0.0203125 0.0171875
0 0.809375 0.4234375 0.0625 0.0390625
0 0.85546875 0.42265625 0.0390625 0.0328125
0 0.91875 0.42421875 0.053125 0.0296875
0 0.87578125 0.43125 0.04375 0.03125
0 0.95390625 0.42734375 0.03125 0.025
0 0.96640625 0.52890625 0.0671875 0.0421875
0 0.45703125 0.47578125 0.05 0.0265625