0 0.2203125 0.85703125 0.19375 0.275
0 0.09140625 0.93671875 0.1828125 0.1109375
0 0.14609375 0.7390625 0.1953125 0.1265625
0 0.0515625 0.734375 0.103125 0.190625
0 0.08125 0.59921875 0.1625 0.090625
0 0.24296875 0.63984375 0.1484375 0.11875
0 0.11015625 0.66015625 0.2 0.084375
0 0.63828125 0.896875 0.24375 0.20625
0 0.4234375 0.95 0.175 0.1
0 0.51640625 0.85390625 0.278125 0.08125
0 0.48359375 0.77265625 0.1703125 0.09375
0 0.359375 0.75 0.26875 0.1453125
0 0.415625 0.69296875 0.1765625 0.0890625
0 0.39921875 0.6390625 0.1390625 0.0875
0 0.35859375 0.5796875 0.14375 0.128125
0 0.209375 0.546875 0.090625 0.0765625
0 0.53828125 0.61328125 0.1203125 0.15625
0 0.60859375 0.57421875 0.0859375 0.1328125
0 0.75 0.621875 0.2265625 0.1375
0 0.83828125 0.63125 0.084375 0.0921875
0 0.88515625 0.55234375 0.1203125 0.103125
0 0.96796875 0.6515625 0.0640625 0.096875
0 0.93828125 0.7453125 0.1234375 0.10625
0 0.8984375 0.815625 0.203125 0.2
0 0.8875 0.9203125 0.225 0.159375
0 0.7671875 0.91875 0.153125 0.1625
0 0.78828125 0.7765625 0.1140625 0.09375
0 0.6515625 0.7796875 0.203125 0.103125
0 0.67578125 0.7328125 0.1921875 0.09375
0 0.6734375 0.4953125 0.1 0.040625
0 0.75703125 0.50859375 0.10625 0.0484375
0 0.57890625 0.4625 0.078125 0.0375
0 0.49140625 0.45 0.0390625 0.0421875
0 0.3828125 0.51484375 0.159375 0.03125
0 0.41171875 0.4453125 0.03125 0.0484375
0 0.35 0.4796875 0.0625 0.040625
0 0.321875 0.4671875 0.0546875 0.03125
0 0.35078125 0.45 0.034375 0.0203125
0 0.1671875 0.49296875 0.075 0.0296875
0 0.14296875 0.475 0.059375 0.0515625
0 0.08828125 0.47265625 0.0484375 0.075
0 0.021875 0.475 0.04375 0.040625
0 0.040625 0.4546875 0.053125 0.0453125
0 0.01796875 0.4296875 0.034375 0.0390625
0 0.16171875 0.4578125 0.1046875 0.03125
0 0.20703125 0.45234375 0.0296875 0.0328125
0 0.234375 0.45234375 0.028125 0.0359375
0 0.27421875 0.459375 0.065625 0.0265625
0 0.3234375 0.44375 0.0359375 0.0203125
0 0.3390625 0.43671875 0.0421875 0.0265625
0 0.30625 0.43125 0.03125 0.0203125
0 0.26328125 0.4359375 0.05625 0.0265625
0 0.33203125 0.4203125 0.071875 0.01875
0 0.37890625 0.4171875 0.01875 0.0296875
0 0.44453125 0.43359375 0.0421875 0.0265625
0 0.271875 0.40859375 0.0390625 0.03125
0 0.23203125 0.4171875 0.05 0.0359375
0 0.19375 0.4109375 0.021875 0.0171875
0 0.190625 0.4234375 0.0625 0.0390625
0 0.14453125 0.42265625 0.0390625 0.0328125
0 0.08125 0.42421875 0.053125 0.0296875
0 0.12421875 0.43125 0.04375 0.03125
0 0.04609375 0.42734375 0.03125 0.025
0 0.03359375 0.52890625 0.0671875 0.0421875
0 0.54296875 0.47578125 0.05 0.0265625