0 0.73359375 0.8359375 0.1578125 0.2390625
0 0.56796875 0.921875 0.209375 0.1515625
0 0.4359375 0.940625 0.1765625 0.1171875
0 0.1921875 0.959375 0.1375 0.08125
0 0.278125 0.884375 0.253125 0.13125
0 0.31484375 0.76953125 0.1875 0.1125
0 0.20546875 0.8015625 0.1734375 0.1
0 0.10703125 0.7765625 0.171875 0.0765625
0 0.1125 0.725 0.0890625 0.0625
0 0.0453125 0.7359375 0.090625 0.0828125
0 0.0359375 0.68046875 0.071875 0.0578125
0 0.12265625 0.64140625 0.1375 0.1046875
0 0.01640625 0.63125 0.0328125 0.0390625
0 0.228125 0.68515625 0.134375 0.0734375
0 0.51875 0.7578125 0.1203125 0.0953125
0 0.73359375 0.68125 0.1921875 0.0625
0 0.96953125 0.83671875 0.0609375 0.1859375
0 0.71328125 0.621875 0.103125 0.0546875
0 0.43203125 0.63671875 0.1109375 0.0625
0 0.39765625 0.60625 0.1046875 0.0734375
0 0.35078125 0.57734375 0.1171875 0.1140625
0 0.24609375 0.5984375 0.071875 0.0359375
0 0.1671875 0.58828125 0.090625 0.071875
0 0.2734375 0.57265625 0.071875 0.053125
0 0.04296875 0.54765625 0.0859375 0.0984375
0 0.58046875 0.57890625 0.0890625 0.0421875
0 0.53046875 0.5703125 0.0734375 0.05
0 0.48515625 0.565625 0.0875 0.059375
0 0.6546875 0.57578125 0.0890625 0.075
0 0.7125 0.5578125 0.05625 0.028125
0 0.7765625 0.58359375 0.109375 0.0875
0 0.92109375 0.57890625 0.125 0.040625
0 0.94921875 0.55078125 0.0875 0.0296875
0 0.87421875 0.54609375 0.075 0.034375
0 0.82265625 0.53203125 0.0640625 0.028125
0 0.77421875 0.5109375 0.0796875 0.0375
0 0.721875 0.521875 0.0765625 0.0359375
0 0.66171875 0.51875 0.04375 0.034375
0 0.61875 0.528125 0.05 0.0546875
0 0.56484375 0.54453125 0.05 0.0296875
0 0.59140625 0.49921875 0.0515625 0.040625
0 0.571875 0.4890625 0.03125 0.046875
0 0.52890625 0.50078125 0.071875 0.05625
0 0.4609375 0.51484375 0.05 0.065625
0 0.39375 0.50625 0.084375 0.0484375
0 0.334375 0.50234375 0.046875 0.040625
0 0.296875 0.5140625 0.084375 0.040625
0 0.225 0.52578125 0.078125 0.059375
0 0.17109375 0.52421875 0.0703125 0.059375
0 0.1171875 0.53671875 0.0875 0.0625