0 0.21328125 0.765625 0.23125 0.4453125
0 0.1140625 0.365625 0.228125 0.25625
0 0.07265625 0.6171875 0.1453125 0.328125
0 0.57578125 0.828125 0.35 0.34375
0 0.3734375 0.53984375 0.246875 0.340625
0 0.5546875 0.59453125 0.328125 0.2484375
0 0.34765625 0.346875 0.21875 0.2328125
0 0.6125 0.334375 0.25625 0.2890625
0 0.76796875 0.4296875 0.2546875 0.21875
0 0.77890625 0.66640625 0.2875 0.378125
0 0.91015625 0.8078125 0.1796875 0.38125
0 0.4859375 0.203125 0.2015625 0.25
0 0.34609375 0.0953125 0.2390625 0.165625
0 0.55234375 0.071875 0.134375 0.1265625
0 0.71328125 0.14609375 0.2640625 0.2921875
0 0.91328125 0.16796875 0.1734375 0.3359375