0 0.3234375 0.89140625 0.1859375 0.1890625
0 0.38046875 0.75703125 0.1625 0.2046875
0 0.62890625 0.71875 0.1796875 0.1640625
0 0.80703125 0.82421875 0.1375 0.25
0 0.73046875 0.60078125 0.1171875 0.1375
0 0.14375 0.825 0.1546875 0.18125
0 0.0296875 0.75078125 0.059375 0.1390625
0 0.06953125 0.71953125 0.0140625 0.003125
0 0.21796875 0.62109375 0.0796875 0.1328125
0 0.14609375 0.6296875 0.0984375 0.1234375
0 0.04296875 0.6515625 0.0859375 0.0984375
0 0.5875 0.55390625 0.071875 0.0953125
0 0.50390625 0.5265625 0.078125 0.115625
0 0.57109375 0.48515625 0.0546875 0.0640625
0 0.5875 0.4671875 0.040625 0.065625
0 0.62109375 0.49765625 0.0296875 0.0828125
0 0.7265625 0.48046875 0.059375 0.0890625
0 0.7515625 0.54453125 0.103125 0.0984375
0 0.7859375 0.4875 0.078125 0.09375
0 0.83828125 0.51328125 0.0859375 0.1109375
0 0.84140625 0.61484375 0.0953125 0.1171875
0 0.890625 0.4796875 0.08125 0.071875
0 0.3375 0.53359375 0.075 0.1234375
0 0.26796875 0.565625 0.0859375 0.08125
0 0.24375 0.5125 0.0375 0.053125
0 0.284375 0.50234375 0.046875 0.0765625
0 0.37890625 0.49140625 0.0859375 0.1015625
0 0.11640625 0.58125 0.0953125 0.075
0 0.02578125 0.58515625 0.0515625 0.0703125
0 0.078125 0.559375 0.0875 0.05625
0 0.9546875 0.41640625 0.090625 0.0953125
0 0.85546875 0.38046875 0.0953125 0.0984375
0 0.775 0.38984375 0.071875 0.0671875
0 0.69765625 0.41796875 0.0671875 0.1109375
0 0.6125 0.3859375 0.05 0.06875
0 0.44921875 0.48125 0.0515625 0.096875
0 0.49765625 0.4546875 0.0640625 0.065625
0 0.7734375 0.3203125 0.065625 0.065625
0 0.79453125 0.28984375 0.0734375 0.0609375
0 0.84921875 0.2671875 0.0515625 0.053125
0 0.80390625 0.2515625 0.0671875 0.034375
0 0.02265625 0.53046875 0.0453125 0.0515625
0 0.0859375 0.50703125 0.0640625 0.0609375
0 0.028125 0.48125 0.040625 0.0515625
0 0.0796875 0.47578125 0.071875 0.03125
0 0.04140625 0.4515625 0.0609375 0.0375
0 0.1203125 0.45390625 0.034375 0.059375
0 0.128125 0.42421875 0.065625 0.034375
0 0.2359375 0.44296875 0.05 0.1046875
0 0.4453125 0.40234375 0.0453125 0.08125
0 0.3984375 0.409375 0.059375 0.0765625
0 0.6109375 0.334375 0.0453125 0.0609375
0 0.67265625 0.2828125 0.0484375 0.0421875
0 0.96640625 0.259375 0.03125 0.065625
0 0.946875 0.25859375 0.0328125 0.0609375
0 0.49375 0.365625 0.0453125 0.0515625
0 0.8671875 0.22890625 0.021875 0.040625
0 0.8515625 0.22734375 0.021875 0.0296875
0 0.98828125 0.26953125 0.0234375 0.0890625
0 0.83515625 0.22109375 0.0328125 0.0328125
0 0.8046875 0.2203125 0.028125 0.0359375
0 0.771875 0.22421875 0.053125 0.05
0 0.76640625 0.20859375 0.0203125 0.0234375
0 0.75 0.20625 0.025 0.025
0 0.734375 0.20234375 0.01875 0.0234375
0 0.72109375 0.19921875 0.0296875 0.03125
0 0.68984375 0.1984375 0.0421875 0.0359375
0 0.66328125 0.19765625 0.0390625 0.0359375
0 0.709375 0.21953125 0.0390625 0.0328125
0 0.71953125 0.23984375 0.0515625 0.0375
0 0.721875 0.2625 0.053125 0.0484375
0 0.6734375 0.2375 0.05 0.03125
0 0.609375 0.28203125 0.0625 0.05625
0 0.5390625 0.33984375 0.04375 0.0578125
0 0.52265625 0.30078125 0.04375 0.0421875
0 0.521875 0.27265625 0.0421875 0.03125
0 0.50703125 0.26796875 0.021875 0.046875
0 0.4984375 0.34140625 0.0578125 0.0234375
0 0.4453125 0.36328125 0.04375 0.0421875
0 0.43515625 0.3390625 0.0328125 0.0359375
0 0.49140625 0.240625 0.0265625 0.0296875
0 0.40546875 0.32734375 0.0296875 0.0421875
0 0.3921875 0.31640625 0.034375 0.0421875
0 0.4046875 0.28828125 0.04375 0.0375
0 0.3484375 0.296875 0.053125 0.0375
0 0.3671875 0.32734375 0.053125 0.034375
0 0.38671875 0.36953125 0.03125 0.0578125
0 0.3390625 0.38984375 0.046875 0.0484375
0 0.3015625 0.37578125 0.04375 0.0375
0 0.3203125 0.346875 0.0453125 0.0359375
0 0.35625 0.36171875 0.05 0.0359375
0 0.27890625 0.34921875 0.0390625 0.0359375
0 0.2703125 0.39140625 0.046875 0.0515625
0 0.2375 0.37578125 0.040625 0.0375
0 0.19609375 0.38515625 0.0625 0.0640625
0 0.0703125 0.41328125 0.040625 0.0328125
0 0.07734375 0.39296875 0.0421875 0.0359375
0 0.08515625 0.36640625 0.021875 0.0484375
0 0.1546875 0.34296875 0.028125 0.0453125
0 0.1828125 0.32421875 0.0328125 0.034375
0 0.25 0.303125 0.025 0.0328125
0 0.2140625 0.33671875 0.0171875 0.0390625
0 0.58203125 0.20390625 0.025 0.03125
0 0.5890625 0.18671875 0.0359375 0.025
0 0.46875 0.1953125 0.01875 0.0234375
0 0.4796875 0.17265625 0.03125 0.025
0 0.4375 0.184375 0.025 0.0296875
0 0.44375 0.20625 0.0328125 0.0265625
0 0.4546875 0.23125 0.028125 0.0234375
0 0.41875 0.2390625 0.025 0.040625
0 0.4125 0.209375 0.028125 0.0265625
0 0.365625 0.2390625 0.0203125 0.0234375
0 0.3453125 0.265625 0.046875 0.025
0 0.334375 0.24296875 0.0203125 0.0296875
0 0.3171875 0.24765625 0.025 0.03125
0 0.3015625 0.253125 0.021875 0.025
0 0.2609375 0.2796875 0.0265625 0.028125
0 0.284375 0.27265625 0.040625 0.0265625
0 0.10625 0.3140625 0.040625 0.03125
0 0.1703125 0.296875 0.0296875 0.0375
0 0.140625 0.31171875 0.021875 0.0453125
0 0.1203125 0.290625 0.0265625 0.0234375
0 0.1796875 0.25859375 0.01875 0.0296875
0 0.1546875 0.26796875 0.028125 0.0296875
0 0.24296875 0.26015625 0.0359375 0.040625
0 0.271875 0.23515625 0.034375 0.0296875
0 0.3265625 0.22421875 0.028125 0.025
0 0.2953125 0.234375 0.025 0.0296875