0 0.72578125 0.98046875 0.1390625 0.0359375
0 0.4671875 0.9265625 0.1046875 0.1265625
0 0.31484375 0.92578125 0.13125 0.0765625
0 0.39375 0.74765625 0.1296875 0.0640625
0 0.3515625 0.8140625 0.0734375 0.0984375
0 0.2890625 0.7546875 0.1109375 0.0765625
0 0.21484375 0.76953125 0.0859375 0.1171875
0 0.18359375 0.7046875 0.090625 0.0796875
0 0.23515625 0.6515625 0.1171875 0.0625
0 0.303125 0.6375 0.103125 0.05
0 0.38671875 0.62109375 0.1 0.04375
0 0.415625 0.66953125 0.1171875 0.065625
0 0.746875 0.81015625 0.1765625 0.0671875
0 0.82421875 0.87265625 0.1015625 0.1359375
0 0.9421875 0.88359375 0.1078125 0.1203125
0 0.96015625 0.73125 0.0796875 0.1203125
0 0.86015625 0.67109375 0.1015625 0.0859375
0 0.74140625 0.67890625 0.0875 0.065625
0 0.6 0.65078125 0.1171875 0.0703125
0 0.51328125 0.6578125 0.0921875 0.0671875
0 0.571875 0.57734375 0.08125 0.0703125
0 0.771875 0.5515625 0.06875 0.0703125
0 0.825 0.59453125 0.0796875 0.0609375
0 0.93828125 0.59375 0.084375 0.071875
0 0.65859375 0.509375 0.0796875 0.065625
0 0.7546875 0.49921875 0.0984375 0.046875
0 0.840625 0.4984375 0.0921875 0.05625
0 0.853125 0.55546875 0.10625 0.04375
0 0.95234375 0.5546875 0.0953125 0.0546875
0 0.846875 0.45859375 0.0875 0.0359375
0 0.76953125 0.4484375 0.0796875 0.046875
0 0.76328125 0.41875 0.0640625 0.0390625
0 0.746875 0.38203125 0.0578125 0.05
0 0.69375 0.36796875 0.05625 0.065625
0 0.79609375 0.35625 0.0625 0.03125
0 0.84296875 0.3703125 0.0828125 0.034375
0 0.86484375 0.396875 0.0875 0.046875
0 0.9640625 0.384375 0.071875 0.053125
0 0.97890625 0.4421875 0.0421875 0.0375
0 0.90546875 0.30859375 0.065625 0.03125
0 0.79453125 0.2984375 0.046875 0.034375
0 0.80625 0.2671875 0.0375 0.034375
0 0.7734375 0.26015625 0.05625 0.03125
0 0.7140625 0.271875 0.046875 0.03125
0 0.69296875 0.30546875 0.0578125 0.0234375
0 0.6921875 0.334375 0.0671875 0.025
0 0.96875 0.28515625 0.0578125 0.0609375
0 0.93203125 0.24921875 0.075 0.05
0 0.86875 0.253125 0.0515625 0.0421875
0 0.87890625 0.21875 0.059375 0.0265625
0 0.79921875 0.23359375 0.0671875 0.0265625
0 0.78359375 0.2078125 0.06875 0.0375
0 0.9796875 0.2109375 0.040625 0.034375
0 0.9359375 0.2 0.05625 0.0296875
0 0.8390625 0.19453125 0.04375 0.03125
0 0.8859375 0.2 0.0546875 0.040625
0 0.7625 0.17265625 0.05 0.0296875
0 0.66171875 0.41875 0.05 0.0515625
0 0.63359375 0.4625 0.0734375 0.04375
0 0.534375 0.4828125 0.0703125 0.071875
0 0.4703125 0.5234375 0.0796875 0.04375
0 0.48671875 0.49765625 0.065625 0.040625
0 0.58671875 0.48828125 0.0703125 0.0453125
0 0.5828125 0.45 0.0703125 0.04375
0 0.603125 0.42421875 0.05625 0.0390625
0 0.55 0.4265625 0.065625 0.03125
0 0.61875 0.409375 0.0640625 0.0328125
0 0.6 0.38046875 0.0578125 0.046875
0 0.54921875 0.3921875 0.071875 0.040625
0 0.34609375 0.58515625 0.0625 0.0578125
0 0.275 0.57265625 0.09375 0.053125
0 0.2328125 0.61328125 0.090625 0.0453125
0 0.1453125 0.61796875 0.078125 0.0625
0 0.096875 0.58671875 0.0546875 0.046875
0 0.1546875 0.55 0.078125 0.0515625
0 0.19765625 0.53984375 0.08125 0.0515625
0 0.11171875 0.52265625 0.10625 0.040625
0 0.09296875 0.4984375 0.1015625 0.0390625
0 0.07109375 0.46875 0.0921875 0.040625
0 0.05625 0.4375 0.0703125 0.0375
0 0.09140625 0.42421875 0.078125 0.04375
0 0.16953125 0.4484375 0.0640625 0.05625
0 0.2171875 0.43046875 0.0671875 0.05625
0 0.2828125 0.459375 0.0609375 0.046875
0 0.28671875 0.49921875 0.084375 0.05
0 0.21953125 0.490625 0.0546875 0.0390625
0 0.34375 0.453125 0.0453125 0.05625
0 0.42578125 0.4421875 0.053125 0.0359375
0 0.375 0.40859375 0.05625 0.034375
0 0.2609375 0.39453125 0.05 0.0359375
0 0.31015625 0.38203125 0.04375 0.0359375
0 0.32109375 0.36328125 0.0515625 0.0234375
0 0.36171875 0.36796875 0.0578125 0.0375
0 0.41796875 0.384375 0.0375 0.0640625
0 0.44453125 0.3703125 0.0453125 0.0328125
0 0.40625 0.34765625 0.065625 0.0265625
0 0.3578125 0.3390625 0.04375 0.0375
0 0.3109375 0.3375 0.0578125 0.0453125
0 0.2671875 0.35234375 0.0515625 0.0484375
0 0.16328125 0.3953125 0.0765625 0.034375
0 0.16953125 0.36328125 0.065625 0.04375
0 0.0796875 0.39609375 0.0640625 0.025
0 0.09140625 0.37421875 0.0640625 0.034375
0 0.09453125 0.340625 0.05625 0.0375
0 0.02890625 0.37578125 0.0578125 0.0375
0 0.0328125 0.33359375 0.046875 0.03125
0 0.15390625 0.32421875 0.0671875 0.040625
0 0.490625 0.3453125 0.0484375 0.03125
0 0.45234375 0.33671875 0.04375 0.0359375
0 0.4078125 0.31953125 0.0359375 0.028125
0 0.37734375 0.29921875 0.046875 0.0296875
0 0.32734375 0.2921875 0.05625 0.0265625
0 0.35859375 0.28125 0.059375 0.025
0 0.37109375 0.26640625 0.065625 0.0234375
0 0.42265625 0.28828125 0.0546875 0.03125
0 0.48671875 0.2984375 0.0703125 0.0296875
0 0.50703125 0.284375 0.0234375 0.0015625
0 0.51015625 0.31484375 0.0359375 0.0359375
0 0.54765625 0.32734375 0.053125 0.03125
0 0.6015625 0.33671875 0.059375 0.03125
0 0.6 0.315625 0.0359375 0.025
0 0.62890625 0.30234375 0.0609375 0.03125
0 0.6625 0.27890625 0.059375 0.0265625
0 0.646875 0.27109375 0.0796875 0.0390625
0 0.59453125 0.2609375 0.040625 0.0390625
0 0.56796875 0.290625 0.05 0.0375
0 0.55625 0.27265625 0.0390625 0.028125
0 0.51015625 0.275 0.0625 0.028125
0 0.465625 0.2609375 0.040625 0.028125
0 0.44296875 0.24453125 0.0296875 0.03125
0 0.48203125 0.23515625 0.0375 0.03125
0 0.53125 0.24375 0.04375 0.0296875
0 0.521875 0.21953125 0.046875 0.0328125
0 0.5578125 0.22578125 0.0484375 0.0296875
0 0.63671875 0.2359375 0.053125 0.034375
0 0.5859375 0.21328125 0.0375 0.0328125
0 0.62734375 0.2046875 0.034375 0.028125
0 0.70859375 0.23046875 0.0484375 0.028125
0 0.7328125 0.2078125 0.034375 0.0296875
0 0.803125 0.1734375 0.0359375 0.0234375
0 0.2859375 0.265625 0.0265625 0.0375
0 0.290625 0.24140625 0.04375 0.0296875
0 0.3296875 0.23515625 0.04375 0.0296875
0 0.37890625 0.228125 0.0375 0.0265625
0 0.41796875 0.21796875 0.034375 0.01875
0 0.44453125 0.2046875 0.0375 0.021875
0 0.478125 0.203125 0.0375 0.0328125
0 0.51640625 0.1953125 0.046875 0.025
0 0.55390625 0.1890625 0.034375 0.0234375
0 0.58984375 0.175 0.040625 0.025
0 0.62734375 0.17109375 0.0546875 0.0359375