0 0.27421875 0.98046875 0.1390625 0.0359375
0 0.5328125 0.9265625 0.1046875 0.1265625
0 0.68515625 0.92578125 0.13125 0.0765625
0 0.60625 0.74765625 0.1296875 0.0640625
0 0.6484375 0.8140625 0.0734375 0.0984375
0 0.7109375 0.7546875 0.1109375 0.0765625
0 0.78515625 0.76953125 0.0859375 0.1171875
0 0.81640625 0.7046875 0.090625 0.0796875
0 0.76484375 0.6515625 0.1171875 0.0625
0 0.696875 0.6375 0.103125 0.05
0 0.61328125 0.62109375 0.1 0.04375
0 0.584375 0.66953125 0.1171875 0.065625
0 0.253125 0.81015625 0.1765625 0.0671875
0 0.17578125 0.87265625 0.1015625 0.1359375
0 0.0578125 0.88359375 0.1078125 0.1203125
0 0.03984375 0.73125 0.0796875 0.1203125
0 0.13984375 0.67109375 0.1015625 0.0859375
0 0.25859375 0.67890625 0.0875 0.065625
0 0.4 0.65078125 0.1171875 0.0703125
0 0.48671875 0.6578125 0.090625 0.0671875
0 0.428125 0.57734375 0.08125 0.0703125
0 0.228125 0.5515625 0.06875 0.0703125
0 0.175 0.59453125 0.0796875 0.0609375
0 0.06171875 0.59375 0.084375 0.071875
0 0.34140625 0.509375 0.0796875 0.065625
0 0.2453125 0.49921875 0.0984375 0.046875
0 0.159375 0.4984375 0.0921875 0.05625
0 0.146875 0.55546875 0.1078125 0.04375
0 0.04765625 0.5546875 0.0953125 0.0546875
0 0.153125 0.45859375 0.0875 0.0359375
0 0.23046875 0.4484375 0.0796875 0.046875
0 0.23671875 0.41875 0.0640625 0.0390625
0 0.253125 0.38203125 0.0578125 0.05
0 0.30625 0.36796875 0.0546875 0.065625
0 0.20390625 0.35625 0.0609375 0.03125
0 0.15703125 0.3703125 0.0828125 0.034375
0 0.13515625 0.396875 0.0875 0.046875
0 0.0359375 0.384375 0.071875 0.053125
0 0.02109375 0.4421875 0.0421875 0.0375
0 0.09453125 0.30859375 0.065625 0.03125
0 0.20546875 0.2984375 0.046875 0.034375
0 0.19375 0.2671875 0.0375 0.034375
0 0.2265625 0.26015625 0.05625 0.03125
0 0.2859375 0.271875 0.046875 0.03125
0 0.30703125 0.30546875 0.05625 0.0234375
0 0.3078125 0.334375 0.0671875 0.025
0 0.03125 0.28515625 0.0578125 0.0609375
0 0.06796875 0.24921875 0.075 0.05
0 0.13125 0.253125 0.0515625 0.0421875
0 0.12109375 0.21875 0.059375 0.0265625
0 0.20078125 0.23359375 0.0671875 0.0265625
0 0.21640625 0.2078125 0.06875 0.0375
0 0.0203125 0.2109375 0.040625 0.034375
0 0.0640625 0.2 0.05625 0.0296875
0 0.1609375 0.19453125 0.04375 0.03125
0 0.1140625 0.2 0.0546875 0.040625
0 0.2375 0.17265625 0.05 0.0296875
0 0.33828125 0.41875 0.0484375 0.0515625
0 0.36640625 0.4625 0.0734375 0.04375
0 0.465625 0.4828125 0.0703125 0.071875
0 0.5296875 0.5234375 0.0796875 0.04375
0 0.51328125 0.49765625 0.065625 0.040625
0 0.41328125 0.48828125 0.071875 0.0453125
0 0.4171875 0.45 0.071875 0.04375
0 0.396875 0.42421875 0.05625 0.0390625
0 0.45 0.4265625 0.065625 0.03125
0 0.38125 0.409375 0.0640625 0.0328125
0 0.4 0.38046875 0.0578125 0.046875
0 0.45078125 0.3921875 0.071875 0.040625
0 0.65390625 0.58515625 0.0625 0.0578125
0 0.725 0.57265625 0.09375 0.053125
0 0.7671875 0.61328125 0.090625 0.0453125
0 0.8546875 0.61796875 0.078125 0.0625
0 0.903125 0.58671875 0.0546875 0.046875
0 0.8453125 0.55 0.078125 0.0515625
0 0.80234375 0.53984375 0.08125 0.0515625
0 0.88828125 0.52265625 0.10625 0.040625
0 0.90703125 0.4984375 0.1015625 0.0390625
0 0.92890625 0.46875 0.0921875 0.040625
0 0.94375 0.4375 0.0703125 0.0375
0 0.90859375 0.42421875 0.078125 0.04375
0 0.83046875 0.4484375 0.0640625 0.05625
0 0.7828125 0.43046875 0.0671875 0.05625
0 0.7171875 0.459375 0.0609375 0.046875
0 0.71328125 0.49921875 0.084375 0.05
0 0.78046875 0.490625 0.0546875 0.0390625
0 0.65625 0.453125 0.0453125 0.05625
0 0.57421875 0.4421875 0.053125 0.0359375
0 0.625 0.40859375 0.05625 0.034375
0 0.7390625 0.39453125 0.05 0.0359375
0 0.68984375 0.38203125 0.04375 0.0359375
0 0.67890625 0.36328125 0.0515625 0.0234375
0 0.63828125 0.36796875 0.0578125 0.0375
0 0.58203125 0.384375 0.0375 0.0640625
0 0.55546875 0.3703125 0.04375 0.0328125
0 0.59375 0.34765625 0.065625 0.0265625
0 0.6421875 0.3390625 0.04375 0.0375
0 0.6890625 0.3375 0.0578125 0.0453125
0 0.7328125 0.35234375 0.0515625 0.0484375
0 0.83671875 0.3953125 0.0765625 0.034375
0 0.83046875 0.36328125 0.065625 0.04375
0 0.9203125 0.39609375 0.0640625 0.025
0 0.90859375 0.37421875 0.0640625 0.034375
0 0.90546875 0.340625 0.05625 0.0375
0 0.97109375 0.37578125 0.0578125 0.0375
0 0.9671875 0.33359375 0.046875 0.03125
0 0.84609375 0.32421875 0.0671875 0.040625
0 0.509375 0.3453125 0.0484375 0.03125
0 0.54765625 0.33671875 0.04375 0.0359375
0 0.5921875 0.31953125 0.0359375 0.028125
0 0.62265625 0.29921875 0.046875 0.0296875
0 0.67265625 0.2921875 0.05625 0.0265625
0 0.64140625 0.28125 0.059375 0.025
0 0.62890625 0.26640625 0.065625 0.0234375
0 0.57734375 0.28828125 0.0546875 0.03125
0 0.51328125 0.2984375 0.0703125 0.0296875
0 0.49296875 0.284375 0.0234375 0.0015625
0 0.48984375 0.31484375 0.0359375 0.0359375
0 0.45234375 0.32734375 0.053125 0.03125
0 0.3984375 0.33671875 0.059375 0.03125
0 0.4 0.315625 0.0375 0.025
0 0.37109375 0.30234375 0.0609375 0.03125
0 0.3375 0.27890625 0.059375 0.0265625
0 0.353125 0.27109375 0.0796875 0.0390625
0 0.40546875 0.2609375 0.040625 0.0390625
0 0.43203125 0.290625 0.05 0.0375
0 0.44375 0.27265625 0.0390625 0.028125
0 0.48984375 0.275 0.0625 0.028125
0 0.534375 0.2609375 0.040625 0.028125
0 0.55703125 0.24453125 0.0296875 0.03125
0 0.51796875 0.23515625 0.0375 0.03125
0 0.46875 0.24375 0.04375 0.0296875
0 0.478125 0.21953125 0.046875 0.0328125
0 0.4421875 0.22578125 0.0484375 0.0296875
0 0.36328125 0.2359375 0.053125 0.034375
0 0.4140625 0.21328125 0.0375 0.0328125
0 0.37265625 0.2046875 0.034375 0.028125
0 0.29140625 0.23046875 0.0484375 0.028125
0 0.2671875 0.2078125 0.034375 0.0296875
0 0.196875 0.1734375 0.0359375 0.0234375
0 0.7140625 0.265625 0.0265625 0.0375
0 0.709375 0.24140625 0.04375 0.0296875
0 0.6703125 0.23515625 0.04375 0.0296875
0 0.62109375 0.228125 0.0375 0.0265625
0 0.58203125 0.21796875 0.034375 0.01875
0 0.55546875 0.2046875 0.0375 0.021875
0 0.521875 0.203125 0.0375 0.0328125
0 0.48359375 0.1953125 0.046875 0.025
0 0.44609375 0.1890625 0.034375 0.0234375
0 0.41015625 0.175 0.040625 0.025
0 0.37265625 0.17109375 0.0546875 0.0359375