0 0.9122395833333333 0.12777777777777777 0.025520833333333333 0.03796296296296296
0 0.8830729166666667 0.14166666666666666 0.036458333333333336 0.04537037037037037
0 0.8390625 0.12824074074074074 0.03229166666666667 0.041666666666666664
0 0.8559895833333333 0.10185185185185185 0.028645833333333332 0.018518518518518517
0 0.85078125 0.17314814814814813 0.0609375 0.07685185185185185
0 0.8067708333333333 0.2412037037037037 0.05677083333333333 0.12314814814814815
0 0.8416666666666667 0.2324074074074074 0.034895833333333334 0.021296296296296296
0 0.91015625 0.23472222222222222 0.0671875 0.06759259259259259
0 0.94765625 0.1962962962962963 0.019791666666666666 0.04814814814814815
0 0.9833333333333333 0.16018518518518518 0.03229166666666667 0.05462962962962963
0 0.9200520833333333 0.16018518518518518 0.04583333333333333 0.03333333333333333
0 0.97578125 0.0763888888888889 0.03802083333333333 0.05740740740740741
0 0.8830729166666667 0.09398148148148149 0.028645833333333332 0.05925925925925926
0 0.91328125 0.08101851851851852 0.043229166666666666 0.05092592592592592
0 0.8455729166666667 0.06712962962962964 0.016145833333333335 0.021296296296296296
0 0.7716145833333333 0.27546296296296297 0.04375 0.05185185185185185
0 0.76484375 0.32916666666666666 0.071875 0.13425925925925927
0 0.69921875 0.37546296296296294 0.050520833333333334 0.1361111111111111
0 0.7484375 0.26851851851851855 0.033854166666666664 0.058333333333333334
0 0.7901041666666667 0.18009259259259258 0.0375 0.030555555555555555
0 0.7348958333333333 0.13564814814814816 0.0234375 0.040740740740740744
0 0.7229166666666667 0.0875 0.023958333333333335 0.026851851851851852
0 0.6734375 0.14675925925925926 0.04739583333333333 0.020370370370370372
0 0.6783854166666666 0.1814814814814815 0.04010416666666667 0.025
0 0.6583333333333333 0.20601851851851852 0.05364583333333333 0.044444444444444446
0 0.725 0.19074074074074074 0.013020833333333334 0.058333333333333334
0 0.6333333333333333 0.3148148148148148 0.06666666666666667 0.07777777777777778
0 0.6671875 0.11481481481481481 0.0625 0.03611111111111111
0 0.6580729166666667 0.09166666666666666 0.046875 0.025925925925925925
0 0.6666666666666666 0.08009259259259259 0.0375 0.021296296296296296
0 0.6908854166666667 0.04490740740740741 0.016145833333333335 0.025925925925925925
0 0.7638020833333333 0.02638888888888889 0.04479166666666667 0.011111111111111112
0 0.7328125 0.06805555555555555 0.044270833333333336 0.032407407407407406
0 0.6190104166666667 0.10138888888888889 0.027604166666666666 0.021296296296296296
0 0.5997395833333333 0.14166666666666666 0.034895833333333334 0.021296296296296296
0 0.5802083333333333 0.1787037037037037 0.03229166666666667 0.03148148148148148
0 0.5619791666666667 0.2064814814814815 0.03229166666666667 0.03148148148148148
0 0.5447916666666667 0.16296296296296298 0.0421875 0.03518518518518519
0 0.52109375 0.17222222222222222 0.034895833333333334 0.037037037037037035
0 0.5333333333333333 0.21157407407407408 0.0484375 0.053703703703703705
0 0.5145833333333333 0.2300925925925926 0.0390625 0.046296296296296294
0 0.4552083333333333 0.23796296296296296 0.050520833333333334 0.0712962962962963
0 0.478125 0.18009259259259258 0.035416666666666666 0.03611111111111111
0 0.48489583333333336 0.2828703703703704 0.05 0.06296296296296296
0 0.47265625 0.32083333333333336 0.06614583333333333 0.07962962962962963
0 0.40208333333333335 0.3111111111111111 0.05520833333333333 0.14629629629629629
0 0.50546875 0.34305555555555556 0.05677083333333333 0.10648148148148148
0 0.5565104166666667 0.30925925925925923 0.0640625 0.07777777777777778
0 0.5143229166666666 0.2861111111111111 0.0171875 0.053703703703703705
0 0.5145833333333333 0.43472222222222223 0.06614583333333333 0.1361111111111111
0 0.5744791666666667 0.39166666666666666 0.0578125 0.07777777777777778
0 0.5604166666666667 0.43842592592592594 0.04375 0.06851851851851852
0 0.56171875 0.48703703703703705 0.059375 0.11944444444444445
0 0.6315104166666666 0.5157407407407407 0.0609375 0.1574074074074074
0 0.62109375 0.23333333333333334 0.015625 0.02962962962962963
0 0.6221354166666667 0.2537037037037037 0.05520833333333333 0.019444444444444445
0 0.70859375 0.21944444444444444 0.01875 0.06481481481481481
0 0.7739583333333333 0.09305555555555556 0.036458333333333336 0.022222222222222223
0 0.746875 0.10046296296296296 0.051041666666666666 0.025925925925925925
0 0.8109375 0.03888888888888889 0.04635416666666667 0.03425925925925926
0 0.7731770833333333 0.06666666666666667 0.049479166666666664 0.025
0 0.6138020833333333 0.07453703703703704 0.04583333333333333 0.03425925925925926
0 0.5861979166666667 0.09907407407407408 0.04739583333333333 0.025
0 0.5486979166666667 0.12824074074074074 0.04635416666666667 0.025
0 0.5447916666666667 0.1625 0.036458333333333336 0.027777777777777776
0 0.46171875 0.09953703703703703 0.04739583333333333 0.09814814814814815
0 0.4979166666666667 0.10046296296296296 0.04583333333333333 0.06666666666666667
0 0.54375 0.0763888888888889 0.036458333333333336 0.06018518518518518
0 0.5169270833333334 0.032407407407407406 0.028125 0.05277777777777778
0 0.48515625 0.027777777777777776 0.0390625 0.05555555555555555
0 0.45755208333333336 0.023148148148148147 0.0265625 0.046296296296296294
0 0.4270833333333333 0.10740740740740741 0.028645833333333332 0.10833333333333334
0 0.39791666666666664 0.10138888888888889 0.044270833333333336 0.08611111111111111
0 0.36770833333333336 0.09398148148148149 0.04791666666666667 0.08518518518518518
0 0.38385416666666666 0.17777777777777778 0.03697916666666667 0.13055555555555556
0 0.34270833333333334 0.29398148148148145 0.049479166666666664 0.06759259259259259
0 0.3028645833333333 0.274537037037037 0.08645833333333333 0.11574074074074074
0 0.2453125 0.24166666666666667 0.07395833333333333 0.13148148148148148
0 0.24010416666666667 0.3912037037037037 0.071875 0.12777777777777777
0 0.18229166666666666 0.3263888888888889 0.0546875 0.10648148148148148
0 0.16432291666666668 0.25462962962962965 0.0625 0.08333333333333333
0 0.20364583333333333 0.16342592592592592 0.0359375 0.11296296296296296
0 0.065625 0.22685185185185186 0.029166666666666667 0.14351851851851852
0 0.10520833333333333 0.09583333333333334 0.0609375 0.09259259259259259
0 0.054947916666666666 0.07268518518518519 0.03697916666666667 0.10277777777777777
0 0.01015625 0.09768518518518518 0.0203125 0.08518518518518518
0 0.1171875 0.022222222222222223 0.04479166666666667 0.044444444444444446
0 0.16432291666666668 0.04351851851851852 0.0484375 0.07037037037037037
0 0.18958333333333333 0.4976851851851852 0.0796875 0.09722222222222222
0 0.17942708333333332 0.9203703703703704 0.0796875 0.15925925925925927
0 0.43203125 0.8305555555555556 0.10572916666666667 0.16574074074074074
0 0.49713541666666666 0.7351851851851852 0.08489583333333334 0.2037037037037037
0 0.6903645833333333 0.7407407407407407 0.08385416666666666 0.21203703703703702
0 0.6455729166666667 0.6148148148148148 0.13177083333333334 0.20277777777777778
0 0.8916666666666667 0.33240740740740743 0.049479166666666664 0.13240740740740742
0 0.8348958333333333 0.44027777777777777 0.10208333333333333 0.1259259259259259
0 0.96328125 0.4444444444444444 0.0453125 0.17962962962962964
0 0.98515625 0.3939814814814815 0.027604166666666666 0.09444444444444444
0 0.5796875 0.056018518518518516 0.03697916666666667 0.03796296296296296
0 0.6036458333333333 0.03009259259259259 0.058854166666666666 0.05
0 0.64609375 0.034722222222222224 0.033854166666666664 0.03888888888888889
0 0.7171875 0.020370370370370372 0.0234375 0.025925925925925925