0 0.64296875 0.5078125 0.2234375 0.3671875
0 0.44921875 0.48671875 0.1640625 0.315625
0 0.2984375 0.54375 0.1421875 0.29375
0 0.7578125 0.27890625 0.1765625 0.196875
0 0.55 0.18359375 0.2375 0.16875
0 0.19765625 0.2609375 0.2078125 0.2875
0 0.540625 0.3109375 0.165625 0.246875
0 0.7578125 0.13125 0.125 0.1328125
0 0.6578125 0.09609375 0.15 0.1765625
0 0.5453125 0.0671875 0.10625 0.134375
0 0.40234375 0.1125 0.140625 0.225
0 0.325 0.08203125 0.078125 0.1640625
0 0.18359375 0.06640625 0.0953125 0.1328125