0 0.7114583333333333 0.9175925925925926 0.08020833333333334 0.13055555555555556
0 0.759375 0.9629629629629629 0.06875 0.07407407407407407
0 0.9299479166666667 0.8606481481481482 0.09010416666666667 0.08796296296296297
0 0.9458333333333333 0.9629629629629629 0.103125 0.07407407407407407
0 0.9875 0.8273148148148148 0.025 0.09166666666666666
0 0.9919270833333333 0.9037037037037037 0.016145833333333335 0.05925925925925926
0 0.93671875 0.5203703703703704 0.04010416666666667 0.09074074074074075
0 0.9815104166666667 0.5231481481481481 0.03697916666666667 0.09259259259259259
0 0.8432291666666667 0.5708333333333333 0.04010416666666667 0.08425925925925926
0 0.8190104166666666 0.5148148148148148 0.0578125 0.10462962962962963
0 0.7979166666666667 0.4689814814814815 0.04583333333333333 0.05092592592592592
0 0.7614583333333333 0.5171296296296296 0.042708333333333334 0.08055555555555556
0 0.7552083333333334 0.6032407407407407 0.058854166666666666 0.08518518518518518
0 0.6549479166666666 0.5643518518518519 0.06041666666666667 0.08333333333333333
0 0.6765625 0.47175925925925927 0.06458333333333334 0.06111111111111111
0 0.73515625 0.4703703703703704 0.0609375 0.046296296296296294
0 0.7005208333333334 0.43194444444444446 0.0515625 0.040740740740740744
0 0.7434895833333334 0.42407407407407405 0.0421875 0.06481481481481481
0 0.7765625 0.4101851851851852 0.04010416666666667 0.05648148148148148
0 0.78984375 0.39444444444444443 0.040625 0.05555555555555555
0 0.8434895833333333 0.412962962962963 0.043229166666666666 0.05277777777777778
0 0.8484375 0.3800925925925926 0.058854166666666666 0.062037037037037036
0 0.890625 0.37083333333333335 0.04583333333333333 0.05648148148148148
0 0.91328125 0.36203703703703705 0.044270833333333336 0.07777777777777778
0 0.7072916666666667 0.38842592592592595 0.0640625 0.03148148148148148
0 0.6979166666666666 0.3578703703703704 0.0484375 0.03333333333333333
0 0.7020833333333333 0.3300925925925926 0.0421875 0.016666666666666666
0 0.72109375 0.3175925925925926 0.04375 0.027777777777777776
0 0.7609375 0.31296296296296294 0.04635416666666667 0.032407407407407406
0 0.7697916666666667 0.35324074074074074 0.04375 0.028703703703703703
0 0.75703125 0.3597222222222222 0.04739583333333333 0.017592592592592594
0 0.7817708333333333 0.33194444444444443 0.0484375 0.025925925925925925
0 0.7934895833333333 0.30648148148148147 0.03177083333333333 0.03611111111111111
0 0.76328125 0.2898148148148148 0.0390625 0.025925925925925925
0 0.7208333333333333 0.2912037037037037 0.03177083333333333 0.028703703703703703
0 0.7346354166666667 0.26990740740740743 0.042708333333333334 0.04722222222222222
0 0.784375 0.2611111111111111 0.034895833333333334 0.014814814814814815
0 0.7911458333333333 0.2759259259259259 0.03333333333333333 0.022222222222222223
0 0.7606770833333333 0.25416666666666665 0.034375 0.024074074074074074
0 0.8208333333333333 0.3060185185185185 0.03854166666666667 0.025925925925925925
0 0.8411458333333334 0.3421296296296296 0.05 0.03888888888888889
0 0.81171875 0.34814814814814815 0.034895833333333334 0.025
0 0.8640625 0.30324074074074076 0.040625 0.03518518518518519
0 0.8856770833333333 0.32685185185185184 0.035416666666666666 0.03611111111111111
0 0.8341145833333333 0.287962962962963 0.014583333333333334 0.021296296296296296
0 0.82421875 0.27870370370370373 0.0234375 0.021296296296296296
0 0.8536458333333333 0.2638888888888889 0.034375 0.021296296296296296
0 0.9075520833333334 0.2722222222222222 0.0265625 0.03148148148148148
0 0.9278645833333333 0.29768518518518516 0.024479166666666666 0.030555555555555555
0 0.8942708333333333 0.29907407407407405 0.0296875 0.026851851851851852
0 0.87890625 0.2759259259259259 0.034375 0.027777777777777776
0 0.8846354166666667 0.25972222222222224 0.015625 0.011111111111111112
0 0.87421875 0.26851851851851855 0.014583333333333334 0.017592592592592594
0 0.8291666666666667 0.24675925925925926 0.025520833333333333 0.01574074074074074
0 0.83984375 0.23657407407407408 0.017708333333333333 0.019444444444444445
0 0.8127604166666667 0.22777777777777777 0.021354166666666667 0.012037037037037037
0 0.82734375 0.21898148148148147 0.016145833333333335 0.011111111111111112
0 0.8119791666666667 0.24212962962962964 0.01875 0.012037037037037037
0 0.80078125 0.25092592592592594 0.024479166666666666 0.019444444444444445
0 0.809375 0.19814814814814816 0.027083333333333334 0.014814814814814815
0 0.8096354166666667 0.21666666666666667 0.025520833333333333 0.006481481481481481
0 0.8190104166666666 0.20833333333333334 0.01875 0.010185185185185186
0 0.8020833333333334 0.21342592592592594 0.020833333333333332 0.009259259259259259
0 0.7734375 0.2175925925925926 0.027083333333333334 0.010185185185185186
0 0.7815104166666667 0.17685185185185184 0.029166666666666667 0.025925925925925925
0 0.7713541666666667 0.16018518518518518 0.021354166666666667 0.014814814814814815
0 0.7921875 0.1550925925925926 0.015625 0.023148148148148147
0 0.80390625 0.17083333333333334 0.016666666666666666 0.028703703703703703
0 0.8229166666666666 0.17824074074074073 0.013541666666666667 0.01574074074074074
0 0.8328125 0.1638888888888889 0.019270833333333334 0.024074074074074074
0 0.7838541666666666 0.20046296296296295 0.022395833333333334 0.016666666666666666
0 0.73984375 0.22916666666666666 0.0328125 0.03796296296296296
0 0.7583333333333333 0.1787037037037037 0.0203125 0.025
0 0.7518229166666667 0.20324074074074075 0.024479166666666666 0.025925925925925925
0 0.8903645833333333 0.2125 0.016145833333333335 0.020370370370370372
0 0.8703125 0.19722222222222222 0.022395833333333334 0.017592592592592594
0 0.87421875 0.18333333333333332 0.024479166666666666 0.008333333333333333
0 0.8658854166666666 0.22777777777777777 0.019791666666666666 0.019444444444444445
0 0.8697916666666666 0.2101851851851852 0.03333333333333333 0.014814814814814815
0 0.8815104166666666 0.24027777777777778 0.0390625 0.008333333333333333
0 0.8869791666666667 0.2523148148148148 0.036458333333333336 0.012037037037037037
0 0.8552083333333333 0.2449074074074074 0.025520833333333333 0.01574074074074074
0 0.9223958333333333 0.24027777777777778 0.028645833333333332 0.040740740740740744
0 0.9309895833333334 0.20879629629629629 0.03125 0.025
0 0.91484375 0.18888888888888888 0.03333333333333333 0.016666666666666666
0 0.8533854166666667 0.15787037037037038 0.028645833333333332 0.019444444444444445
0 0.8552083333333333 0.14074074074074075 0.025520833333333333 0.01574074074074074
0 0.809375 0.1449074074074074 0.034895833333333334 0.028703703703703703
0 0.8692708333333333 0.16898148148148148 0.03177083333333333 0.019444444444444445
0 0.83515625 0.1814814814814815 0.021354166666666667 0.012037037037037037
0 0.8408854166666667 0.1912037037037037 0.029166666666666667 0.010185185185185186
0 0.8473958333333333 0.21064814814814814 0.0234375 0.024074074074074074
0 0.84140625 0.12407407407407407 0.0265625 0.018518518518518517
0 0.8114583333333333 0.12546296296296297 0.027083333333333334 0.017592592592592594
0 0.8763020833333334 0.15462962962962962 0.01875 0.025
0 0.9049479166666666 0.1597222222222222 0.03125 0.012962962962962963
0 0.9059895833333333 0.17407407407407408 0.030208333333333334 0.026851851851851852
0 0.9489583333333333 0.18796296296296297 0.0375 0.017592592592592594
0 0.946875 0.16666666666666666 0.0328125 0.020370370370370372
0 0.9296875 0.16203703703703703 0.018229166666666668 0.046296296296296294
0 0.9184895833333333 0.14074074074074075 0.013541666666666667 0.020370370370370372
0 0.99375 0.1814814814814815 0.0125 0.032407407407407406
0 0.9671875 0.25833333333333336 0.041666666666666664 0.03518518518518519
0 0.9575520833333333 0.21666666666666667 0.034895833333333334 0.028703703703703703
0 0.9979166666666667 0.24444444444444444 0.004166666666666667 0.03148148148148148
0 0.9643229166666667 0.3398148148148148 0.049479166666666664 0.04351851851851852
0 0.6765625 0.34444444444444444 0.034895833333333334 0.041666666666666664
0 0.6841145833333333 0.30787037037037035 0.03958333333333333 0.028703703703703703
0 0.3421875 0.9175925925925926 0.10572916666666667 0.1574074074074074
0 0.325 0.7652777777777777 0.08541666666666667 0.11203703703703703
0 0.43645833333333334 0.7791666666666667 0.0921875 0.14722222222222223
0 0.43984375 0.6666666666666666 0.08125 0.05740740740740741
0 0.38697916666666665 0.6462962962962963 0.08802083333333334 0.06666666666666667
0 0.37005208333333334 0.5958333333333333 0.05572916666666667 0.06111111111111111
0 0.3171875 0.5953703703703703 0.058854166666666666 0.08611111111111111
0 0.2674479166666667 0.5296296296296297 0.065625 0.06481481481481481
0 0.15494791666666666 0.6671296296296296 0.059895833333333336 0.08055555555555556
0 0.18203125 0.6027777777777777 0.06302083333333333 0.05555555555555555
0 0.049479166666666664 0.6680555555555555 0.04791666666666667 0.10833333333333334
0 0.08802083333333334 0.5856481481481481 0.07916666666666666 0.1
0 0.09817708333333333 0.5273148148148148 0.06458333333333334 0.07222222222222222
0 0.10182291666666667 0.48518518518518516 0.05260416666666667 0.03888888888888889
0 0.23515625 0.5615740740740741 0.0609375 0.06574074074074074
0 0.2635416666666667 0.48333333333333334 0.057291666666666664 0.04722222222222222
0 0.2864583333333333 0.4412037037037037 0.03802083333333333 0.053703703703703705
0 0.25026041666666665 0.44907407407407407 0.0515625 0.06851851851851852
0 0.2203125 0.4300925925925926 0.05416666666666667 0.0824074074074074
0 0.20963541666666666 0.39861111111111114 0.07083333333333333 0.06574074074074074
0 0.23489583333333333 0.36898148148148147 0.040625 0.03333333333333333
0 0.1890625 0.48009259259259257 0.05416666666666667 0.044444444444444446
0 0.3263020833333333 0.4615740740740741 0.065625 0.03425925925925926
0 0.3125 0.4976851851851852 0.059375 0.07685185185185185
0 0.3546875 0.4847222222222222 0.051041666666666666 0.07037037037037037
0 0.3807291666666667 0.47175925925925927 0.034375 0.03796296296296296
0 0.371875 0.5166666666666667 0.036458333333333336 0.06296296296296296
0 0.40208333333333335 0.5009259259259259 0.04479166666666667 0.03611111111111111
0 0.39791666666666664 0.5365740740740741 0.0328125 0.06944444444444445
0 0.42473958333333334 0.5930555555555556 0.07135416666666666 0.07314814814814814
0 0.5119791666666667 0.549537037037037 0.071875 0.05925925925925926
0 0.4625 0.5717592592592593 0.0125 0.07222222222222222
0 0.4552083333333333 0.5296296296296297 0.03177083333333333 0.01574074074074074
0 0.44973958333333336 0.5111111111111111 0.03958333333333333 0.024074074074074074
0 0.42682291666666666 0.5268518518518519 0.017708333333333333 0.049074074074074076
0 0.47734375 0.5032407407407408 0.023958333333333335 0.03611111111111111
0 0.47604166666666664 0.45787037037037037 0.034375 0.05648148148148148
0 0.5111979166666667 0.48148148148148145 0.049479166666666664 0.06296296296296296
0 0.5307291666666667 0.45925925925925926 0.049479166666666664 0.05092592592592592
0 0.40078125 0.43425925925925923 0.06666666666666667 0.053703703703703705
0 0.39140625 0.3976851851851852 0.026041666666666668 0.030555555555555555
0 0.33645833333333336 0.4115740740740741 0.034375 0.06851851851851852
0 0.34817708333333336 0.36712962962962964 0.04791666666666667 0.03518518518518519
0 0.4549479166666667 0.4 0.049479166666666664 0.04722222222222222
0 0.4479166666666667 0.37592592592592594 0.041666666666666664 0.028703703703703703
0 0.49895833333333334 0.4 0.0484375 0.025925925925925925
0 0.49270833333333336 0.4263888888888889 0.06770833333333333 0.03148148148148148
0 0.5484375 0.4273148148148148 0.04375 0.025925925925925925
0 0.5361979166666667 0.4013888888888889 0.04114583333333333 0.025
0 0.5247395833333334 0.38564814814814813 0.04114583333333333 0.025
0 0.4830729166666667 0.37592592592592594 0.03333333333333333 0.030555555555555555
0 0.4473958333333333 0.3476851851851852 0.03854166666666667 0.040740740740740744
0 0.41822916666666665 0.36064814814814816 0.044270833333333336 0.025925925925925925
0 0.38723958333333336 0.3773148148148148 0.06302083333333333 0.041666666666666664
0 0.3841145833333333 0.34444444444444444 0.05 0.030555555555555555
0 0.409375 0.29907407407407405 0.04479166666666667 0.049074074074074076
0 0.44609375 0.31712962962962965 0.04895833333333333 0.026851851851851852
0 0.49322916666666666 0.3388888888888889 0.03958333333333333 0.05462962962962963
0 0.49166666666666664 0.31666666666666665 0.029166666666666667 0.027777777777777776
0 0.5182291666666666 0.3226851851851852 0.024479166666666666 0.016666666666666666
0 0.46145833333333336 0.3509259259259259 0.04583333333333333 0.03518518518518519
0 0.5424479166666667 0.33935185185185185 0.03802083333333333 0.025925925925925925
0 0.55625 0.3685185185185185 0.0578125 0.028703703703703703
0 0.58125 0.3421296296296296 0.019270833333333334 0.012962962962962963
0 0.5182291666666666 0.37037037037037035 0.021354166666666667 0.009259259259259259
0 0.5755208333333334 0.3787037037037037 0.052083333333333336 0.017592592592592594
0 0.5768229166666666 0.3199074074074074 0.026041666666666668 0.040740740740740744
0 0.54765625 0.31666666666666665 0.016666666666666666 0.03333333333333333
0 0.51875 0.30277777777777776 0.0203125 0.025
0 0.44296875 0.3037037037037037 0.019791666666666666 0.019444444444444445
0 0.4484375 0.2824074074074074 0.0328125 0.046296296296296294
0 0.44036458333333334 0.26342592592592595 0.044270833333333336 0.06481481481481481
0 0.41171875 0.24814814814814815 0.033854166666666664 0.037037037037037035
0 0.39166666666666666 0.23703703703703705 0.03333333333333333 0.04259259259259259
0 0.49296875 0.2611111111111111 0.04010416666666667 0.021296296296296296
0 0.5065104166666666 0.2722222222222222 0.042708333333333334 0.03148148148148148
0 0.5401041666666667 0.24814814814814815 0.04479166666666667 0.026851851851851852
0 0.5598958333333334 0.2722222222222222 0.03958333333333333 0.024074074074074074
0 0.58515625 0.2513888888888889 0.036458333333333336 0.021296296296296296
0 0.60703125 0.28379629629629627 0.04375 0.022222222222222223
0 0.63671875 0.3050925925925926 0.041666666666666664 0.020370370370370372
0 0.6033854166666667 0.3199074074074074 0.03333333333333333 0.014814814814814815
0 0.6088541666666667 0.3013888888888889 0.03125 0.018518518518518517
0 0.6013020833333333 0.35555555555555557 0.043229166666666666 0.03611111111111111
0 0.6158854166666666 0.22407407407407406 0.03125 0.013888888888888888
0 0.6161458333333333 0.2375 0.034895833333333334 0.021296296296296296
0 0.6213541666666667 0.26157407407407407 0.0296875 0.022222222222222223
0 0.571875 0.21388888888888888 0.033854166666666664 0.017592592592592594
0 0.5677083333333334 0.2050925925925926 0.03333333333333333 0.016666666666666666
0 0.5549479166666667 0.19398148148148148 0.03958333333333333 0.012962962962962963
0 0.54921875 0.17453703703703705 0.028125 0.026851851851851852
0 0.4903645833333333 0.19490740740740742 0.0359375 0.04351851851851852
0 0.46067708333333335 0.19490740740740742 0.0296875 0.037037037037037035
0 0.54296875 0.22083333333333333 0.0265625 0.023148148148148147
0 0.5692708333333333 0.1574074074074074 0.03125 0.027777777777777776
0 0.6075520833333333 0.15462962962962962 0.034895833333333334 0.022222222222222223
0 0.6190104166666667 0.10046296296296296 0.03333333333333333 0.020370370370370372
0 0.6416666666666667 0.1175925925925926 0.022395833333333334 0.030555555555555555
0 0.61875 0.13657407407407407 0.028645833333333332 0.03333333333333333
0 0.5638020833333334 0.14074074074074075 0.0390625 0.040740740740740744
0 0.5388020833333333 0.13703703703703704 0.022395833333333334 0.04722222222222222
0 0.51953125 0.14074074074074075 0.016145833333333335 0.04814814814814815
0 0.5036458333333333 0.1375 0.010416666666666666 0.026851851851851852
0 0.5856770833333333 0.18425925925925926 0.027083333333333334 0.026851851851851852
0 0.6197916666666666 0.18981481481481483 0.033854166666666664 0.02962962962962963
0 0.65390625 0.1986111111111111 0.03958333333333333 0.025
0 0.64765625 0.27546296296296297 0.03333333333333333 0.017592592592592594
0 0.68515625 0.20879629629629629 0.030729166666666665 0.01574074074074074
0 0.64921875 0.23148148148148148 0.028125 0.032407407407407406
0 0.6778645833333333 0.22546296296296298 0.03177083333333333 0.03796296296296296
0 0.7036458333333333 0.1837962962962963 0.025520833333333333 0.049074074074074076
0 0.7138020833333333 0.13148148148148148 0.03125 0.021296296296296296
0 0.6598958333333333 0.1574074074074074 0.018229166666666668 0.04351851851851852
0 0.6466145833333333 0.16203703703703703 0.0171875 0.027777777777777776
0 0.675 0.16944444444444445 0.0359375 0.032407407407407406
0 0.6786458333333333 0.13333333333333333 0.033854166666666664 0.025925925925925925
0 0.5848958333333333 0.11851851851851852 0.03177083333333333 0.030555555555555555
0 0.11536458333333334 0.3773148148148148 0.044270833333333336 0.07962962962962963
0 0.05911458333333333 0.3726851851851852 0.05677083333333333 0.03611111111111111
0 0.01875 0.34120370370370373 0.030729166666666665 0.06388888888888888
0 0.053125 0.30462962962962964 0.052083333333333336 0.03425925925925926
0 0.049479166666666664 0.27361111111111114 0.0234375 0.022222222222222223
0 0.08072916666666667 0.2777777777777778 0.041666666666666664 0.09537037037037037
0 0.121875 0.28564814814814815 0.0390625 0.08981481481481482
0 0.19791666666666666 0.25277777777777777 0.03697916666666667 0.07685185185185185
0 0.23854166666666668 0.3087962962962963 0.04791666666666667 0.03611111111111111
0 0.26927083333333335 0.2833333333333333 0.0515625 0.030555555555555555
0 0.28229166666666666 0.25555555555555554 0.05364583333333333 0.03148148148148148
0 0.25677083333333334 0.2449074074074074 0.034895833333333334 0.04259259259259259
0 0.23723958333333334 0.2175925925925926 0.0375 0.07685185185185185
0 0.26145833333333335 0.20277777777777778 0.0265625 0.03425925925925926
0 0.29192708333333334 0.22453703703703703 0.036458333333333336 0.028703703703703703
0 0.32447916666666665 0.2101851851851852 0.0328125 0.026851851851851852
0 0.33619791666666665 0.22407407407407406 0.0359375 0.037037037037037035
0 0.36276041666666664 0.22870370370370371 0.019791666666666666 0.041666666666666664
0 0.3927083333333333 0.14212962962962963 0.022395833333333334 0.046296296296296294
0 0.4296875 0.09861111111111111 0.030208333333333334 0.025925925925925925
0 0.4666666666666667 0.10833333333333334 0.03958333333333333 0.04537037037037037
0 0.40989583333333335 0.09027777777777778 0.025 0.04259259259259259
0 0.465625 0.07592592592592592 0.028645833333333332 0.03425925925925926
0 0.4921875 0.0699074074074074 0.022395833333333334 0.04259259259259259