0 0.7955729166666666 0.24537037037037038 0.07916666666666666 0.09907407407407408
0 0.90625 0.4064814814814815 0.11302083333333333 0.1685185185185185
0 0.9166666666666666 0.20462962962962963 0.07135416666666666 0.13148148148148148
0 0.8763020833333334 0.13657407407407407 0.0546875 0.0787037037037037
0 0.9140625 0.05324074074074074 0.057291666666666664 0.08796296296296297
0 0.80546875 0.12129629629629629 0.07291666666666667 0.1
0 0.8471354166666667 0.07268518518518519 0.0484375 0.1111111111111111
0 0.7096354166666666 0.12638888888888888 0.042708333333333334 0.0712962962962963
0 0.746875 0.12824074074074074 0.025 0.049074074074074076
0 0.6541666666666667 0.20833333333333334 0.059895833333333336 0.10833333333333334
0 0.671875 0.12731481481481483 0.0640625 0.09722222222222222
0 0.7213541666666666 0.22314814814814815 0.05572916666666667 0.07592592592592592
0 0.10807291666666667 0.8703703703703703 0.09791666666666667 0.19722222222222222
0 0.07109375 0.46620370370370373 0.052083333333333336 0.11388888888888889
0 0.153125 0.49166666666666664 0.08958333333333333 0.10648148148148148
0 0.31197916666666664 0.31574074074074077 0.06666666666666667 0.09074074074074075
0 0.14010416666666667 0.36203703703703705 0.09635416666666667 0.125
0 0.15572916666666667 0.2972222222222222 0.071875 0.08148148148148149
0 0.21666666666666667 0.30416666666666664 0.058333333333333334 0.1175925925925926
0 0.19739583333333333 0.21064814814814814 0.018229166666666668 0.032407407407407406
0 0.22135416666666666 0.25324074074074077 0.041666666666666664 0.0712962962962963
0 0.23359375 0.20833333333333334 0.043229166666666666 0.08055555555555556
0 0.28203125 0.17037037037037037 0.0640625 0.07222222222222222
0 0.030729166666666665 0.350462962962963 0.06145833333333333 0.1574074074074074
0 0.0359375 0.2814814814814815 0.06510416666666667 0.1037037037037037
0 0.052083333333333336 0.24212962962962964 0.03802083333333333 0.10462962962962963
0 0.0828125 0.24212962962962964 0.04791666666666667 0.10462962962962963
0 0.12552083333333333 0.23935185185185184 0.071875 0.10185185185185185
0 0.19869791666666667 0.12083333333333333 0.07604166666666666 0.08148148148148149
0 0.14609375 0.09537037037037037 0.0453125 0.030555555555555555
0 0.14791666666666667 0.125 0.040625 0.03611111111111111
0 0.10963541666666667 0.10138888888888889 0.0421875 0.03888888888888889
0 0.09322916666666667 0.10462962962962963 0.0296875 0.025
0 0.061197916666666664 0.1675925925925926 0.046875 0.07592592592592592
0 0.05390625 0.10972222222222222 0.044270833333333336 0.05925925925925926
0 0.10520833333333333 0.1388888888888889 0.05364583333333333 0.0787037037037037
0 0.15520833333333334 0.15324074074074073 0.028645833333333332 0.04351851851851852
0 0.18255208333333334 0.1699074074074074 0.027083333333333334 0.05185185185185185
0 0.20390625 0.17037037037037037 0.025520833333333333 0.04259259259259259
0 0.22005208333333334 0.17962962962962964 0.025520833333333333 0.049074074074074076
0 0.2546875 0.1087962962962963 0.05416666666666667 0.06111111111111111
0 0.2953125 0.03287037037037037 0.015104166666666667 0.03333333333333333
0 0.28515625 0.012037037037037037 0.0203125 0.023148148148148147
0 0.22395833333333334 0.029166666666666667 0.05625 0.05740740740740741
0 0.25416666666666665 0.028703703703703703 0.044270833333333336 0.04537037037037037
0 0.19973958333333333 0.06712962962962964 0.0515625 0.06111111111111111
0 0.1265625 0.08333333333333333 0.04583333333333333 0.04259259259259259
0 0.13932291666666666 0.06111111111111111 0.04479166666666667 0.040740740740740744
0 0.24635416666666668 0.07407407407407407 0.036458333333333336 0.032407407407407406
0 0.2955729166666667 0.07314814814814814 0.03958333333333333 0.032407407407407406
0 0.3140625 0.12777777777777777 0.0484375 0.05555555555555555
0 0.3463541666666667 0.013888888888888888 0.0234375 0.023148148148148147
0 0.33229166666666665 0.04722222222222222 0.03958333333333333 0.05277777777777778
0 0.37526041666666665 0.016203703703703703 0.021354166666666667 0.032407407407407406
0 0.38828125 0.17824074074074073 0.06458333333333334 0.11574074074074074
0 0.4328125 0.13240740740740742 0.051041666666666666 0.10833333333333334
0 0.39036458333333335 0.10648148148148148 0.035416666666666666 0.04722222222222222
0 0.4296875 0.06898148148148148 0.053125 0.05925925925925926
0 0.43802083333333336 0.04722222222222222 0.0234375 0.030555555555555555
0 0.5015625 0.10740740740740741 0.05625 0.07407407407407407
0 0.5596354166666667 0.13055555555555556 0.065625 0.11481481481481481
0 0.5455729166666666 0.08009259259259259 0.0296875 0.044444444444444446
0 0.5372395833333333 0.055092592592592596 0.026041666666666668 0.026851851851851852
0 0.52890625 0.041666666666666664 0.0234375 0.027777777777777776
0 0.5252604166666667 0.022685185185185187 0.021354166666666667 0.020370370370370372
0 0.5421875 0.022685185185185187 0.01875 0.026851851851851852
0 0.5755208333333334 0.05694444444444444 0.0421875 0.09259259259259259
0 0.6002604166666666 0.05138888888888889 0.04479166666666667 0.09907407407407408
0 0.50234375 0.062037037037037036 0.0421875 0.032407407407407406
0 0.46458333333333335 0.03657407407407407 0.04479166666666667 0.07314814814814814
0 0.5046875 0.03148148148148148 0.03125 0.05462962962962963
0 0.66796875 0.04861111111111111 0.04583333333333333 0.07314814814814814
0 0.6341145833333334 0.05648148148148148 0.041666666666666664 0.06851851851851852
0 0.7427083333333333 0.06851851851851852 0.06197916666666667 0.062037037037037036
0 0.7138020833333333 0.05092592592592592 0.03854166666666667 0.044444444444444446
0 0.7122395833333334 0.022685185185185187 0.035416666666666666 0.04537037037037037
0 0.7458333333333333 0.024074074074074074 0.026041666666666668 0.025
0 0.7653645833333333 0.03657407407407407 0.021875 0.032407407407407406
0 0.8130208333333333 0.02824074074074074 0.04479166666666667 0.05648148148148148
0 0.96484375 0.17777777777777778 0.03333333333333333 0.09444444444444444
0 0.978125 0.23657407407407408 0.04375 0.07685185185185185
0 0.9783854166666667 0.3226851851851852 0.043229166666666666 0.14907407407407408
0 0.9848958333333333 0.5060185185185185 0.030208333333333334 0.10185185185185185
0 0.97265625 0.09768518518518518 0.0546875 0.09166666666666666
0 0.9502604166666667 0.027777777777777776 0.03697916666666667 0.05555555555555555
0 0.9875 0.031018518518518518 0.025 0.05740740740740741