0 0.2786458333333333 0.4685185185185185 0.11354166666666667 0.13333333333333333
0 0.21979166666666666 0.562962962962963 0.1125 0.1
0 0.19375 0.29074074074074074 0.07083333333333333 0.08148148148148149
0 0.18515625 0.13287037037037036 0.04114583333333333 0.062037037037037036
0 0.20911458333333333 0.12453703703703704 0.04583333333333333 0.06018518518518518
0 0.17317708333333334 0.03564814814814815 0.04010416666666667 0.05
0 0.07213541666666666 0.24814814814814815 0.0671875 0.09074074074074075
0 0.06640625 0.3212962962962963 0.06822916666666666 0.09351851851851851
0 0.0171875 0.2 0.034375 0.046296296296296294
0 0.02578125 0.1597222222222222 0.0515625 0.046296296296296294
0 0.040364583333333336 0.11666666666666667 0.04114583333333333 0.044444444444444446
0 0.018229166666666668 0.1 0.036458333333333336 0.02962962962962963
0 0.0234375 0.07222222222222222 0.046875 0.019444444444444445
0 0.02890625 0.05277777777777778 0.0328125 0.025925925925925925
0 0.03854166666666667 0.016666666666666666 0.03958333333333333 0.03333333333333333
0 0.011979166666666667 0.04490740740740741 0.0234375 0.041666666666666664
0 0.06744791666666666 0.0412037037037037 0.0390625 0.025
0 0.07760416666666667 0.07546296296296297 0.05260416666666667 0.05555555555555555
0 0.1046875 0.027777777777777776 0.036458333333333336 0.05555555555555555
0 0.03854166666666667 0.4824074074074074 0.07708333333333334 0.14351851851851852
0 0.020572916666666666 0.6796296296296296 0.04114583333333333 0.1824074074074074
0 0.13203125 0.6736111111111112 0.11145833333333334 0.1398148148148148
0 0.04479166666666667 0.8805555555555555 0.08958333333333333 0.11296296296296296
0 0.17682291666666666 0.9328703703703703 0.14322916666666666 0.13425925925925927
0 0.9401041666666666 0.8361111111111111 0.07604166666666666 0.10925925925925926
0 0.9770833333333333 0.7509259259259259 0.04583333333333333 0.06296296296296296
0 0.9427083333333334 0.9402777777777778 0.1046875 0.11944444444444445
0 0.8932291666666666 0.7083333333333334 0.07552083333333333 0.07407407407407407
0 0.8065104166666667 0.7050925925925926 0.08854166666666667 0.12777777777777777
0 0.9502604166666667 0.6342592592592593 0.07447916666666667 0.07407407407407407
0 0.9640625 0.7037037037037037 0.071875 0.06944444444444445
0 0.8856770833333333 0.6337962962962963 0.05625 0.06018518518518518
0 0.9033854166666667 0.4263888888888889 0.06302083333333333 0.0787037037037037
0 0.8770833333333333 0.4050925925925926 0.06770833333333333 0.058333333333333334
0 0.8877604166666667 0.36574074074074076 0.053125 0.022222222222222223
0 0.8864583333333333 0.3236111111111111 0.057291666666666664 0.044444444444444446
0 0.9375 0.35138888888888886 0.059895833333333336 0.03333333333333333
0 0.9684895833333333 0.36898148148148147 0.06197916666666667 0.05462962962962963
0 0.9747395833333333 0.42083333333333334 0.050520833333333334 0.05277777777777778
0 0.9403645833333333 0.425462962962963 0.0453125 0.05185185185185185
0 0.9364583333333333 0.46435185185185185 0.0609375 0.046296296296296294
0 0.9669270833333333 0.5444444444444444 0.05677083333333333 0.08611111111111111
0 0.9286458333333333 0.5416666666666666 0.0390625 0.08425925925925926
0 0.9921875 0.47129629629629627 0.015625 0.049074074074074076
0 0.9934895833333334 0.5388888888888889 0.013020833333333334 0.08055555555555556
0 0.7614583333333333 0.48842592592592593 0.0546875 0.1111111111111111
0 0.80546875 0.42407407407407405 0.07552083333333333 0.05185185185185185
0 0.803125 0.3296296296296296 0.0640625 0.11574074074074074
0 0.7872395833333333 0.39675925925925926 0.07604166666666666 0.040740740740740744
0 0.73359375 0.5824074074074074 0.08125 0.14814814814814814
0 0.7252604166666666 0.46296296296296297 0.040625 0.07037037037037037
0 0.67109375 0.4898148148148148 0.0984375 0.06111111111111111
0 0.6544270833333333 0.538425925925926 0.0859375 0.10648148148148148
0 0.62265625 0.45740740740740743 0.0546875 0.06296296296296296
0 0.6708333333333333 0.40370370370370373 0.05 0.11203703703703703
0 0.621875 0.39675925925925926 0.08020833333333334 0.07222222222222222
0 0.5552083333333333 0.42407407407407405 0.0609375 0.1111111111111111
0 0.5544270833333333 0.5291666666666667 0.0640625 0.14074074074074075
0 0.6138020833333333 0.3449074074074074 0.08489583333333334 0.08796296296296297
0 0.5776041666666667 0.2587962962962963 0.05 0.09537037037037037
0 0.6286458333333333 0.24027777777777778 0.0609375 0.11944444444444445
0 0.6901041666666666 0.15555555555555556 0.07083333333333333 0.08333333333333333
0 0.8643229166666667 0.24861111111111112 0.05625 0.05555555555555555
0 0.9265625 0.22685185185185186 0.03177083333333333 0.075
0 0.9302083333333333 0.27175925925925926 0.04375 0.027777777777777776
0 0.9268229166666667 0.30092592592592593 0.05416666666666667 0.041666666666666664
0 0.96640625 0.25416666666666665 0.033854166666666664 0.06018518518518518
0 0.9815104166666667 0.27361111111111114 0.029166666666666667 0.11388888888888889
0 0.89921875 0.17453703703703705 0.03333333333333333 0.11388888888888889
0 0.8674479166666667 0.15324074074074073 0.03177083333333333 0.1111111111111111
0 0.8190104166666666 0.10231481481481482 0.030729166666666665 0.10555555555555556
0 0.7809895833333333 0.12175925925925926 0.058854166666666666 0.04351851851851852
0 0.7908854166666667 0.1712962962962963 0.06145833333333333 0.07222222222222222
0 0.7786458333333334 0.07268518518518519 0.0515625 0.07777777777777778
0 0.73671875 0.08055555555555556 0.040625 0.053703703703703705
0 0.7971354166666667 0.06712962962962964 0.03229166666666667 0.08055555555555556
0 0.7276041666666667 0.03657407407407407 0.036458333333333336 0.07314814814814814
0 0.6989583333333333 0.028703703703703703 0.026041666666666668 0.05740740740740741
0 0.75859375 0.027777777777777776 0.0390625 0.05555555555555555
0 0.9276041666666667 0.05694444444444444 0.021875 0.06111111111111111
0 0.95 0.05740740740740741 0.016145833333333335 0.05185185185185185
0 0.9669270833333333 0.09027777777777778 0.03333333333333333 0.05185185185185185
0 0.9861979166666667 0.11481481481481481 0.0265625 0.04814814814814815
0 0.95234375 0.12824074074074074 0.065625 0.07777777777777778
0 0.878125 0.04861111111111111 0.029166666666666667 0.03981481481481482
0 0.9096354166666667 0.06435185185185185 0.021354166666666667 0.040740740740740744
0 0.5072916666666667 0.22870370370370371 0.08489583333333334 0.08796296296296297
0 0.5075520833333333 0.1875 0.09427083333333333 0.03333333333333333
0 0.5171875 0.125 0.0453125 0.09444444444444444
0 0.5494791666666666 0.07731481481481481 0.0453125 0.0824074074074074
0 0.5869791666666667 0.10787037037037037 0.04114583333333333 0.06851851851851852
0 0.42552083333333335 0.22314814814814815 0.058333333333333334 0.08333333333333333
0 0.3809895833333333 0.2 0.057291666666666664 0.05740740740740741
0 0.4153645833333333 0.1638888888888889 0.05625 0.041666666666666664
0 0.47239583333333335 0.1310185185185185 0.0375 0.10555555555555556
0 0.40859375 0.13194444444444445 0.0484375 0.05740740740740741
0 0.4388020833333333 0.10694444444444444 0.049479166666666664 0.06388888888888888
0 0.4283854166666667 0.07453703703703704 0.0546875 0.03518518518518519
0 0.44817708333333334 0.04212962962962963 0.03958333333333333 0.05925925925925926
0 0.41875 0.04212962962962963 0.0265625 0.08425925925925926
0 0.3578125 0.027314814814814816 0.040625 0.05462962962962963
0 0.24869791666666666 0.020370370370370372 0.040625 0.040740740740740744