0 0.08255208333333333 0.38055555555555554 0.08697916666666666 0.1648148148148148
0 0.6489583333333333 0.43425925925925923 0.14166666666666666 0.13703703703703704
0 0.6973958333333333 0.3162037037037037 0.09791666666666667 0.12685185185185185
0 0.79765625 0.32175925925925924 0.06770833333333333 0.11851851851851852
0 0.8072916666666666 0.2337962962962963 0.10416666666666667 0.13703703703703704
0 0.9252604166666667 0.41898148148148145 0.046875 0.125
0 0.9447916666666667 0.32407407407407407 0.05625 0.12314814814814815
0 0.9322916666666666 0.25092592592592594 0.0625 0.09722222222222222
0 0.9739583333333334 0.24074074074074073 0.052083333333333336 0.10185185185185185
0 0.9796875 0.4476851851851852 0.040625 0.12685185185185185
0 0.8971354166666666 0.5717592592592593 0.11354166666666667 0.13148148148148148
0 0.96484375 0.5615740740740741 0.0703125 0.1388888888888889
0 0.5598958333333334 0.7671296296296296 0.1875 0.18518518518518517
0 0.4479166666666667 0.38055555555555554 0.0796875 0.09074074074074075
0 0.5515625 0.3300925925925926 0.09635416666666667 0.19166666666666668
0 0.5838541666666667 0.175 0.058333333333333334 0.10925925925925926
0 0.6450520833333333 0.1412037037037037 0.046875 0.125
0 0.703125 0.1912037037037037 0.0453125 0.08981481481481482
0 0.7265625 0.1388888888888889 0.052083333333333336 0.058333333333333334
0 0.6635416666666667 0.06944444444444445 0.09114583333333333 0.10462962962962963
0 0.75390625 0.08194444444444444 0.049479166666666664 0.06759259259259259
0 0.7994791666666666 0.10972222222222222 0.043229166666666666 0.09259259259259259
0 0.94453125 0.04537037037037037 0.0609375 0.07592592592592592
0 0.8950520833333333 0.08333333333333333 0.09010416666666667 0.06481481481481481
0 0.2799479166666667 0.45925925925925926 0.07552083333333333 0.10925925925925926
0 0.2716145833333333 0.3347222222222222 0.09739583333333333 0.1111111111111111
0 0.3307291666666667 0.2810185185185185 0.06927083333333334 0.08333333333333333
0 0.3815104166666667 0.2986111111111111 0.06875 0.11296296296296296
0 0.4002604166666667 0.45601851851851855 0.0765625 0.09074074074074075
0 0.18802083333333333 0.2708333333333333 0.10520833333333333 0.10925925925925926
0 0.09817708333333333 0.2439814814814815 0.09010416666666667 0.1111111111111111
0 0.02421875 0.23472222222222222 0.0484375 0.08333333333333333
0 0.2598958333333333 0.1884259259259259 0.06145833333333333 0.06759259259259259
0 0.22005208333333334 0.2023148148148148 0.0546875 0.07407407407407407
0 0.1375 0.18888888888888888 0.04791666666666667 0.08518518518518518
0 0.09713541666666667 0.17685185185185184 0.050520833333333334 0.09074074074074075
0 0.34869791666666666 0.2050925925925926 0.044270833333333336 0.08703703703703704
0 0.3260416666666667 0.14212962962962963 0.0390625 0.053703703703703705
0 0.40625 0.12777777777777777 0.03333333333333333 0.04814814814814815
0 0.38333333333333336 0.08425925925925926 0.04375 0.024074074074074074
0 0.3880208333333333 0.11296296296296296 0.0328125 0.03888888888888889
0 0.43723958333333335 0.19583333333333333 0.044270833333333336 0.075
0 0.3958333333333333 0.19398148148148148 0.0375 0.09259259259259259
0 0.45078125 0.09537037037037037 0.03854166666666667 0.04351851851851852
0 0.4979166666666667 0.08472222222222223 0.06458333333333334 0.05185185185185185
0 0.46979166666666666 0.14583333333333334 0.04583333333333333 0.06388888888888888
0 0.27005208333333336 0.1449074074074074 0.0484375 0.05185185185185185
0 0.29296875 0.13287037037037036 0.05677083333333333 0.06388888888888888
0 0.30572916666666666 0.08935185185185185 0.052083333333333336 0.04537037037037037
0 0.3255208333333333 0.03564814814814815 0.0625 0.062037037037037036
0 0.20963541666666666 0.12083333333333333 0.0734375 0.075
0 0.28880208333333335 0.06666666666666667 0.051041666666666666 0.03981481481481482
0 0.5309895833333333 0.025925925925925925 0.022395833333333334 0.03333333333333333
0 0.5578125 0.01574074074074074 0.027604166666666666 0.030555555555555555
0 0.5846354166666666 0.017592592592592594 0.024479166666666666 0.027777777777777776
0 0.5666666666666667 0.05185185185185185 0.022916666666666665 0.022222222222222223
0 0.4544270833333333 0.01574074074074074 0.033854166666666664 0.026851851851851852
0 0.40572916666666664 0.04259259259259259 0.05 0.06018518518518518
0 0.4640625 0.049074074074074076 0.0640625 0.027777777777777776
0 0.8236979166666667 0.03518518518518519 0.0265625 0.025
0 0.8526041666666667 0.03518518518518519 0.035416666666666666 0.025
0 0.7526041666666666 0.03148148148148148 0.04635416666666667 0.026851851851851852
0 0.7268229166666667 0.07453703703703704 0.0421875 0.06944444444444445