0 0.11328125 0.047685185185185185 0.04114583333333333 0.05462962962962963
0 0.08723958333333333 0.053703703703703705 0.025520833333333333 0.07407407407407407
0 0.062239583333333334 0.034722222222222224 0.043229166666666666 0.05648148148148148
0 0.04583333333333333 0.020370370370370372 0.03125 0.040740740740740744
0 0.1078125 0.01990740740740741 0.03333333333333333 0.03981481481481482
0 0.13645833333333332 0.014814814814814815 0.03802083333333333 0.02962962962962963
0 0.16223958333333333 0.008796296296296297 0.021354166666666667 0.017592592592592594
0 0.17708333333333334 0.04814814814814815 0.034895833333333334 0.058333333333333334
0 0.13515625 0.07083333333333333 0.03802083333333333 0.032407407407407406
0 0.15677083333333333 0.08842592592592592 0.03958333333333333 0.058333333333333334
0 0.11067708333333333 0.10833333333333334 0.05364583333333333 0.05555555555555555
0 0.05286458333333333 0.1 0.0375 0.04537037037037037
0 0.025260416666666667 0.12222222222222222 0.025 0.04814814814814815
0 0.007291666666666667 0.12546296296296297 0.014583333333333334 0.03518518518518519
0 0.00859375 0.15694444444444444 0.015104166666666667 0.04537037037037037
0 0.04583333333333333 0.13194444444444445 0.034895833333333334 0.03796296296296296
0 0.03229166666666667 0.17592592592592593 0.05260416666666667 0.07962962962962963
0 0.0734375 0.1486111111111111 0.042708333333333334 0.05
0 0.0828125 0.17407407407407408 0.03854166666666667 0.049074074074074076
0 0.08020833333333334 0.2222222222222222 0.0421875 0.08148148148148149
0 0.13854166666666667 0.17546296296296296 0.06614583333333333 0.046296296296296294
0 0.17786458333333333 0.1412037037037037 0.04739583333333333 0.05925925925925926
0 0.012239583333333333 0.2074074074074074 0.024479166666666666 0.06759259259259259
0 0.011197916666666667 0.26666666666666666 0.022395833333333334 0.02962962962962963
0 0.019270833333333334 0.28379629629629627 0.03854166666666667 0.026851851851851852
0 0.0296875 0.32314814814814813 0.059375 0.04722222222222222
0 0.06796875 0.2861111111111111 0.05364583333333333 0.06296296296296296
0 0.1171875 0.2972222222222222 0.09635416666666667 0.06388888888888888
0 0.13645833333333332 0.24305555555555555 0.04739583333333333 0.058333333333333334
0 0.18307291666666667 0.23287037037037037 0.0546875 0.07407407407407407
0 0.22239583333333332 0.07314814814814814 0.05625 0.05555555555555555
0 0.21380208333333334 0.040740740740740744 0.026041666666666668 0.041666666666666664
0 0.20572916666666666 0.025 0.017708333333333333 0.022222222222222223
0 0.21588541666666666 0.006944444444444444 0.0421875 0.013888888888888888
0 0.23463541666666668 0.015277777777777777 0.03229166666666667 0.026851851851851852
0 0.24635416666666668 0.04490740740740741 0.030729166666666665 0.05555555555555555
0 0.27838541666666666 0.04259259259259259 0.040625 0.05092592592592592
0 0.25677083333333334 0.012962962962962963 0.019791666666666666 0.017592592592592594
0 0.30078125 0.013425925925925926 0.034895833333333334 0.026851851851851852
0 0.24739583333333334 0.24722222222222223 0.04739583333333333 0.11203703703703703
0 0.2908854166666667 0.26990740740740743 0.06666666666666667 0.17037037037037037
0 0.20885416666666667 0.34074074074074073 0.044270833333333336 0.12222222222222222
0 0.12890625 0.37546296296296294 0.06302083333333333 0.06944444444444445
0 0.08255208333333333 0.425 0.059375 0.08333333333333333
0 0.03515625 0.41759259259259257 0.06041666666666667 0.075
0 0.03046875 0.3726851851851852 0.0609375 0.06944444444444445
0 0.11119791666666666 0.4425925925925926 0.07239583333333334 0.06759259259259259
0 0.11276041666666667 0.48148148148148145 0.07135416666666666 0.075
0 0.16848958333333333 0.44907407407407407 0.07135416666666666 0.21851851851851853
0 0.23541666666666666 0.45555555555555555 0.065625 0.17407407407407408
0 0.1703125 0.43796296296296294 0.07135416666666666 0.06481481481481481
0 0.29401041666666666 0.4537037037037037 0.09583333333333334 0.10277777777777777
0 0.13723958333333333 0.5921296296296297 0.09375 0.12407407407407407
0 0.02265625 0.4601851851851852 0.0453125 0.028703703703703703
0 0.06536458333333334 0.5092592592592593 0.0578125 0.08981481481481482
0 0.015625 0.4861111111111111 0.0265625 0.02962962962962963
0 0.01953125 0.5050925925925925 0.0390625 0.030555555555555555
0 0.03463541666666667 0.5513888888888889 0.06927083333333334 0.11018518518518519
0 0.01953125 0.6125 0.0390625 0.0962962962962963
0 0.011197916666666667 0.7152777777777778 0.022395833333333334 0.08981481481481482
0 0.15911458333333334 0.7175925925925926 0.1 0.11666666666666667
0 0.23229166666666667 0.6620370370370371 0.08958333333333333 0.09074074074074075
0 0.2559895833333333 0.737037037037037 0.08385416666666666 0.09444444444444444
0 0.20729166666666668 0.7967592592592593 0.10572916666666667 0.10277777777777777
0 0.1671875 0.8805555555555555 0.0765625 0.14814814814814814
0 0.0359375 0.9 0.071875 0.15185185185185185
0 0.103125 0.9722222222222222 0.1203125 0.05555555555555555
0 0.21302083333333333 0.9328703703703703 0.07447916666666667 0.13425925925925927
0 0.2786458333333333 0.9231481481481482 0.078125 0.15185185185185185
0 0.30182291666666666 0.8314814814814815 0.08489583333333334 0.09537037037037037
0 0.3419270833333333 0.687037037037037 0.09010416666666667 0.11481481481481481
0 0.32109375 0.6268518518518519 0.07552083333333333 0.08888888888888889
0 0.37526041666666665 0.5486111111111112 0.09010416666666667 0.09074074074074075
0 0.35911458333333335 0.5856481481481481 0.0734375 0.08425925925925926
0 0.4276041666666667 0.6351851851851852 0.07291666666666667 0.10277777777777777
0 0.40963541666666664 0.7185185185185186 0.084375 0.10277777777777777
0 0.37916666666666665 0.7981481481481482 0.09375 0.09444444444444444
0 0.35494791666666664 0.9101851851851852 0.1 0.10740740740740741
0 0.4466145833333333 0.8092592592592592 0.08958333333333333 0.13240740740740742
0 0.49192708333333335 0.7625 0.0859375 0.09814814814814815
0 0.4908854166666667 0.6620370370370371 0.07083333333333333 0.09537037037037037
0 0.4703125 0.5712962962962963 0.065625 0.08611111111111111
0 0.44140625 0.4083333333333333 0.06979166666666667 0.1037037037037037
0 0.4859375 0.41944444444444445 0.06302083333333333 0.06018518518518518
0 0.48411458333333335 0.4888888888888889 0.11458333333333333 0.09722222222222222
0 0.5541666666666667 0.6351851851851852 0.05677083333333333 0.07962962962962963
0 0.5481770833333334 0.7189814814814814 0.08958333333333333 0.07407407407407407
0 0.5864583333333333 0.8087962962962963 0.08854166666666667 0.11574074074074074
0 0.5265625 0.8773148148148148 0.07239583333333334 0.1287037037037037
0 0.4953125 0.9694444444444444 0.134375 0.06111111111111111
0 0.4583333333333333 0.9851851851851852 0.07708333333333334 0.02962962962962963
0 0.40911458333333334 0.950925925925926 0.0953125 0.09814814814814815
0 0.5921875 0.9481481481481482 0.11927083333333334 0.09537037037037037
0 0.6815104166666667 0.9532407407407407 0.09479166666666666 0.09351851851851851
0 0.65703125 0.8782407407407408 0.1046875 0.11666666666666667
0 0.6809895833333334 0.8134259259259259 0.10989583333333333 0.13518518518518519
0 0.6265625 0.7342592592592593 0.05625 0.12407407407407407
0 0.6111979166666667 0.6412037037037037 0.05520833333333333 0.0824074074074074
0 0.7036458333333333 0.6893518518518519 0.121875 0.08888888888888889
0 0.7200520833333334 0.7675925925925926 0.06979166666666667 0.17685185185185184
0 0.7427083333333333 0.6773148148148148 0.07083333333333333 0.13425925925925927
0 0.7653645833333333 0.6375 0.05416666666666667 0.14722222222222223
0 0.7200520833333334 0.5800925925925926 0.0515625 0.09166666666666666
0 0.678125 0.6212962962962963 0.07135416666666666 0.07685185185185185
0 0.6263020833333334 0.5856481481481481 0.09375 0.07037037037037037
0 0.5596354166666667 0.5680555555555555 0.10729166666666666 0.08518518518518518
0 0.6375 0.5138888888888888 0.09479166666666666 0.06944444444444445
0 0.6140625 0.4393518518518518 0.0890625 0.10740740740740741
0 0.8171875 0.5925925925925926 0.09270833333333334 0.06666666666666667
0 0.8424479166666666 0.5347222222222222 0.0828125 0.09074074074074075
0 0.8434895833333333 0.6597222222222222 0.08229166666666667 0.1
0 0.88515625 0.8546296296296296 0.08333333333333333 0.1361111111111111
0 0.775 0.9541666666666667 0.10104166666666667 0.09166666666666666
0 0.96015625 0.5009259259259259 0.06458333333333334 0.17314814814814813
0 0.9515625 0.14814814814814814 0.042708333333333334 0.09166666666666666
0 0.9875 0.16712962962962963 0.025 0.0824074074074074
0 0.99375 0.19074074074074074 0.0125 0.07037037037037037
0 0.9765625 0.0837962962962963 0.04583333333333333 0.05185185185185185
0 0.9481770833333333 0.07037037037037037 0.0390625 0.05648148148148148
0 0.9526041666666667 0.02546296296296296 0.044270833333333336 0.05092592592592592
0 0.9015625 0.011111111111111112 0.04583333333333333 0.022222222222222223
0 0.853125 0.14444444444444443 0.043229166666666666 0.06944444444444445
0 0.9927083333333333 0.13148148148148148 0.014583333333333334 0.03518518518518519
0 0.74765625 0.21296296296296297 0.05 0.058333333333333334
0 0.7033854166666667 0.2273148148148148 0.04479166666666667 0.041666666666666664
0 0.69375 0.26296296296296295 0.065625 0.04259259259259259
0 0.6549479166666666 0.2310185185185185 0.035416666666666666 0.05740740740740741
0 0.6651041666666667 0.19074074074074074 0.06197916666666667 0.03888888888888889
0 0.678125 0.1574074074074074 0.06510416666666667 0.044444444444444446
0 0.65625 0.09305555555555556 0.075 0.07222222222222222
0 0.6848958333333334 0.05 0.0453125 0.06759259259259259
0 0.6526041666666667 0.03796296296296296 0.05 0.05185185185185185
0 0.5713541666666667 0.1375 0.07916666666666666 0.08148148148148149
0 0.5625 0.05324074074074074 0.051041666666666666 0.09166666666666666
0 0.5895833333333333 0.20092592592592592 0.05260416666666667 0.06111111111111111
0 0.5513020833333333 0.28935185185185186 0.042708333333333334 0.10925925925925926
0 0.62265625 0.26064814814814813 0.036458333333333336 0.10648148148148148
0 0.46041666666666664 0.1865740740740741 0.07239583333333334 0.09259259259259259
0 0.4203125 0.1439814814814815 0.05520833333333333 0.046296296296296294
0 0.39036458333333335 0.12037037037037036 0.058333333333333334 0.041666666666666664
0 0.32083333333333336 0.09444444444444444 0.03802083333333333 0.10277777777777777
0 0.33359375 0.16342592592592592 0.0453125 0.10185185185185185
0 0.3578125 0.06527777777777778 0.03802083333333333 0.07407407407407407
0 0.3893229166666667 0.06666666666666667 0.0328125 0.06018518518518518
0 0.41640625 0.08009259259259259 0.040625 0.07407407407407407
0 0.4322916666666667 0.0587962962962963 0.04583333333333333 0.05555555555555555
0 0.37057291666666664 0.019444444444444445 0.03125 0.03888888888888889
0 0.3971354166666667 0.015277777777777777 0.024479166666666666 0.030555555555555555
0 0.3458333333333333 0.018518518518518517 0.019270833333333334 0.037037037037037035
0 0.43411458333333336 0.019444444444444445 0.027604166666666666 0.03888888888888889
0 0.4666666666666667 0.037037037037037035 0.04895833333333333 0.07407407407407407
0 0.5153645833333333 0.03009259259259259 0.0453125 0.06018518518518518
0 0.5927083333333333 0.018518518518518517 0.023958333333333335 0.037037037037037035
0 0.56015625 0.0125 0.03125 0.025
0 0.63203125 0.02824074074074074 0.040625 0.05648148148148148