0 0.78203125 0.6370370370370371 0.09791666666666667 0.11944444444444445
0 0.6106770833333334 0.5342592592592592 0.08958333333333333 0.06666666666666667
0 0.609375 0.45046296296296295 0.11041666666666666 0.07962962962962963
0 0.7700520833333333 0.4078703703703704 0.065625 0.075
0 0.7963541666666667 0.3486111111111111 0.04791666666666667 0.041666666666666664
0 0.7690104166666667 0.30185185185185187 0.0578125 0.053703703703703705
0 0.7377604166666667 0.33194444444444443 0.04479166666666667 0.05277777777777778
0 0.7078125 0.3013888888888889 0.04739583333333333 0.05277777777777778
0 0.59765625 0.325 0.06041666666666667 0.0962962962962963
0 0.6244791666666667 0.23287037037037037 0.053125 0.07037037037037037
0 0.7080729166666667 0.21435185185185185 0.04010416666666667 0.027777777777777776
0 0.44557291666666665 0.5481481481481482 0.06510416666666667 0.11851851851851852
0 0.5609375 0.8351851851851851 0.11979166666666667 0.11666666666666667
0 0.5776041666666667 0.9351851851851852 0.09791666666666667 0.12962962962962962
0 0.6533854166666667 0.9194444444444444 0.06822916666666666 0.1425925925925926
0 0.940625 0.8842592592592593 0.11875 0.1398148148148148
0 0.175 0.6689814814814815 0.07239583333333334 0.15185185185185185
0 0.25104166666666666 0.5967592592592592 0.0609375 0.1675925925925926
0 0.35078125 0.6199074074074075 0.08697916666666666 0.09074074074074075
0 0.3533854166666667 0.5226851851851851 0.051041666666666666 0.10925925925925926
0 0.27369791666666665 0.4925925925925926 0.0703125 0.0712962962962963
0 0.31536458333333334 0.45 0.0515625 0.04259259259259259
0 0.3380208333333333 0.4212962962962963 0.034375 0.062037037037037036
0 0.36354166666666665 0.4046296296296296 0.035416666666666666 0.05555555555555555
0 0.36328125 0.36574074074074076 0.013020833333333334 0.028703703703703703
0 0.29270833333333335 0.3476851851851852 0.044270833333333336 0.023148148148148147
0 0.29270833333333335 0.37222222222222223 0.0484375 0.02962962962962963
0 0.3372395833333333 0.31574074074074077 0.026041666666666668 0.021296296296296296
0 0.31640625 0.3138888888888889 0.05 0.03518518518518519
0 0.3875 0.30787037037037035 0.034895833333333334 0.018518518518518517
0 0.35885416666666664 0.3055555555555556 0.0296875 0.032407407407407406
0 0.325 0.2814814814814815 0.0515625 0.027777777777777776
0 0.42473958333333334 0.3768518518518518 0.053125 0.046296296296296294
0 0.409375 0.3490740740740741 0.044270833333333336 0.03518518518518519
0 0.45651041666666664 0.38981481481481484 0.04010416666666667 0.06759259259259259
0 0.47682291666666665 0.35462962962962963 0.05572916666666667 0.05092592592592592
0 0.51015625 0.3351851851851852 0.05364583333333333 0.049074074074074076
0 0.55546875 0.3314814814814815 0.051041666666666666 0.041666666666666664
0 0.54296875 0.22175925925925927 0.029166666666666667 0.04537037037037037
0 0.5369791666666667 0.1912037037037037 0.04114583333333333 0.02962962962962963
0 0.58515625 0.17546296296296296 0.029166666666666667 0.04814814814814815
0 0.6408854166666667 0.17685185185185184 0.025 0.04351851851851852
0 0.62890625 0.14953703703703702 0.046875 0.028703703703703703
0 0.68203125 0.18425925925925926 0.049479166666666664 0.04814814814814815
0 0.7057291666666666 0.14074074074074075 0.030208333333333334 0.03796296296296296
0 0.7307291666666667 0.14629629629629629 0.030729166666666665 0.021296296296296296
0 0.7731770833333333 0.18518518518518517 0.0375 0.03333333333333333
0 0.7583333333333333 0.23055555555555557 0.03125 0.022222222222222223
0 0.74140625 0.26805555555555555 0.05 0.044444444444444446
0 0.7190104166666667 0.24212962962962964 0.053125 0.032407407407407406
0 0.8091145833333333 0.25046296296296294 0.034895833333333334 0.04259259259259259
0 0.7893229166666667 0.23148148148148148 0.028125 0.032407407407407406
0 0.66875 0.0763888888888889 0.034375 0.053703703703703705
0 0.7255208333333333 0.11203703703703703 0.03125 0.026851851851851852
0 0.7138020833333333 0.09212962962962963 0.029166666666666667 0.027777777777777776
0 0.7005208333333334 0.06851851851851852 0.017708333333333333 0.019444444444444445
0 0.77265625 0.11712962962962963 0.03125 0.021296296296296296
0 0.8708333333333333 0.37453703703703706 0.058333333333333334 0.04814814814814815
0 0.8494791666666667 0.3375 0.0234375 0.04259259259259259
0 0.87265625 0.32407407407407407 0.03802083333333333 0.06018518518518518
0 0.9078125 0.33796296296296297 0.04791666666666667 0.06388888888888888
0 0.9455729166666667 0.3421296296296296 0.033854166666666664 0.05740740740740741
0 0.921875 0.3912037037037037 0.04895833333333333 0.05185185185185185
0 0.89609375 0.42777777777777776 0.0546875 0.06018518518518518
0 0.9322916666666666 0.44351851851851853 0.026041666666666668 0.08796296296296297
0 0.96171875 0.462037037037037 0.05260416666666667 0.05277777777777778
0 0.97734375 0.5273148148148148 0.0453125 0.11574074074074074
0 0.9622395833333334 0.42453703703703705 0.03125 0.046296296296296294
0 0.98828125 0.4305555555555556 0.0234375 0.06759259259259259
0 0.9802083333333333 0.21666666666666667 0.033854166666666664 0.07222222222222222
0 0.8875 0.1259259259259259 0.03177083333333333 0.044444444444444446
0 0.9088541666666666 0.1412037037037037 0.022916666666666665 0.040740740740740744
0 0.9026041666666667 0.18425925925925926 0.034375 0.044444444444444446
0 0.9614583333333333 0.15462962962962962 0.0359375 0.024074074074074074
0 0.9489583333333333 0.12546296296296297 0.030729166666666665 0.032407407407407406
0 0.8518229166666667 0.11296296296296296 0.027083333333333334 0.04351851851851852
0 0.9169270833333333 0.10833333333333334 0.035416666666666666 0.03148148148148148
0 0.7486979166666666 0.13518518518518519 0.03177083333333333 0.025925925925925925
0 0.7432291666666667 0.16620370370370371 0.030729166666666665 0.02962962962962963
0 0.5981770833333333 0.10092592592592593 0.044270833333333336 0.040740740740740744
0 0.3494791666666667 0.19814814814814816 0.028125 0.08055555555555556
0 0.36041666666666666 0.16712962962962963 0.022916666666666665 0.05185185185185185
0 0.3807291666666667 0.1527777777777778 0.023958333333333335 0.05
0 0.03203125 0.6662037037037037 0.06041666666666667 0.06944444444444445
0 0.07786458333333333 0.5398148148148149 0.0375 0.04351851851851852
0 0.1078125 0.5513888888888889 0.033854166666666664 0.06759259259259259
0 0.07421875 0.6324074074074074 0.030729166666666665 0.05277777777777778
0 0.020572916666666666 0.475462962962963 0.026041666666666668 0.08055555555555556
0 0.04739583333333333 0.37083333333333335 0.0390625 0.05925925925925926
0 0.047135416666666666 0.33240740740740743 0.04114583333333333 0.037037037037037035
0 0.07005208333333333 0.3458333333333333 0.022395833333333334 0.044444444444444446
0 0.13072916666666667 0.3060185185185185 0.034375 0.03425925925925926
0 0.04375 0.42916666666666664 0.0265625 0.03518518518518519
0 0.0515625 0.4050925925925926 0.01875 0.027777777777777776
0 0.08385416666666666 0.4060185185185185 0.019270833333333334 0.028703703703703703
0 0.09895833333333333 0.37962962962962965 0.016145833333333335 0.023148148148148147
0 0.11953125 0.38333333333333336 0.016666666666666666 0.025
0 0.10963541666666667 0.41944444444444445 0.022395833333333334 0.027777777777777776
0 0.058854166666666666 0.47685185185185186 0.0375 0.058333333333333334
0 0.09322916666666667 0.4847222222222222 0.06510416666666667 0.040740740740740744
0 0.1265625 0.49074074074074076 0.0453125 0.04537037037037037
0 0.15130208333333334 0.4361111111111111 0.025520833333333333 0.02962962962962963
0 0.10859375 0.4513888888888889 0.015625 0.027777777777777776
0 0.16588541666666667 0.3587962962962963 0.01875 0.025
0 0.17786458333333333 0.37037037037037035 0.019270833333333334 0.020370370370370372
0 0.18229166666666666 0.38842592592592595 0.020833333333333332 0.024074074074074074
0 0.15677083333333333 0.39861111111111114 0.020833333333333332 0.023148148148148147
0 0.10651041666666666 0.29814814814814816 0.023958333333333335 0.022222222222222223
0 0.06536458333333334 0.27824074074074073 0.010416666666666666 0.019444444444444445
0 0.1421875 0.2740740740740741 0.041666666666666664 0.025925925925925925
0 0.13385416666666666 0.2388888888888889 0.04635416666666667 0.028703703703703703
0 0.16380208333333332 0.24537037037037038 0.03697916666666667 0.027777777777777776
0 0.21796875 0.30462962962962964 0.0296875 0.04351851851851852
0 0.18828125 0.3296296296296296 0.0296875 0.025925925925925925
0 0.134375 0.33564814814814814 0.04635416666666667 0.020370370370370372
0 0.10052083333333334 0.337037037037037 0.034895833333333334 0.03981481481481482
0 0.13671875 0.3541666666666667 0.034895833333333334 0.032407407407407406
0 0.2109375 0.3333333333333333 0.016145833333333335 0.016666666666666666
0 0.19583333333333333 0.24351851851851852 0.016145833333333335 0.018518518518518517
0 0.23359375 0.26064814814814813 0.03125 0.013888888888888888
0 0.19140625 0.29768518518518516 0.027083333333333334 0.020370370370370372
0 0.09270833333333334 0.26851851851851855 0.03697916666666667 0.032407407407407406
0 0.13697916666666668 0.19953703703703704 0.03697916666666667 0.03148148148148148
0 0.21510416666666668 0.2013888888888889 0.024479166666666666 0.04537037037037037
0 0.28046875 0.19490740740740742 0.0421875 0.05462962962962963
0 0.2625 0.25416666666666665 0.030729166666666665 0.018518518518518517
0 0.25078125 0.4078703703703704 0.05 0.06851851851851852
0 0.4049479166666667 0.2587962962962963 0.030729166666666665 0.04537037037037037
0 0.45416666666666666 0.25324074074074077 0.04791666666666667 0.028703703703703703
0 0.44947916666666665 0.2777777777777778 0.044270833333333336 0.023148148148148147
0 0.4940104166666667 0.28935185185185186 0.058333333333333334 0.041666666666666664
0 0.5096354166666667 0.2574074074074074 0.028645833333333332 0.041666666666666664
0 0.33046875 0.24259259259259258 0.0265625 0.05277777777777778
0 0.37083333333333335 0.27037037037037037 0.04010416666666667 0.05185185185185185
0 0.3932291666666667 0.1925925925925926 0.016145833333333335 0.032407407407407406
0 0.41640625 0.20925925925925926 0.026041666666666668 0.062037037037037036
0 0.5760416666666667 0.06851851851851852 0.029166666666666667 0.03148148148148148
0 0.37890625 0.46064814814814814 0.0484375 0.06574074074074074
0 0.30026041666666664 0.4078703703703704 0.0546875 0.05648148148148148
0 0.3125 0.9212962962962963 0.08489583333333334 0.15092592592592594
0 0.3854166666666667 0.9638888888888889 0.0609375 0.07222222222222222
0 0.4609375 0.9740740740740741 0.04635416666666667 0.05185185185185185
0 0.9544270833333334 0.662962962962963 0.04791666666666667 0.1259259259259259
0 0.9888020833333333 0.700462962962963 0.022395833333333334 0.08425925925925926
0 0.5065104166666666 0.19814814814814816 0.016666666666666666 0.03518518518518519
0 0.475 0.22824074074074074 0.0359375 0.03981481481481482
0 0.44947916666666665 0.17824074074074073 0.028645833333333332 0.03518518518518519
0 0.5375 0.1337962962962963 0.0203125 0.03981481481481482
0 0.6302083333333334 0.047685185185185185 0.036458333333333336 0.03888888888888889
0 0.6354166666666666 0.08888888888888889 0.03854166666666667 0.044444444444444446
0 0.60546875 0.03148148148148148 0.024479166666666666 0.04351851851851852
0 0.60546875 0.05925925925925926 0.025520833333333333 0.02962962962962963
0 0.6671875 0.2439814814814815 0.04583333333333333 0.05