0 0.7125 0.5583333333333333 0.07239583333333334 0.11296296296296296
0 0.67890625 0.825462962962963 0.12916666666666668 0.13796296296296295
0 0.4984375 0.7541666666666667 0.09427083333333333 0.2490740740740741
0 0.4231770833333333 0.8597222222222223 0.12604166666666666 0.13796296296296295
0 0.5234375 0.6101851851851852 0.057291666666666664 0.21666666666666667
0 0.6346354166666667 0.43796296296296294 0.05 0.1111111111111111
0 0.3265625 0.6800925925925926 0.10833333333333334 0.12685185185185185
0 0.3971354166666667 0.5962962962962963 0.09479166666666666 0.08518518518518518
0 0.20677083333333332 0.5259259259259259 0.07864583333333333 0.13703703703703704
0 0.31953125 0.43703703703703706 0.08125 0.1
0 0.3690104166666667 0.5337962962962963 0.06510416666666667 0.06574074074074074
0 0.43515625 0.512962962962963 0.07447916666666667 0.0787037037037037
0 0.38515625 0.45925925925925926 0.06354166666666666 0.09537037037037037
0 0.41458333333333336 0.42592592592592593 0.041666666666666664 0.09351851851851851
0 0.42083333333333334 0.387037037037037 0.03958333333333333 0.058333333333333334
0 0.3796875 0.38981481481481484 0.022916666666666665 0.040740740740740744
0 0.47890625 0.39537037037037037 0.04635416666666667 0.04259259259259259
0 0.50859375 0.40694444444444444 0.04739583333333333 0.06296296296296296
0 0.7799479166666666 0.9490740740740741 0.1328125 0.10185185185185185
0 0.3390625 0.9703703703703703 0.13125 0.05925925925925926
0 0.9252604166666667 0.575925925925926 0.09895833333333333 0.1638888888888889
0 0.978125 0.4791666666666667 0.04375 0.09537037037037037
0 0.91015625 0.8143518518518519 0.13333333333333333 0.1287037037037037
0 0.9776041666666667 0.8050925925925926 0.04479166666666667 0.1675925925925926
0 0.9520833333333333 0.2935185185185185 0.0484375 0.06666666666666667
0 0.8643229166666667 0.35462962962962963 0.06197916666666667 0.07037037037037037
0 0.7182291666666667 0.44907407407407407 0.0640625 0.09537037037037037
0 0.7721354166666666 0.4166666666666667 0.04479166666666667 0.06944444444444445
0 0.6841145833333333 0.4023148148148148 0.04895833333333333 0.08055555555555556
0 0.6609375 0.3416666666666667 0.050520833333333334 0.04722222222222222
0 0.709375 0.32083333333333336 0.03177083333333333 0.046296296296296294
0 0.7588541666666667 0.3712962962962963 0.03229166666666667 0.053703703703703705
0 0.7424479166666667 0.34305555555555556 0.029166666666666667 0.05648148148148148
0 0.72890625 0.3958333333333333 0.042708333333333334 0.03611111111111111
0 0.80234375 0.36064814814814816 0.051041666666666666 0.05925925925925926
0 0.9088541666666666 0.3125 0.043229166666666666 0.05092592592592592
0 0.8981770833333333 0.34305555555555556 0.034895833333333334 0.058333333333333334
0 0.9848958333333333 0.24953703703703703 0.030208333333333334 0.07592592592592592
0 0.9671875 0.21388888888888888 0.029166666666666667 0.06666666666666667
0 0.7604166666666666 0.15694444444444444 0.04479166666666667 0.0787037037037037
0 0.7791666666666667 0.2537037037037037 0.022916666666666665 0.026851851851851852
0 0.74140625 0.23981481481481481 0.018229166666666668 0.019444444444444445
0 0.75546875 0.24212962962962964 0.013541666666666667 0.019444444444444445
0 0.753125 0.2824074074074074 0.0359375 0.04259259259259259
0 0.3346354166666667 0.31574074074074077 0.06875 0.062037037037037036
0 0.30807291666666664 0.35324074074074074 0.041666666666666664 0.030555555555555555
0 0.2296875 0.3574074074074074 0.058333333333333334 0.04537037037037037
0 0.2203125 0.33287037037037037 0.04895833333333333 0.03333333333333333
0 0.2625 0.44907407407407407 0.07083333333333333 0.062037037037037036
0 0.3338541666666667 0.3726851851851852 0.05364583333333333 0.040740740740740744
0 0.33125 0.2638888888888889 0.06458333333333334 0.06481481481481481
0 0.3703125 0.2412037037037037 0.04375 0.06018518518518518
0 0.4153645833333333 0.22592592592592592 0.059375 0.05092592592592592
0 0.39296875 0.29814814814814816 0.0546875 0.05
0 0.4005208333333333 0.3282407407407407 0.0484375 0.04537037037037037
0 0.38645833333333335 0.36203703703703705 0.03229166666666667 0.025
0 0.20963541666666666 0.4023148148148148 0.058333333333333334 0.05185185185185185
0 0.24739583333333334 0.1824074074074074 0.04895833333333333 0.05092592592592592
0 0.23359375 0.23194444444444445 0.058854166666666666 0.04537037037037037
0 0.13411458333333334 0.5106481481481482 0.05416666666666667 0.06111111111111111
0 0.10104166666666667 0.4791666666666667 0.08385416666666666 0.075
0 0.0640625 0.3416666666666667 0.0765625 0.08611111111111111
0 0.03671875 0.3013888888888889 0.04739583333333333 0.07222222222222222
0 0.05963541666666667 0.22268518518518518 0.052083333333333336 0.1037037037037037
0 0.11197916666666667 0.18287037037037038 0.0453125 0.10925925925925926
0 0.19427083333333334 0.17314814814814813 0.04635416666666667 0.06944444444444445
0 0.02578125 0.2388888888888889 0.034895833333333334 0.06111111111111111
0 0.037760416666666664 0.6995370370370371 0.07552083333333333 0.15092592592592594
0 0.4783854166666667 0.28564814814814815 0.022916666666666665 0.026851851851851852
0 0.49453125 0.2712962962962963 0.021875 0.030555555555555555
0 0.48125 0.2513888888888889 0.022916666666666665 0.030555555555555555
0 0.47734375 0.2263888888888889 0.04375 0.037037037037037035
0 0.4947916666666667 0.19814814814814816 0.03177083333333333 0.03425925925925926
0 0.4515625 0.19583333333333333 0.03229166666666667 0.03425925925925926
0 0.5236979166666667 0.2490740740740741 0.0171875 0.025
0 0.45651041666666664 0.31666666666666665 0.0453125 0.03148148148148148
0 0.47630208333333335 0.3296296296296296 0.058854166666666666 0.04537037037037037
0 0.4354166666666667 0.26990740740740743 0.028125 0.049074074074074076
0 0.525 0.21805555555555556 0.0390625 0.03518518518518519
0 0.5684895833333333 0.18055555555555555 0.051041666666666666 0.041666666666666664
0 0.5815104166666667 0.20925925925925926 0.053125 0.04537037037037037
0 0.5658854166666667 0.275 0.06302083333333333 0.06111111111111111
0 0.8763020833333334 0.19953703703703704 0.033854166666666664 0.023148148148148147
0 0.8466145833333333 0.29305555555555557 0.03854166666666667 0.03888888888888889
0 0.8192708333333333 0.17083333333333334 0.033854166666666664 0.03148148148148148
0 0.7893229166666667 0.0787037037037037 0.029166666666666667 0.06666666666666667
0 0.7791666666666667 0.09953703703703703 0.020833333333333332 0.06018518518518518
0 0.76875 0.10231481481481482 0.0234375 0.05092592592592592
0 0.75859375 0.10740740740740741 0.022395833333333334 0.05648148148148148
0 0.8546875 0.018055555555555554 0.028125 0.03611111111111111
0 0.9635416666666666 0.14629629629629629 0.0296875 0.04351851851851852
0 0.9375 0.17314814814814813 0.025 0.05185185185185185
0 0.6122395833333333 0.0712962962962963 0.023958333333333335 0.021296296296296296
0 0.65859375 0.0787037037037037 0.04791666666666667 0.03518518518518519
0 0.5755208333333334 0.11435185185185186 0.04375 0.02962962962962963