0 0.8263020833333333 0.023148148148148147 0.0328125 0.03888888888888889
0 0.8161458333333333 0.03981481481481482 0.03177083333333333 0.046296296296296294
0 0.8044270833333333 0.058333333333333334 0.03333333333333333 0.053703703703703705
0 0.8002604166666667 0.06574074074074074 0.036458333333333336 0.049074074074074076
0 0.7859375 0.08981481481481482 0.0375 0.03981481481481482
0 0.7815104166666667 0.11527777777777778 0.04739583333333333 0.05925925925925926
0 0.7640625 0.12685185185185185 0.0296875 0.05092592592592592
0 0.7565104166666666 0.15601851851851853 0.04375 0.05185185185185185
0 0.7283854166666667 0.18703703703703703 0.017708333333333333 0.04537037037037037
0 0.75078125 0.18888888888888888 0.03958333333333333 0.021296296296296296
0 0.87421875 0.07314814814814814 0.024479166666666666 0.021296296296296296
0 0.95703125 0.037037037037037035 0.029166666666666667 0.023148148148148147
0 0.9799479166666667 0.08518518518518518 0.015104166666666667 0.04259259259259259
0 0.96484375 0.0875 0.019270833333333334 0.03611111111111111
0 0.9361979166666666 0.10231481481481482 0.0265625 0.023148148148148147
0 0.9083333333333333 0.10277777777777777 0.030729166666666665 0.012037037037037037
0 0.9111979166666667 0.11712962962962963 0.027604166666666666 0.013888888888888888
0 0.93125 0.12777777777777777 0.03802083333333333 0.022222222222222223
0 0.9786458333333333 0.1449074074074074 0.023958333333333335 0.04351851851851852
0 0.95703125 0.1375 0.03177083333333333 0.013888888888888888
0 0.9270833333333334 0.14212962962962963 0.036458333333333336 0.01574074074074074
0 0.85 0.13148148148148148 0.04479166666666667 0.024074074074074074
0 0.85625 0.16527777777777777 0.046875 0.05092592592592592
0 0.8606770833333334 0.10416666666666667 0.027083333333333334 0.013888888888888888
0 0.8088541666666667 0.16712962962962963 0.03177083333333333 0.017592592592592594
0 0.8197916666666667 0.17916666666666667 0.0234375 0.03611111111111111
0 0.84375 0.20185185185185187 0.022916666666666665 0.012962962962962963
0 0.8330729166666667 0.2125 0.033854166666666664 0.032407407407407406
0 0.8643229166666667 0.2023148148148148 0.019270833333333334 0.026851851851851852
0 0.8799479166666667 0.22083333333333333 0.05572916666666667 0.03796296296296296
0 0.8950520833333333 0.19953703703703704 0.03125 0.046296296296296294
0 0.9294270833333333 0.19074074074074074 0.03802083333333333 0.032407407407407406
0 0.91484375 0.17314814814814813 0.018229166666666668 0.04722222222222222
0 0.959375 0.20555555555555555 0.021875 0.04351851851851852
0 0.9825520833333333 0.19027777777777777 0.033854166666666664 0.04537037037037037
0 0.98671875 0.2212962962962963 0.025520833333333333 0.05092592592592592
0 0.9744791666666667 0.2388888888888889 0.03854166666666667 0.03518518518518519
0 0.9815104166666667 0.2740740740740741 0.0328125 0.04259259259259259
0 0.9328125 0.2388888888888889 0.051041666666666666 0.03981481481481482
0 0.9432291666666667 0.2861111111111111 0.04479166666666667 0.04351851851851852
0 0.9174479166666667 0.31296296296296294 0.0515625 0.04722222222222222
0 0.91015625 0.2740740740740741 0.018229166666666668 0.02962962962962963
0 0.86171875 0.2587962962962963 0.04010416666666667 0.022222222222222223
0 0.84140625 0.24861111111111112 0.034375 0.026851851851851852
0 0.815625 0.23287037037037037 0.03697916666666667 0.028703703703703703
0 0.77109375 0.22592592592592592 0.04375 0.028703703703703703
0 0.8010416666666667 0.2199074074074074 0.025520833333333333 0.024074074074074074
0 0.7317708333333334 0.2152777777777778 0.03802083333333333 0.021296296296296296
0 0.76171875 0.2412037037037037 0.04895833333333333 0.025925925925925925
0 0.7309895833333333 0.2439814814814815 0.019270833333333334 0.017592592592592594
0 0.7971354166666667 0.26157407407407407 0.04114583333333333 0.021296296296296296
0 0.76484375 0.26944444444444443 0.020833333333333332 0.025
0 0.85390625 0.2916666666666667 0.0265625 0.04814814814814815
0 0.8786458333333333 0.2972222222222222 0.035416666666666666 0.04351851851851852
0 0.8606770833333334 0.33796296296296297 0.058333333333333334 0.07592592592592592
0 0.8864583333333333 0.32916666666666666 0.043229166666666666 0.06481481481481481
0 0.7385416666666667 0.28564814814814815 0.028645833333333332 0.03981481481481482
0 0.74921875 0.2708333333333333 0.04895833333333333 0.026851851851851852
0 0.7044270833333334 0.2273148148148148 0.03177083333333333 0.016666666666666666
0 0.6966145833333334 0.2652777777777778 0.05364583333333333 0.03888888888888889
0 0.6729166666666667 0.2662037037037037 0.0484375 0.030555555555555555
0 0.6901041666666666 0.32407407407407407 0.04895833333333333 0.09907407407407408
0 0.7239583333333334 0.3138888888888889 0.036458333333333336 0.022222222222222223
0 0.7424479166666667 0.34675925925925927 0.050520833333333334 0.04722222222222222
0 0.7794270833333333 0.325 0.04114583333333333 0.027777777777777776
0 0.7674479166666667 0.30462962962962964 0.042708333333333334 0.025
0 0.8125 0.31342592592592594 0.03125 0.05
0 0.8088541666666667 0.35138888888888886 0.03333333333333333 0.06666666666666667
0 0.7736979166666667 0.35648148148148145 0.03125 0.0824074074074074
0 0.7763020833333333 0.4166666666666667 0.06927083333333334 0.05555555555555555
0 0.734375 0.41203703703703703 0.03802083333333333 0.0712962962962963
0 0.6848958333333334 0.39814814814814814 0.05364583333333333 0.062037037037037036
0 0.64140625 0.33564814814814814 0.04583333333333333 0.08333333333333333
0 0.6552083333333333 0.2912037037037037 0.03125 0.049074074074074076
0 0.6263020833333334 0.41064814814814815 0.0515625 0.06759259259259259
0 0.72109375 0.4597222222222222 0.07916666666666666 0.08888888888888889
0 0.9026041666666667 0.45694444444444443 0.0765625 0.09722222222222222
0 0.9580729166666667 0.45046296296296295 0.0453125 0.09444444444444444
0 0.959375 0.5287037037037037 0.046875 0.10555555555555556
0 0.9674479166666666 0.7152777777777778 0.06354166666666666 0.08796296296296297
0 0.9359375 0.8060185185185185 0.0890625 0.08981481481481482
0 0.9783854166666667 0.8361111111111111 0.043229166666666666 0.1388888888888889
0 0.9890625 0.9277777777777778 0.021875 0.09907407407407408
0 0.896875 0.9476851851851852 0.07864583333333333 0.10462962962962963
0 0.8098958333333334 0.7708333333333334 0.058333333333333334 0.12129629629629629
0 0.7442708333333333 0.9652777777777778 0.09427083333333333 0.06944444444444445
0 0.684375 0.8203703703703704 0.0953125 0.10925925925925926
0 0.5203125 0.7824074074074074 0.1015625 0.15555555555555556
0 0.33984375 0.9199074074074074 0.084375 0.11666666666666667
0 0.3921875 0.7819444444444444 0.06458333333333334 0.13240740740740742
0 0.44921875 0.7125 0.04635416666666667 0.15462962962962962
0 0.5010416666666667 0.6041666666666666 0.06822916666666666 0.1259259259259259
0 0.13072916666666667 0.5611111111111111 0.09739583333333333 0.0787037037037037
0 0.24973958333333332 0.7773148148148148 0.09010416666666667 0.14074074074074075
0 0.3294270833333333 0.6810185185185185 0.075 0.12777777777777777
0 0.3966145833333333 0.5851851851851851 0.06875 0.10833333333333334
0 0.40208333333333335 0.512962962962963 0.06197916666666667 0.075
0 0.4609375 0.48194444444444445 0.03229166666666667 0.09351851851851851
0 0.503125 0.4759259259259259 0.05677083333333333 0.07407407407407407
0 0.4203125 0.4462962962962963 0.050520833333333334 0.08981481481481482
0 0.39166666666666666 0.4625 0.04375 0.10277777777777777
0 0.4588541666666667 0.42268518518518516 0.05364583333333333 0.05740740740740741
0 0.5096354166666667 0.4287037037037037 0.034375 0.025925925925925925
0 0.4140625 0.35 0.058854166666666666 0.05740740740740741
0 0.37552083333333336 0.32685185185185184 0.03333333333333333 0.06944444444444445
0 0.3302083333333333 0.3990740740740741 0.057291666666666664 0.024074074074074074
0 0.3375 0.3712962962962963 0.05677083333333333 0.04814814814814815
0 0.29635416666666664 0.36203703703703705 0.030729166666666665 0.030555555555555555
0 0.2760416666666667 0.38796296296296295 0.041666666666666664 0.014814814814814815
0 0.3182291666666667 0.42685185185185187 0.0796875 0.075
0 0.253125 0.45555555555555555 0.0640625 0.09537037037037037
0 0.23645833333333333 0.36527777777777776 0.0359375 0.05555555555555555
0 0.25833333333333336 0.36064814814814816 0.043229166666666666 0.03518518518518519
0 0.23151041666666666 0.3263888888888889 0.041666666666666664 0.041666666666666664
0 0.26536458333333335 0.33194444444444443 0.035416666666666666 0.05740740740740741
0 0.39427083333333335 0.3972222222222222 0.03697916666666667 0.04259259259259259
0 0.43255208333333334 0.3925925925925926 0.04635416666666667 0.05
0 0.4700520833333333 0.38564814814814813 0.04635416666666667 0.028703703703703703
0 0.5197916666666667 0.40879629629629627 0.03958333333333333 0.06296296296296296
0 0.47109375 0.33796296296296297 0.0578125 0.041666666666666664
0 0.4609375 0.31712962962962965 0.044270833333333336 0.026851851851851852
0 0.5104166666666666 0.2884259259259259 0.027604166666666666 0.021296296296296296
0 0.48489583333333336 0.29814814814814816 0.021875 0.032407407407407406
0 0.5286458333333334 0.3087962962962963 0.04010416666666667 0.026851851851851852
0 0.5385416666666667 0.3592592592592593 0.059895833333333336 0.012037037037037037
0 0.5544270833333333 0.35138888888888886 0.059895833333333336 0.013888888888888888
0 0.4890625 0.35185185185185186 0.07083333333333333 0.025
0 0.5450520833333333 0.3296296296296296 0.07447916666666667 0.025
0 0.57421875 0.3194444444444444 0.052083333333333336 0.020370370370370372
0 0.5486979166666667 0.3013888888888889 0.06302083333333333 0.022222222222222223
0 0.5377604166666666 0.26990740740740743 0.0578125 0.032407407407407406
0 0.48072916666666665 0.26064814814814813 0.03229166666666667 0.03981481481481482
0 0.4505208333333333 0.2625 0.0328125 0.05740740740740741
0 0.3893229166666667 0.2912037037037037 0.04635416666666667 0.032407407407407406
0 0.4080729166666667 0.27824074074074073 0.06041666666666667 0.04722222222222222
0 0.41953125 0.30185185185185187 0.03802083333333333 0.04259259259259259
0 0.36276041666666664 0.2791666666666667 0.04479166666666667 0.028703703703703703
0 0.35442708333333334 0.24537037037037038 0.03854166666666667 0.04814814814814815
0 0.3184895833333333 0.24583333333333332 0.04010416666666667 0.04722222222222222
0 0.4 0.2375 0.05260416666666667 0.06666666666666667
0 0.3885416666666667 0.2712962962962963 0.03229166666666667 0.03796296296296296
0 0.40078125 0.19398148148148148 0.04895833333333333 0.03611111111111111
0 0.4192708333333333 0.1712962962962963 0.0375 0.03611111111111111
0 0.43776041666666665 0.21388888888888888 0.028645833333333332 0.05462962962962963
0 0.478125 0.2 0.05677083333333333 0.058333333333333334
0 0.50390625 0.25324074074074077 0.022395833333333334 0.030555555555555555
0 0.47369791666666666 0.2273148148148148 0.040625 0.05648148148148148
0 0.52890625 0.23425925925925925 0.03802083333333333 0.037037037037037035
0 0.5411458333333333 0.20787037037037037 0.03802083333333333 0.05648148148148148
0 0.58125 0.25 0.0453125 0.03888888888888889
0 0.5869791666666667 0.27314814814814814 0.03854166666666667 0.026851851851851852
0 0.6098958333333333 0.24212962962962964 0.013020833333333334 0.04722222222222222
0 0.6197916666666666 0.24768518518518517 0.030208333333333334 0.03518518518518519
0 0.5841145833333333 0.21481481481481482 0.0484375 0.049074074074074076
0 0.5984375 0.18611111111111112 0.03854166666666667 0.025
0 0.5731770833333333 0.17314814814814813 0.019791666666666666 0.049074074074074076
0 0.5260416666666666 0.1597222222222222 0.027604166666666666 0.05092592592592592
0 0.496875 0.15601851851851853 0.026041666666666668 0.024074074074074074
0 0.4734375 0.15694444444444444 0.04635416666666667 0.03796296296296296
0 0.5877604166666667 0.13425925925925927 0.035416666666666666 0.025925925925925925
0 0.5869791666666667 0.1486111111111111 0.0359375 0.032407407407407406
0 0.6682291666666667 0.17175925925925925 0.034895833333333334 0.04722222222222222
0 0.634375 0.2152777777777778 0.043229166666666666 0.03425925925925926
0 0.6291666666666667 0.18935185185185185 0.0359375 0.03611111111111111
0 0.6145833333333334 0.13148148148148148 0.021354166666666667 0.041666666666666664
0 0.5731770833333333 0.10648148148148148 0.043229166666666666 0.03611111111111111
0 0.5255208333333333 0.09259259259259259 0.034895833333333334 0.037037037037037035
0 0.59140625 0.12037037037037036 0.0359375 0.032407407407407406
0 0.48671875 0.12916666666666668 0.043229166666666666 0.019444444444444445
0 0.5372395833333333 0.12037037037037036 0.03802083333333333 0.025
0 0.6401041666666667 0.16898148148148148 0.027604166666666666 0.046296296296296294
0 0.5544270833333333 0.06712962962962964 0.018229166666666668 0.041666666666666664
0 0.53125 0.05787037037037037 0.0328125 0.025
0 0.5786458333333333 0.0712962962962963 0.028645833333333332 0.024074074074074074
0 0.6192708333333333 0.07083333333333333 0.0375 0.026851851851851852
0 0.6513020833333333 0.05694444444444444 0.023958333333333335 0.032407407407407406
0 0.6815104166666667 0.058333333333333334 0.023958333333333335 0.012962962962962963
0 0.6833333333333333 0.1439814814814815 0.022916666666666665 0.032407407407407406
0 0.70703125 0.13425925925925927 0.0296875 0.028703703703703703
0 0.6473958333333333 0.11666666666666667 0.030729166666666665 0.024074074074074074
0 0.6283854166666667 0.10462962962962963 0.028645833333333332 0.013888888888888888
0 0.6416666666666667 0.09444444444444444 0.03177083333333333 0.019444444444444445
0 0.6549479166666666 0.08657407407407407 0.0328125 0.018518518518518517
0 0.621875 0.01574074074074074 0.027604166666666666 0.012037037037037037
0 0.596875 0.038425925925925926 0.03177083333333333 0.037037037037037035
0 0.4822916666666667 0.10648148148148148 0.028125 0.026851851851851852
0 0.4549479166666667 0.09259259259259259 0.0390625 0.04722222222222222
0 0.4205729166666667 0.1050925925925926 0.03697916666666667 0.037037037037037035
0 0.3885416666666667 0.13472222222222222 0.051041666666666666 0.041666666666666664
0 0.31171875 0.2013888888888889 0.0453125 0.024074074074074074
0 0.24479166666666666 0.28379629629629627 0.0390625 0.026851851851851852
0 0.30182291666666666 0.2337962962962963 0.03697916666666667 0.04351851851851852
0 0.24401041666666667 0.1736111111111111 0.03802083333333333 0.05185185185185185
0 0.27395833333333336 0.15555555555555556 0.0390625 0.041666666666666664
0 0.30859375 0.16435185185185186 0.035416666666666666 0.05462962962962963
0 0.40208333333333335 0.07314814814814814 0.03854166666666667 0.05925925925925926
0 0.3997395833333333 0.04027777777777778 0.05260416666666667 0.03796296296296296
0 0.4375 0.024074074074074074 0.017708333333333333 0.04814814814814815
0 0.11770833333333333 0.20972222222222223 0.0421875 0.044444444444444446
0 0.14895833333333333 0.17824074074074073 0.03229166666666667 0.04537037037037037
0 0.18645833333333334 0.17777777777777778 0.0296875 0.05648148148148148
0 0.12578125 0.15833333333333333 0.03177083333333333 0.03148148148148148
0 0.07317708333333334 0.2199074074074074 0.03854166666666667 0.04722222222222222
0 0.08489583333333334 0.18611111111111112 0.0296875 0.02962962962962963
0 0.058854166666666666 0.20879629629629629 0.03229166666666667 0.025
0 0.03984375 0.2671296296296296 0.0578125 0.08703703703703704
0 0.057291666666666664 0.3 0.04114583333333333 0.05
0 0.024739583333333332 0.3685185185185185 0.049479166666666664 0.058333333333333334
0 0.016927083333333332 0.3023148148148148 0.033854166666666664 0.06388888888888888
0 0.10963541666666667 0.4875 0.07083333333333333 0.10648148148148148
0 0.08567708333333333 0.46620370370370373 0.0515625 0.06944444444444445
0 0.10911458333333333 0.41435185185185186 0.053125 0.05277777777777778
0 0.18385416666666668 0.3787037037037037 0.05520833333333333 0.026851851851851852