0 0.13203125 0.5 0.09375 0.10833333333333334
0 0.11510416666666666 0.4074074074074074 0.08072916666666667 0.10185185185185185
0 0.05651041666666667 0.47685185185185186 0.09010416666666667 0.12037037037037036
0 0.11536458333333334 0.9097222222222222 0.13385416666666666 0.1648148148148148
0 0.58125 0.19768518518518519 0.115625 0.10833333333333334
0 0.7752604166666667 0.2222222222222222 0.07447916666666667 0.08981481481481482
0 0.7661458333333333 0.31574074074074077 0.07395833333333333 0.11851851851851852
0 0.8510416666666667 0.30324074074074076 0.07916666666666666 0.11851851851851852
0 0.8880208333333334 0.3990740740740741 0.09895833333333333 0.11296296296296296
0 0.9140625 0.19444444444444445 0.06614583333333333 0.08055555555555556
0 0.86796875 0.15648148148148147 0.0484375 0.07222222222222222
0 0.965625 0.32083333333333336 0.06875 0.14166666666666666
0 0.9721354166666667 0.48657407407407405 0.05572916666666667 0.16203703703703703
0 0.82890625 0.09953703703703703 0.05364583333333333 0.11851851851851852
0 0.7479166666666667 0.10046296296296296 0.0546875 0.09907407407407408
0 0.7421875 0.03935185185185185 0.034895833333333334 0.02962962962962963
0 0.9674479166666666 0.09027777777777778 0.04791666666666667 0.06296296296296296
0 0.5729166666666666 0.13055555555555556 0.08333333333333333 0.07222222222222222
0 0.55078125 0.09490740740740741 0.04583333333333333 0.03518518518518519
0 0.3885416666666667 0.20972222222222223 0.0859375 0.09537037037037037
0 0.28567708333333336 0.31574074074074077 0.0609375 0.10648148148148148
0 0.1046875 0.3402777777777778 0.049479166666666664 0.06666666666666667
0 0.17317708333333334 0.3023148148148148 0.06145833333333333 0.12314814814814815
0 0.15677083333333333 0.22916666666666666 0.06145833333333333 0.06666666666666667
0 0.12421875 0.21898148148148147 0.03802083333333333 0.049074074074074076
0 0.09505208333333333 0.2222222222222222 0.030208333333333334 0.03981481481481482
0 0.07421875 0.26296296296296295 0.051041666666666666 0.07592592592592592
0 0.03697916666666667 0.25324074074074077 0.035416666666666666 0.03981481481481482
0 0.019010416666666665 0.20972222222222223 0.034895833333333334 0.05277777777777778
0 0.052083333333333336 0.33935185185185185 0.06770833333333333 0.07685185185185185
0 0.02421875 0.3819444444444444 0.0484375 0.08796296296296297
0 0.05416666666666667 0.125 0.04583333333333333 0.09907407407407408
0 0.12630208333333334 0.08796296296296297 0.07708333333333334 0.05555555555555555
0 0.1296875 0.12268518518518519 0.04791666666666667 0.032407407407407406
0 0.08203125 0.16203703703703703 0.029166666666666667 0.05277777777777778
0 0.11223958333333334 0.16712962962962963 0.0265625 0.027777777777777776
0 0.12135416666666667 0.18009259259259258 0.04375 0.03611111111111111
0 0.15885416666666666 0.17083333333333334 0.0234375 0.021296296296296296
0 0.19947916666666668 0.18796296296296297 0.0328125 0.04259259259259259
0 0.228125 0.2388888888888889 0.06666666666666667 0.08425925925925926
0 0.24375 0.05925925925925926 0.021354166666666667 0.017592592592592594
0 0.25885416666666666 0.04351851851851852 0.027083333333333334 0.03611111111111111
0 0.24166666666666667 0.08009259259259259 0.019270833333333334 0.023148148148148147
0 0.19036458333333334 0.1050925925925926 0.06770833333333333 0.06296296296296296
0 0.25364583333333335 0.08425925925925926 0.019791666666666666 0.024074074074074074
0 0.23984375 0.14212962962962963 0.028645833333333332 0.0712962962962963
0 0.26875 0.10416666666666667 0.023958333333333335 0.03981481481481482
0 0.28671875 0.08611111111111111 0.024479166666666666 0.03518518518518519
0 0.29635416666666664 0.060648148148148145 0.01875 0.025
0 0.31223958333333335 0.10972222222222222 0.0265625 0.04351851851851852
0 0.26015625 0.17592592592592593 0.05677083333333333 0.040740740740740744
0 0.42942708333333335 0.13287037037037036 0.06302083333333333 0.09351851851851851
0 0.44635416666666666 0.03611111111111111 0.0578125 0.07222222222222222
0 0.4822916666666667 0.10925925925925926 0.0515625 0.07222222222222222
0 0.5296875 0.03796296296296296 0.06197916666666667 0.06296296296296296
0 0.5856770833333333 0.0375 0.04375 0.053703703703703705
0 0.56640625 0.056018518518518516 0.0453125 0.06944444444444445
0 0.62578125 0.08425925925925926 0.04010416666666667 0.07037037037037037
0 0.6565104166666667 0.062037037037037036 0.04895833333333333 0.11296296296296296
0 0.48515625 0.029166666666666667 0.026041666666666668 0.04259259259259259
0 0.37786458333333334 0.12129629629629629 0.0515625 0.07222222222222222
0 0.79140625 0.024074074074074074 0.03958333333333333 0.04814814814814815
0 0.97421875 0.030555555555555555 0.03229166666666667 0.05925925925925926
0 0.20546875 0.044444444444444446 0.03697916666666667 0.044444444444444446
0 0.23177083333333334 0.01574074074074074 0.021875 0.025925925925925925
0 0.26171875 0.008796296296296297 0.027083333333333334 0.017592592592592594
0 0.28098958333333335 0.02361111111111111 0.0234375 0.019444444444444445
0 0.3138020833333333 0.024537037037037038 0.029166666666666667 0.03888888888888889
0 0.28020833333333334 0.05138888888888889 0.017708333333333333 0.027777777777777776