0 0.08020833333333334 0.1824074074074074 0.028125 0.06944444444444445
0 0.10182291666666667 0.17962962962962964 0.021875 0.06574074074074074
0 0.19140625 0.19027777777777777 0.0421875 0.06018518518518518
0 0.1796875 0.2439814814814815 0.058854166666666666 0.08425925925925926
0 0.04401041666666667 0.2513888888888889 0.043229166666666666 0.06851851851851852
0 0.043229166666666666 0.31851851851851853 0.04635416666666667 0.06759259259259259
0 0.0578125 0.3638888888888889 0.06875 0.10185185185185185
0 0.009895833333333333 0.19398148148148148 0.019791666666666666 0.05462962962962963
0 0.013020833333333334 0.17777777777777778 0.026041666666666668 0.041666666666666664
0 0.009635416666666667 0.1537037037037037 0.019270833333333334 0.027777777777777776
0 0.0140625 0.13425925925925927 0.028125 0.05925925925925926
0 0.0375 0.12685185185185185 0.03125 0.08333333333333333
0 0.05416666666666667 0.10972222222222222 0.041666666666666664 0.07962962962962963
0 0.06953125 0.0962962962962963 0.0421875 0.0824074074074074
0 0.05286458333333333 0.06111111111111111 0.06614583333333333 0.03425925925925926
0 0.0859375 0.03148148148148148 0.0203125 0.06296296296296296
0 0.11171875 0.027314814814814816 0.024479166666666666 0.05462962962962963
0 0.12786458333333334 0.02361111111111111 0.016145833333333335 0.04722222222222222
0 0.1421875 0.018518518518518517 0.009375 0.037037037037037035
0 0.05963541666666667 0.01712962962962963 0.0265625 0.03425925925925926
0 0.178125 0.03148148148148148 0.03958333333333333 0.025
0 0.18776041666666668 0.05555555555555555 0.03333333333333333 0.018518518518518517
0 0.15520833333333334 0.07175925925925926 0.027604166666666666 0.03981481481481482
0 0.13072916666666667 0.12824074074074074 0.04739583333333333 0.05185185185185185
0 0.17578125 0.12083333333333333 0.0421875 0.046296296296296294
0 0.1828125 0.09907407407407408 0.0390625 0.03611111111111111
0 0.19895833333333332 0.0625 0.04375 0.03518518518518519
0 0.23723958333333334 0.09166666666666666 0.053125 0.041666666666666664
0 0.2640625 0.055092592592592596 0.04739583333333333 0.04814814814814815
0 0.24114583333333334 0.02546296296296296 0.05572916666666667 0.04351851851851852
0 0.21197916666666666 0.011574074074074073 0.018229166666666668 0.023148148148148147
0 0.30182291666666666 0.03888888888888889 0.0375 0.04537037037037037
0 0.3455729166666667 0.12453703703703704 0.0609375 0.11296296296296296
0 0.32395833333333335 0.2101851851851852 0.07447916666666667 0.14351851851851852
0 0.20729166666666668 0.3578703703703704 0.065625 0.12962962962962962
0 0.12942708333333333 0.4583333333333333 0.06614583333333333 0.1537037037037037
0 0.25442708333333336 0.43425925925925923 0.058333333333333334 0.1175925925925926
0 0.07239583333333334 0.6351851851851852 0.071875 0.18611111111111112
0 0.15104166666666666 0.7027777777777777 0.12760416666666666 0.17685185185185184
0 0.07786458333333333 0.8796296296296297 0.109375 0.16574074074074074
0 0.03515625 0.8787037037037037 0.049479166666666664 0.17222222222222222
0 0.05 0.9851851851851852 0.0578125 0.027777777777777776
0 0.35572916666666665 0.850462962962963 0.07395833333333333 0.19074074074074074
0 0.3807291666666667 0.6541666666666667 0.078125 0.1685185185185185
0 0.43020833333333336 0.8115740740740741 0.0875 0.13518518518518519
0 0.48046875 0.8032407407407407 0.05416666666666667 0.13148148148148148
0 0.6252604166666667 0.9180555555555555 0.13697916666666668 0.15
0 0.47708333333333336 0.9782407407407407 0.09375 0.04351851851851852
0 0.7143229166666667 0.5208333333333334 0.07291666666666667 0.1527777777777778
0 0.7973958333333333 0.5453703703703704 0.08229166666666667 0.1712962962962963
0 0.8809895833333333 0.6875 0.08489583333333334 0.15833333333333333
0 0.8416666666666667 0.38287037037037036 0.04635416666666667 0.12037037037037036
0 0.9393229166666667 0.4083333333333333 0.0640625 0.11574074074074074
0 0.7338541666666667 0.21157407407407408 0.06666666666666667 0.1
0 0.9760416666666667 0.2796296296296296 0.04791666666666667 0.05740740740740741
0 0.9893229166666667 0.23935185185185184 0.021354166666666667 0.037037037037037035
0 0.9645833333333333 0.14537037037037037 0.024479166666666666 0.05277777777777778
0 0.9901041666666667 0.16018518518518518 0.019791666666666666 0.058333333333333334
0 0.9908854166666666 0.2050925925925926 0.018229166666666668 0.037037037037037035
0 0.9671875 0.08009259259259259 0.06041666666666667 0.05277777777777778
0 0.9497395833333333 0.053703703703703705 0.05520833333333333 0.025925925925925925
0 0.9369791666666667 0.027777777777777776 0.0421875 0.017592592592592594
0 0.9190104166666667 0.01898148148148148 0.027604166666666666 0.03796296296296296
0 0.8651041666666667 0.02824074074074074 0.028125 0.05648148148148148
0 0.8458333333333333 0.06111111111111111 0.0421875 0.075
0 0.8049479166666667 0.0837962962962963 0.057291666666666664 0.07592592592592592
0 0.6458333333333334 0.043055555555555555 0.040625 0.058333333333333334
0 0.6083333333333333 0.04537037037037037 0.0359375 0.07407407407407407
0 0.58046875 0.025925925925925925 0.027604166666666666 0.05185185185185185
0 0.56484375 0.03564814814814815 0.033854166666666664 0.05648148148148148
0 0.55078125 0.06712962962962964 0.042708333333333334 0.05462962962962963
0 0.5708333333333333 0.12361111111111112 0.0546875 0.08148148148148149
0 0.4796875 0.12546296296296297 0.07083333333333333 0.06574074074074074
0 0.5015625 0.05694444444444444 0.04739583333333333 0.058333333333333334
0 0.47317708333333336 0.05925925925925926 0.04791666666666667 0.06944444444444445
0 0.43515625 0.04722222222222222 0.0484375 0.0712962962962963
0 0.4083333333333333 0.06111111111111111 0.034895833333333334 0.058333333333333334
0 0.49765625 0.02175925925925926 0.040625 0.016666666666666666
0 0.5341145833333333 0.01574074074074074 0.030729166666666665 0.01574074074074074
0 0.41770833333333335 0.16944444444444445 0.05 0.11851851851851852
0 0.35651041666666666 0.05138888888888889 0.04114583333333333 0.08611111111111111