0 0.10182291666666667 0.026851851851851852 0.025520833333333333 0.053703703703703705
0 0.07682291666666667 0.03009259259259259 0.022916666666666665 0.05462962962962963
0 0.0515625 0.030555555555555555 0.0359375 0.049074074074074076
0 0.04973958333333333 0.06574074074074074 0.0265625 0.041666666666666664
0 0.07369791666666667 0.06944444444444445 0.023958333333333335 0.03518518518518519
0 0.034375 0.05740740740740741 0.026041666666666668 0.030555555555555555
0 0.07916666666666666 0.1 0.034375 0.03981481481481482
0 0.06276041666666667 0.10833333333333334 0.0375 0.041666666666666664
0 0.033854166666666664 0.12083333333333333 0.035416666666666666 0.06111111111111111
0 0.020052083333333335 0.14814814814814814 0.04010416666666667 0.03425925925925926
0 0.018229166666666668 0.1763888888888889 0.036458333333333336 0.05
0 0.10859375 0.07731481481481481 0.0265625 0.019444444444444445
0 0.14270833333333333 0.02824074074074074 0.049479166666666664 0.02962962962962963
0 0.12682291666666667 0.052314814814814814 0.027083333333333334 0.037037037037037035
0 0.15859375 0.04861111111111111 0.027604166666666666 0.023148148148148147
0 0.134375 0.06296296296296296 0.028645833333333332 0.03611111111111111
0 0.1546875 0.0837962962962963 0.04010416666666667 0.03611111111111111
0 0.11432291666666666 0.1037037037037037 0.03229166666666667 0.014814814814814815
0 0.09557291666666666 0.13055555555555556 0.0359375 0.026851851851851852
0 0.08776041666666666 0.14722222222222223 0.04479166666666667 0.030555555555555555
0 0.05234375 0.15555555555555556 0.027604166666666666 0.04259259259259259
0 0.08098958333333334 0.17407407407407408 0.04479166666666667 0.032407407407407406
0 0.09036458333333333 0.19305555555555556 0.05520833333333333 0.05
0 0.04869791666666667 0.1912037037037037 0.025 0.03981481481481482
0 0.014322916666666666 0.23148148148148148 0.0265625 0.07222222222222222
0 0.03619791666666667 0.21064814814814814 0.030208333333333334 0.04537037037037037
0 0.07109375 0.24212962962962964 0.06927083333333334 0.05462962962962963
0 0.1296875 0.1398148148148148 0.04114583333333333 0.05185185185185185
0 0.17473958333333334 0.1439814814814815 0.0515625 0.058333333333333334
0 0.19114583333333332 0.06296296296296296 0.04583333333333333 0.013888888888888888
0 0.19322916666666667 0.018518518518518517 0.0328125 0.006481481481481481
0 0.184375 0.029166666666666667 0.0265625 0.011111111111111112
0 0.18359375 0.04259259259259259 0.0140625 0.01574074074074074
0 0.19661458333333334 0.04814814814814815 0.03177083333333333 0.012037037037037037
0 0.20807291666666666 0.03425925925925926 0.030208333333333334 0.011111111111111112
0 0.24140625 0.053703703703703705 0.023958333333333335 0.017592592592592594
0 0.2484375 0.02361111111111111 0.020833333333333332 0.020370370370370372
0 0.28177083333333336 0.050462962962962966 0.03697916666666667 0.041666666666666664
0 0.24453125 0.0763888888888889 0.03333333333333333 0.014814814814814815
0 0.21197916666666666 0.08703703703703704 0.03125 0.037037037037037035
0 0.2513020833333333 0.09444444444444444 0.040625 0.037037037037037035
0 0.22083333333333333 0.12453703703703704 0.0546875 0.06388888888888888
0 0.20338541666666668 0.010185185185185186 0.035416666666666666 0.006481481481481481
0 0.14140625 0.24305555555555555 0.04739583333333333 0.08981481481481482
0 0.18359375 0.24444444444444444 0.04583333333333333 0.07962962962962963
0 0.018229166666666668 0.29259259259259257 0.036458333333333336 0.037037037037037035
0 0.06276041666666667 0.2833333333333333 0.0421875 0.025925925925925925
0 0.03619791666666667 0.31574074074074077 0.04791666666666667 0.04722222222222222
0 0.09244791666666667 0.29259259259259257 0.036458333333333336 0.05555555555555555
0 0.0984375 0.32685185185185184 0.06197916666666667 0.03611111111111111
0 0.09192708333333334 0.36527777777777776 0.06197916666666667 0.05185185185185185
0 0.039322916666666666 0.399537037037037 0.05625 0.10185185185185185
0 0.01796875 0.3773148148148148 0.0359375 0.09166666666666666
0 0.13307291666666668 0.36898148148148147 0.05520833333333333 0.08796296296296297
0 0.1765625 0.4023148148148148 0.043229166666666666 0.17222222222222222
0 0.059895833333333336 0.4356481481481482 0.058333333333333334 0.06759259259259259
0 0.11953125 0.45740740740740743 0.042708333333333334 0.075
0 0.06197916666666667 0.4726851851851852 0.06770833333333333 0.05185185185185185
0 0.02578125 0.5462962962962963 0.0515625 0.09259259259259259
0 0.06276041666666667 0.5199074074074074 0.035416666666666666 0.05648148148148148
0 0.029427083333333333 0.6143518518518518 0.058854166666666666 0.08703703703703704
0 0.016666666666666666 0.6907407407407408 0.03333333333333333 0.08148148148148149
0 0.1015625 0.5537037037037037 0.040625 0.13333333333333333
0 0.12734375 0.6305555555555555 0.03958333333333333 0.22962962962962963
0 0.1765625 0.5953703703703703 0.09895833333333333 0.18796296296296297
0 0.11927083333333334 0.8125 0.11197916666666667 0.14722222222222223
0 0.06796875 0.8694444444444445 0.08489583333333334 0.14351851851851852
0 0.016927083333333332 0.8578703703703704 0.033854166666666664 0.14722222222222223
0 0.03046875 0.9828703703703704 0.0609375 0.03425925925925926
0 0.10963541666666667 0.9703703703703703 0.10416666666666667 0.05925925925925926
0 0.18723958333333332 0.7305555555555555 0.05625 0.08981481481481482
0 0.24739583333333334 0.6606481481481481 0.09270833333333334 0.07592592592592592
0 0.2635416666666667 0.562037037037037 0.08177083333333333 0.09537037037037037
0 0.32578125 0.5101851851851852 0.08177083333333333 0.06944444444444445
0 0.35989583333333336 0.5638888888888889 0.09739583333333333 0.08796296296296297
0 0.34739583333333335 0.6453703703703704 0.096875 0.07314814814814814
0 0.35989583333333336 0.711574074074074 0.0671875 0.10185185185185185
0 0.31640625 0.7513888888888889 0.05 0.09166666666666666
0 0.27109375 0.7333333333333333 0.0890625 0.09166666666666666
0 0.24166666666666667 0.7902777777777777 0.08385416666666666 0.09166666666666666
0 0.2078125 0.8759259259259259 0.051041666666666666 0.175
0 0.2643229166666667 0.9259259259259259 0.0421875 0.11203703703703703
0 0.2953125 0.8449074074074074 0.10885416666666667 0.03981481481481482
0 0.34140625 0.913425925925926 0.08072916666666667 0.08703703703703704
0 0.31276041666666665 0.9541666666666667 0.07291666666666667 0.08981481481481482
0 0.35494791666666664 0.8115740740740741 0.059375 0.08888888888888889
0 0.4192708333333333 0.812962962962963 0.058333333333333334 0.1
0 0.4200520833333333 0.7407407407407407 0.0453125 0.09907407407407408
0 0.4708333333333333 0.7430555555555556 0.07760416666666667 0.040740740740740744
0 0.4908854166666667 0.6930555555555555 0.059895833333333336 0.0824074074074074
0 0.44166666666666665 0.6851851851851852 0.07864583333333333 0.09074074074074075
0 0.44088541666666664 0.6083333333333333 0.078125 0.07037037037037037
0 0.40520833333333334 0.8898148148148148 0.07083333333333333 0.07962962962962963
0 0.4080729166666667 0.9495370370370371 0.0984375 0.03796296296296296
0 0.3885416666666667 0.9800925925925926 0.08072916666666667 0.026851851851851852
0 0.44453125 0.9833333333333333 0.04010416666666667 0.03333333333333333
0 0.45260416666666664 0.8699074074074075 0.10364583333333334 0.06574074074074074
0 0.5078125 0.9319444444444445 0.1078125 0.08981481481481482
0 0.5169270833333334 0.9842592592592593 0.1109375 0.026851851851851852
0 0.6203125 0.9648148148148148 0.1296875 0.05555555555555555
0 0.50859375 0.8282407407407407 0.11041666666666666 0.11203703703703703
0 0.5703125 0.788425925925926 0.0765625 0.2074074074074074
0 0.6216145833333333 0.8717592592592592 0.07083333333333333 0.1259259259259259
0 0.6984375 0.8736111111111111 0.090625 0.11481481481481481
0 0.67734375 0.9712962962962963 0.08333333333333333 0.05740740740740741
0 0.7731770833333333 0.9592592592592593 0.10052083333333334 0.08148148148148149
0 0.7677083333333333 0.862037037037037 0.07916666666666666 0.1175925925925926
0 0.746875 0.7291666666666666 0.07916666666666666 0.13240740740740742
0 0.6776041666666667 0.7615740740740741 0.04479166666666667 0.1712962962962963
0 0.62265625 0.6699074074074074 0.0546875 0.13796296296296295
0 0.5458333333333333 0.6449074074074074 0.06770833333333333 0.08981481481481482
0 0.4796875 0.6398148148148148 0.052083333333333336 0.10740740740740741
0 0.46588541666666666 0.5513888888888889 0.07864583333333333 0.06481481481481481
0 0.5580729166666667 0.5787037037037037 0.09010416666666667 0.06851851851851852
0 0.49895833333333334 0.49166666666666664 0.0984375 0.09444444444444444
0 0.5736979166666667 0.49212962962962964 0.065625 0.10555555555555556
0 0.6104166666666667 0.5337962962962963 0.07760416666666667 0.06296296296296296
0 0.65703125 0.5768518518518518 0.04375 0.11944444444444445
0 0.6911458333333333 0.6162037037037037 0.06614583333333333 0.06851851851851852
0 0.6317708333333333 0.5055555555555555 0.0515625 0.07685185185185185
0 0.6932291666666667 0.4888888888888889 0.043229166666666666 0.0787037037037037
0 0.7393229166666667 0.4625 0.0390625 0.0712962962962963
0 0.7591145833333334 0.5527777777777778 0.05364583333333333 0.0962962962962963
0 0.71328125 0.5601851851851852 0.0453125 0.10555555555555556
0 0.74609375 0.6439814814814815 0.057291666666666664 0.06388888888888888
0 0.8158854166666667 0.6708333333333333 0.08489583333333334 0.08796296296296297
0 0.8682291666666667 0.6148148148148148 0.08958333333333333 0.08333333333333333
0 0.80859375 0.5796296296296296 0.078125 0.05648148148148148
0 0.8536458333333333 0.5356481481481481 0.09322916666666667 0.06851851851851852
0 0.8890625 0.8476851851851852 0.1 0.15462962962962962
0 0.9596354166666666 0.3490740740740741 0.08072916666666667 0.07407407407407407
0 0.4276041666666667 0.42685185185185187 0.11302083333333333 0.1388888888888889
0 0.3736979166666667 0.3800925925925926 0.05 0.1425925925925926
0 0.3854166666666667 0.2953703703703704 0.08697916666666666 0.13055555555555556
0 0.32135416666666666 0.262037037037037 0.06458333333333334 0.1
0 0.31692708333333336 0.18287037037037038 0.08697916666666666 0.09074074074074075
0 0.2734375 0.16944444444444445 0.0546875 0.1175925925925926
0 0.37135416666666665 0.0962962962962963 0.06458333333333334 0.05277777777777778
0 0.39609375 0.15648148148148147 0.052083333333333336 0.07407407407407407
0 0.4393229166666667 0.14583333333333334 0.0578125 0.07314814814814814
0 0.5296875 0.25555555555555554 0.07604166666666666 0.06481481481481481
0 0.5958333333333333 0.25925925925925924 0.075 0.06018518518518518
0 0.59140625 0.19675925925925927 0.05364583333333333 0.07685185185185185
0 0.6440104166666667 0.1736111111111111 0.05364583333333333 0.07407407407407407
0 0.6677083333333333 0.26666666666666666 0.059375 0.08888888888888889
0 0.6377604166666667 0.24212962962962964 0.019791666666666666 0.04351851851851852
0 0.728125 0.2865740740740741 0.0546875 0.07314814814814814
0 0.71875 0.23148148148148148 0.0546875 0.026851851851851852
0 0.69921875 0.20185185185185187 0.044270833333333336 0.04259259259259259
0 0.7208333333333333 0.17407407407407408 0.04375 0.04259259259259259
0 0.7026041666666667 0.16620370370370371 0.04114583333333333 0.025925925925925925
0 0.7619791666666667 0.18888888888888888 0.023958333333333335 0.04259259259259259
0 0.7916666666666666 0.22453703703703703 0.0375 0.08425925925925926
0 0.7526041666666666 0.23703703703703705 0.0328125 0.09166666666666666
0 0.5380208333333333 0.02824074074074074 0.049479166666666664 0.04259259259259259
0 0.4895833333333333 0.02546296296296296 0.027604166666666666 0.05092592592592592
0 0.46770833333333334 0.056018518518518516 0.04895833333333333 0.03981481481481482
0 0.4200520833333333 0.06481481481481481 0.06770833333333333 0.04351851851851852
0 0.41770833333333335 0.03518518518518519 0.057291666666666664 0.021296296296296296
0 0.44947916666666665 0.02175925925925926 0.04375 0.01574074074074074
0 0.36041666666666666 0.03194444444444444 0.058333333333333334 0.022222222222222223
0 0.39453125 0.012962962962962963 0.05364583333333333 0.012037037037037037
0 0.36041666666666666 0.009259259259259259 0.03958333333333333 0.018518518518518517
0 0.44505208333333335 0.0060185185185185185 0.05364583333333333 0.012037037037037037
0 0.99140625 0.1597222222222222 0.0171875 0.0787037037037037
0 0.95625 0.11712962962962963 0.051041666666666666 0.041666666666666664
0 0.9893229166666667 0.10740740740740741 0.021354166666666667 0.05
0 0.9494791666666667 0.08518518518518518 0.04114583333333333 0.03148148148148148
0 0.9458333333333333 0.06296296296296296 0.044270833333333336 0.027777777777777776
0 0.9796875 0.05 0.029166666666666667 0.044444444444444446
0 0.95078125 0.025925925925925925 0.034375 0.05185185185185185
0 0.9213541666666667 0.026851851851851852 0.030729166666666665 0.053703703703703705
0 0.8872395833333333 0.01898148148148148 0.035416666666666666 0.03796296296296296