0 0.13697916666666668 0.01990740740740741 0.0421875 0.037037037037037035
0 0.11302083333333333 0.05092592592592592 0.0296875 0.053703703703703705
0 0.09296875 0.029166666666666667 0.027083333333333334 0.04537037037037037
0 0.042708333333333334 0.03611111111111111 0.034375 0.03425925925925926
0 0.05677083333333333 0.04583333333333333 0.036458333333333336 0.03333333333333333
0 0.028125 0.05 0.029166666666666667 0.012962962962962963
0 0.06875 0.06851851851851852 0.04583333333333333 0.04537037037037037
0 0.14296875 0.050462962962962966 0.0484375 0.032407407407407406
0 0.17942708333333332 0.02962962962962963 0.025520833333333333 0.025925925925925925
0 0.15546875 0.09212962962962963 0.04010416666666667 0.06944444444444445
0 0.13177083333333334 0.0837962962962963 0.0453125 0.05925925925925926
0 0.07760416666666667 0.11203703703703703 0.053125 0.028703703703703703
0 0.0375 0.10138888888888889 0.034895833333333334 0.03796296296296296
0 0.016666666666666666 0.11990740740740741 0.027083333333333334 0.044444444444444446
0 0.046614583333333334 0.13194444444444445 0.028125 0.06388888888888888
0 0.06848958333333334 0.1527777777777778 0.0375 0.04537037037037037
0 0.01953125 0.15555555555555556 0.034895833333333334 0.040740740740740744
0 0.019270833333333334 0.17175925925925925 0.03854166666666667 0.03518518518518519
0 0.0234375 0.20601851851851852 0.046875 0.037037037037037035
0 0.0796875 0.18055555555555555 0.03854166666666667 0.05648148148148148
0 0.14505208333333333 0.17175925925925925 0.06770833333333333 0.05555555555555555
0 0.18020833333333333 0.13472222222222222 0.03229166666666667 0.06111111111111111
0 0.184375 0.05555555555555555 0.04583333333333333 0.05
0 0.2234375 0.06805555555555555 0.04791666666666667 0.049074074074074076
0 0.24583333333333332 0.04814814814814815 0.025520833333333333 0.049074074074074076
0 0.21197916666666666 0.022222222222222223 0.033854166666666664 0.025925925925925925
0 0.22291666666666668 0.028703703703703703 0.023958333333333335 0.025925925925925925
0 0.21744791666666666 0.04212962962962963 0.023958333333333335 0.049074074074074076
0 0.2557291666666667 0.014351851851851852 0.015625 0.014814814814814815
0 0.27109375 0.04537037037037037 0.020833333333333332 0.05648148148148148
0 0.29140625 0.03425925925925926 0.03229166666666667 0.03611111111111111
0 0.21432291666666667 0.010185185185185186 0.041666666666666664 0.019444444444444445
0 0.3065104166666667 0.11481481481481481 0.03333333333333333 0.062037037037037036
0 0.28020833333333334 0.1550925925925926 0.03854166666666667 0.07222222222222222
0 0.18515625 0.24027777777777778 0.05364583333333333 0.07685185185185185
0 0.13854166666666667 0.2569444444444444 0.043229166666666666 0.08148148148148149
0 0.016927083333333332 0.22685185185185186 0.033854166666666664 0.03981481481481482
0 0.013802083333333333 0.26157407407407407 0.027604166666666666 0.022222222222222223
0 0.023697916666666666 0.2972222222222222 0.04739583333333333 0.08611111111111111
0 0.0515625 0.31296296296296294 0.05520833333333333 0.08333333333333333
0 0.07369791666666667 0.28703703703703703 0.04635416666666667 0.0712962962962963
0 0.11041666666666666 0.3236111111111111 0.0609375 0.06111111111111111
0 0.06901041666666667 0.3824074074074074 0.04739583333333333 0.08333333333333333
0 0.02578125 0.3912037037037037 0.041666666666666664 0.06388888888888888
0 0.12890625 0.375 0.03854166666666667 0.08425925925925926
0 0.08697916666666666 0.41759259259259257 0.05520833333333333 0.07222222222222222
0 0.1125 0.43657407407407406 0.059895833333333336 0.053703703703703705
0 0.061197916666666664 0.4986111111111111 0.05677083333333333 0.09722222222222222
0 0.019270833333333334 0.5291666666666667 0.03854166666666667 0.06111111111111111
0 0.01796875 0.4842592592592593 0.0359375 0.040740740740740744
0 0.018229166666666668 0.4305555555555556 0.036458333333333336 0.04814814814814815
0 0.01953125 0.6162037037037037 0.0390625 0.10740740740740741
0 0.0125 0.6671296296296296 0.025 0.05462962962962963
0 0.03333333333333333 0.7273148148148149 0.06666666666666667 0.08425925925925926
0 0.140625 0.5509259259259259 0.071875 0.13703703703703704
0 0.21770833333333334 0.5356481481481481 0.11041666666666666 0.20555555555555555
0 0.18645833333333334 0.5263888888888889 0.053125 0.09537037037037037
0 0.19401041666666666 0.4527777777777778 0.103125 0.08055555555555556
0 0.30234375 0.45740740740740743 0.08020833333333334 0.10277777777777777
0 0.26223958333333336 0.3472222222222222 0.06614583333333333 0.1712962962962963
0 0.20416666666666666 0.3398148148148148 0.04583333333333333 0.14074074074074075
0 0.24973958333333332 0.23935185185185184 0.0375 0.10833333333333334
0 0.32135416666666666 0.24027777777777778 0.049479166666666664 0.10462962962962963
0 0.3411458333333333 0.12361111111111112 0.042708333333333334 0.11851851851851852
0 0.34140625 0.06527777777777778 0.041666666666666664 0.08796296296296297
0 0.35182291666666665 0.03425925925925926 0.04739583333333333 0.06851851851851852
0 0.3736979166666667 0.06342592592592593 0.04010416666666667 0.05648148148148148
0 0.39453125 0.13564814814814816 0.05520833333333333 0.05925925925925926
0 0.4354166666666667 0.1425925925925926 0.058854166666666666 0.06666666666666667
0 0.4158854166666667 0.0763888888888889 0.07135416666666666 0.06574074074074074
0 0.45598958333333334 0.07361111111111111 0.01875 0.044444444444444446
0 0.43854166666666666 0.04212962962962963 0.071875 0.027777777777777776
0 0.4328125 0.020833333333333332 0.0609375 0.032407407407407406
0 0.39479166666666665 0.02175925925925926 0.051041666666666666 0.04351851851851852
0 0.5096354166666667 0.04351851851851852 0.0390625 0.05092592592592592
0 0.5317708333333333 0.02361111111111111 0.057291666666666664 0.04722222222222222
0 0.4940104166666667 0.013425925925925926 0.017708333333333333 0.026851851851851852
0 0.5981770833333333 0.03148148148148148 0.05364583333333333 0.05740740740740741
0 0.6033854166666667 0.10648148148148148 0.05364583333333333 0.0962962962962963
0 0.5333333333333333 0.24722222222222223 0.08697916666666666 0.06666666666666667
0 0.5489583333333333 0.2851851851851852 0.0625 0.10092592592592593
0 0.6596354166666667 0.02361111111111111 0.0625 0.030555555555555555
0 0.6627604166666666 0.05555555555555555 0.071875 0.04351851851851852
0 0.6848958333333334 0.1111111111111111 0.0484375 0.07222222222222222
0 0.6479166666666667 0.18518518518518517 0.0546875 0.06018518518518518
0 0.6533854166666667 0.21898148148148147 0.04375 0.09074074074074075
0 0.68359375 0.2550925925925926 0.05520833333333333 0.07407407407407407
0 0.6901041666666666 0.2101851851851852 0.03802083333333333 0.032407407407407406
0 0.7067708333333333 0.19583333333333333 0.05364583333333333 0.04537037037037037
0 0.7432291666666667 0.17592592592592593 0.07916666666666666 0.06944444444444445
0 0.72421875 0.2462962962962963 0.041666666666666664 0.06851851851851852
0 0.77421875 0.2439814814814815 0.05572916666666667 0.06666666666666667
0 0.7572916666666667 0.2810185185185185 0.051041666666666666 0.1037037037037037
0 0.8505208333333333 0.1476851851851852 0.04895833333333333 0.06481481481481481
0 0.9044270833333333 0.013888888888888888 0.04010416666666667 0.027777777777777776
0 0.9403645833333333 0.017592592592592594 0.035416666666666666 0.03518518518518519
0 0.9640625 0.028703703703703703 0.021354166666666667 0.025925925925925925
0 0.9598958333333333 0.047685185185185185 0.0359375 0.037037037037037035
0 0.9458333333333333 0.06342592592592593 0.04114583333333333 0.03888888888888889
0 0.9356770833333333 0.08796296296296297 0.05625 0.05555555555555555
0 0.98671875 0.10046296296296296 0.0265625 0.05277777777777778
0 0.9919270833333333 0.14074074074074075 0.016145833333333335 0.05185185185185185
0 0.98359375 0.1875 0.0328125 0.058333333333333334
0 0.990625 0.3578703703703704 0.01875 0.0787037037037037
0 0.44244791666666666 0.41712962962962963 0.07291666666666667 0.1
0 0.48046875 0.4449074074074074 0.059375 0.11574074074074074
0 0.5877604166666667 0.4351851851851852 0.0609375 0.13240740740740742
0 0.6609375 0.45 0.10052083333333334 0.08981481481481482
0 0.72734375 0.49583333333333335 0.1171875 0.09537037037037037
0 0.6299479166666667 0.5222222222222223 0.06979166666666667 0.11851851851851852
0 0.5486979166666667 0.5578703703703703 0.10625 0.1259259259259259
0 0.5528645833333333 0.6449074074074074 0.058333333333333334 0.08425925925925926
0 0.6169270833333333 0.6537037037037037 0.058854166666666666 0.07777777777777778
0 0.65546875 0.6217592592592592 0.08177083333333333 0.06666666666666667
0 0.6903645833333333 0.5921296296296297 0.059375 0.0712962962962963
0 0.7302083333333333 0.5680555555555555 0.0296875 0.08611111111111111
0 0.79921875 0.5847222222222223 0.10729166666666666 0.062037037037037036
0 0.8544270833333333 0.5314814814814814 0.07447916666666667 0.08333333333333333
0 0.8442708333333333 0.6578703703703703 0.07864583333333333 0.08703703703703704
0 0.7479166666666667 0.649537037037037 0.09583333333333334 0.09907407407407408
0 0.6828125 0.6842592592592592 0.075 0.05925925925925926
0 0.7247395833333333 0.7648148148148148 0.06614583333333333 0.18055555555555555
0 0.775 0.6532407407407408 0.05416666666666667 0.11666666666666667
0 0.6794270833333333 0.812962962962963 0.10052083333333334 0.13703703703703704
0 0.634375 0.725925925925926 0.06822916666666666 0.11203703703703703
0 0.5856770833333333 0.7824074074074074 0.059375 0.14444444444444443
0 0.6572916666666667 0.8787037037037037 0.10364583333333334 0.10555555555555556
0 0.5486979166666667 0.7092592592592593 0.08697916666666666 0.0787037037037037
0 0.49895833333333334 0.7601851851851852 0.0984375 0.09166666666666666
0 0.45026041666666666 0.8240740740740741 0.06875 0.15092592592592594
0 0.4744791666666667 0.875 0.07760416666666667 0.12407407407407407
0 0.5411458333333333 0.888425925925926 0.06666666666666667 0.11018518518518519
0 0.6114583333333333 0.9430555555555555 0.08958333333333333 0.08703703703703704
0 0.6822916666666666 0.9606481481481481 0.0875 0.07685185185185185
0 0.77265625 0.9569444444444445 0.1078125 0.08611111111111111
0 0.88359375 0.8476851851851852 0.0953125 0.1287037037037037
0 0.5083333333333333 0.975925925925926 0.1296875 0.04814814814814815
0 0.40911458333333334 0.9560185185185185 0.09166666666666666 0.08796296296296297
0 0.3567708333333333 0.9208333333333333 0.09739583333333333 0.10555555555555556
0 0.35911458333333335 0.8328703703703704 0.11822916666666666 0.07314814814814814
0 0.4109375 0.7597222222222222 0.08645833333333333 0.06851851851851852
0 0.4200520833333333 0.6925925925925925 0.07604166666666666 0.08518518518518518
0 0.3377604166666667 0.725462962962963 0.0921875 0.10277777777777777
0 0.26875 0.7675925925925926 0.0921875 0.0962962962962963
0 0.19791666666666666 0.7986111111111112 0.09895833333333333 0.1111111111111111
0 0.2747395833333333 0.8875 0.0828125 0.15185185185185185
0 0.23854166666666668 0.9310185185185185 0.11458333333333333 0.13796296296296295
0 0.16822916666666668 0.8777777777777778 0.06666666666666667 0.14351851851851852
0 0.09895833333333333 0.8587962962962963 0.07083333333333333 0.13240740740740742
0 0.03515625 0.8986111111111111 0.0703125 0.18425925925925926
0 0.10677083333333333 0.9726851851851852 0.1203125 0.05462962962962963
0 0.5 0.6583333333333333 0.04635416666666667 0.0787037037037037
0 0.4765625 0.5652777777777778 0.06822916666666666 0.0962962962962963
0 0.4270833333333333 0.6375 0.08229166666666667 0.05462962962962963
0 0.41901041666666666 0.5916666666666667 0.04635416666666667 0.03981481481481482
0 0.37578125 0.55 0.09635416666666667 0.10740740740740741
0 0.32838541666666665 0.6087962962962963 0.0640625 0.1175925925925926
0 0.359375 0.6523148148148148 0.07864583333333333 0.07962962962962963
0 0.25078125 0.6708333333333333 0.0875 0.1037037037037037