0 0.07161458333333333 0.4009259259259259 0.08125 0.12222222222222222
0 0.14609375 0.6421296296296296 0.09947916666666666 0.23333333333333334
0 0.0578125 0.8611111111111112 0.115625 0.1537037037037037
0 0.01796875 0.7092592592592593 0.0359375 0.14444444444444443
0 0.023697916666666666 0.2662037037037037 0.03958333333333333 0.08425925925925926
0 0.0125 0.19953703703703704 0.025 0.07314814814814814
0 0.0203125 0.13240740740740742 0.03125 0.08425925925925926
0 0.06015625 0.11157407407407408 0.05260416666666667 0.08425925925925926
0 0.21979166666666666 0.45046296296296295 0.08697916666666666 0.14814814814814814
0 0.2877604166666667 0.3296296296296296 0.08333333333333333 0.18796296296296297
0 0.30130208333333336 0.21574074074074073 0.059895833333333336 0.0962962962962963
0 0.47109375 0.32546296296296295 0.10052083333333334 0.08518518518518518
0 0.5190104166666667 0.37037037037037035 0.10208333333333333 0.10277777777777777
0 0.3484375 0.8675925925925926 0.09479166666666666 0.21851851851851853
0 0.4515625 0.7768518518518519 0.13385416666666666 0.16111111111111112
0 0.49244791666666665 0.8893518518518518 0.14322916666666666 0.13055555555555556
0 0.12239583333333333 0.11388888888888889 0.05572916666666667 0.05925925925925926
0 0.17083333333333334 0.11944444444444445 0.0515625 0.0712962962962963
0 0.19505208333333332 0.0837962962962963 0.0453125 0.020370370370370372
0 0.20546875 0.11527777777777778 0.03958333333333333 0.05925925925925926
0 0.23463541666666668 0.09351851851851851 0.04114583333333333 0.04722222222222222
0 0.25338541666666664 0.06712962962962964 0.034375 0.05092592592592592
0 0.27395833333333336 0.029166666666666667 0.04739583333333333 0.05648148148148148
0 0.13541666666666666 0.04537037037037037 0.0421875 0.05925925925925926
0 0.19270833333333334 0.06018518518518518 0.0296875 0.049074074074074076
0 0.20286458333333332 0.03935185185185185 0.023958333333333335 0.04351851851851852
0 0.17083333333333334 0.05416666666666667 0.028125 0.053703703703703705
0 0.10807291666666667 0.08981481481481482 0.05625 0.040740740740740744
0 0.06041666666666667 0.06342592592592593 0.0453125 0.05
0 0.05625 0.03425925925925926 0.0484375 0.03611111111111111
0 0.22526041666666666 0.022685185185185187 0.04635416666666667 0.04537037037037037
0 0.17447916666666666 0.33935185185185185 0.0625 0.0712962962962963
0 0.3307291666666667 0.10787037037037037 0.059895833333333336 0.10740740740740741
0 0.9744791666666667 0.2712962962962963 0.051041666666666666 0.07962962962962963
0 0.9557291666666666 0.16111111111111112 0.042708333333333334 0.06759259259259259
0 0.9791666666666666 0.1310185185185185 0.03854166666666667 0.05092592592592592
0 0.9848958333333333 0.18981481481481483 0.030208333333333334 0.06666666666666667
0 0.8890625 0.09212962962962963 0.05520833333333333 0.05740740740740741
0 0.9026041666666667 0.06111111111111111 0.035416666666666666 0.05740740740740741
0 0.9541666666666667 0.08009259259259259 0.0734375 0.0787037037037037
0 0.9630208333333333 0.07962962962962963 0.06354166666666666 0.06388888888888888
0 0.7348958333333333 0.08564814814814815 0.08072916666666667 0.09166666666666666
0 0.55703125 0.07314814814814814 0.0453125 0.07314814814814814
0 0.6190104166666667 0.05277777777777778 0.05572916666666667 0.06018518518518518
0 0.6166666666666667 0.01990740740740741 0.035416666666666666 0.03981481481481482
0 0.6578125 0.019444444444444445 0.05416666666666667 0.03888888888888889
0 0.66640625 0.056018518518518516 0.042708333333333334 0.06759259259259259
0 0.5075520833333333 0.13518518518518519 0.0640625 0.07685185185185185
0 0.47421875 0.11666666666666667 0.06875 0.05185185185185185
0 0.4484375 0.09768518518518518 0.065625 0.05925925925925926
0 0.415625 0.07592592592592592 0.04739583333333333 0.04259259259259259
0 0.44479166666666664 0.06296296296296296 0.050520833333333334 0.03981481481481482
0 0.5018229166666667 0.07731481481481481 0.05625 0.049074074074074076
0 0.3875 0.07222222222222222 0.04375 0.06759259259259259
0 0.4203125 0.0412037037037037 0.04375 0.044444444444444446
0 0.39609375 0.02962962962962963 0.04895833333333333 0.03888888888888889
0 0.3494791666666667 0.038425925925925926 0.03229166666666667 0.07037037037037037
0 0.45729166666666665 0.03611111111111111 0.04635416666666667 0.026851851851851852
0 0.4591145833333333 0.011574074074074073 0.05416666666666667 0.023148148148148147