0 0.35703125 0.5078125 0.2234375 0.3671875
0 0.55078125 0.48671875 0.1640625 0.315625
0 0.7015625 0.54375 0.1421875 0.29375
0 0.2421875 0.27890625 0.1765625 0.196875
0 0.45 0.18359375 0.2375 0.16875
0 0.80234375 0.2609375 0.2078125 0.2875
0 0.459375 0.3109375 0.165625 0.246875
0 0.2421875 0.13125 0.125 0.1328125
0 0.3421875 0.09609375 0.15 0.1765625
0 0.4546875 0.0671875 0.10625 0.134375
0 0.59765625 0.1125 0.140625 0.225
0 0.675 0.08203125 0.078125 0.1640625
0 0.81640625 0.06640625 0.0953125 0.1328125