0 0.07057291666666667 0.9078703703703703 0.10416666666666667 0.18425925925925926
0 0.04583333333333333 0.9208333333333333 0.090625 0.15833333333333333
0 0.01328125 0.6962962962962963 0.0265625 0.09166666666666666
0 0.0265625 0.6388888888888888 0.053125 0.07777777777777778
0 0.07447916666666667 0.6134259259259259 0.0734375 0.0712962962962963
0 0.028645833333333332 0.5587962962962963 0.04739583333333333 0.06481481481481481
0 0.021614583333333333 0.49583333333333335 0.043229166666666666 0.06666666666666667
0 0.08385416666666666 0.5550925925925926 0.06458333333333334 0.08148148148148149
0 0.09114583333333333 0.7041666666666667 0.07604166666666666 0.10555555555555556
0 0.15130208333333334 0.5152777777777777 0.078125 0.10555555555555556
0 0.07369791666666667 0.47129629629629627 0.059895833333333336 0.06574074074074074
0 0.09401041666666667 0.4097222222222222 0.08333333333333333 0.05
0 0.018489583333333334 0.42962962962962964 0.03697916666666667 0.07407407407407407
0 0.02109375 0.23333333333333334 0.0390625 0.05092592592592592
0 0.022395833333333334 0.27361111111111114 0.04479166666666667 0.04814814814814815
0 0.0578125 0.24351851851851852 0.021354166666666667 0.025925925925925925
0 0.048177083333333336 0.287962962962963 0.043229166666666666 0.049074074074074076
0 0.016927083333333332 0.3425925925925926 0.03229166666666667 0.09907407407407408
0 0.05390625 0.3226851851851852 0.052083333333333336 0.06018518518518518
0 0.09114583333333333 0.3421296296296296 0.05364583333333333 0.10648148148148148
0 0.046614583333333334 0.36712962962962964 0.046875 0.08703703703703704
0 0.09505208333333333 0.2601851851851852 0.050520833333333334 0.03796296296296296
0 0.11822916666666666 0.3148148148148148 0.0265625 0.08425925925925926
0 0.15520833333333334 0.31574074074074077 0.05677083333333333 0.10833333333333334
0 0.13932291666666666 0.24351851851851852 0.04895833333333333 0.06296296296296296
0 0.18229166666666666 0.2439814814814815 0.04791666666666667 0.07685185185185185
0 0.014583333333333334 0.19398148148148148 0.029166666666666667 0.08055555555555556
0 0.03359375 0.17592592592592593 0.04479166666666667 0.06759259259259259
0 0.01484375 0.12916666666666668 0.0296875 0.05925925925925926
0 0.07005208333333333 0.17175925925925925 0.036458333333333336 0.05185185185185185
0 0.0546875 0.11527777777777778 0.0265625 0.04537037037037037
0 0.0828125 0.13333333333333333 0.05 0.017592592592592594
0 0.09973958333333334 0.16435185185185186 0.03697916666666667 0.06759259259259259
0 0.12239583333333333 0.18333333333333332 0.06197916666666667 0.06666666666666667
0 0.12135416666666667 0.13796296296296295 0.03125 0.037037037037037035
0 0.11354166666666667 0.10324074074074074 0.053125 0.012962962962962963
0 0.09791666666666667 0.11851851851851852 0.04791666666666667 0.022222222222222223
0 0.06432291666666666 0.0625 0.05 0.05462962962962963
0 0.03828125 0.03796296296296296 0.035416666666666666 0.040740740740740744
0 0.059375 0.022685185185185187 0.0359375 0.03888888888888889
0 0.11484375 0.023148148148148147 0.05 0.046296296296296294
0 0.08776041666666666 0.0787037037037037 0.033854166666666664 0.03333333333333333
0 0.12265625 0.059722222222222225 0.043229166666666666 0.03796296296296296
0 0.14739583333333334 0.0375 0.051041666666666666 0.025
0 0.17369791666666667 0.047685185185185185 0.03229166666666667 0.026851851851851852
0 0.15911458333333334 0.08055555555555556 0.043229166666666666 0.027777777777777776
0 0.15572916666666667 0.11296296296296296 0.035416666666666666 0.010185185185185186
0 0.18958333333333333 0.12175925925925926 0.0375 0.06018518518518518
0 0.15546875 0.16157407407407406 0.058854166666666666 0.041666666666666664
0 0.16848958333333333 0.13935185185185187 0.05572916666666667 0.04259259259259259
0 0.22265625 0.11805555555555555 0.04583333333333333 0.06666666666666667
0 0.2552083333333333 0.0787037037037037 0.04010416666666667 0.018518518518518517
0 0.25625 0.06481481481481481 0.0421875 0.019444444444444445
0 0.21901041666666668 0.06296296296296296 0.0375 0.025925925925925925
0 0.21041666666666667 0.05324074074074074 0.0359375 0.03425925925925926
0 0.19244791666666666 0.049074074074074076 0.0265625 0.028703703703703703
0 0.21119791666666668 0.024537037037037038 0.030208333333333334 0.032407407407407406
0 0.18333333333333332 0.02638888888888889 0.03958333333333333 0.021296296296296296
0 0.1828125 0.013888888888888888 0.052083333333333336 0.017592592592592594
0 0.16380208333333332 0.01712962962962963 0.04739583333333333 0.03425925925925926
0 0.2828125 0.03287037037037037 0.059895833333333336 0.04351851851851852
0 0.25286458333333334 0.029166666666666667 0.041666666666666664 0.03888888888888889
0 0.3033854166666667 0.006481481481481481 0.030729166666666665 0.012962962962962963
0 0.31015625 0.030555555555555555 0.04375 0.030555555555555555
0 0.27630208333333334 0.017592592592592594 0.034375 0.03518518518518519
0 0.30911458333333336 0.09953703703703703 0.027083333333333334 0.05185185185185185
0 0.33151041666666664 0.0837962962962963 0.03854166666666667 0.05462962962962963
0 0.37265625 0.09444444444444444 0.0546875 0.03796296296296296
0 0.38203125 0.06435185185185185 0.04791666666666667 0.040740740740740744
0 0.3546875 0.037037037037037035 0.04375 0.03796296296296296
0 0.3875 0.027777777777777776 0.04479166666666667 0.05555555555555555
0 0.33697916666666666 0.027314814814814816 0.03125 0.05185185185185185
0 0.440625 0.0712962962962963 0.04479166666666667 0.06111111111111111
0 0.39088541666666665 0.15694444444444444 0.052083333333333336 0.06944444444444445
0 0.440625 0.14212962962962963 0.04739583333333333 0.062037037037037036
0 0.47942708333333334 0.02962962962962963 0.07083333333333333 0.049074074074074076
0 0.44479166666666664 0.013425925925925926 0.04375 0.026851851851851852
0 0.53359375 0.03981481481481482 0.03958333333333333 0.04722222222222222
0 0.5416666666666666 0.016203703703703703 0.04583333333333333 0.032407407407407406
0 0.57421875 0.009722222222222222 0.033854166666666664 0.019444444444444445
0 0.4940104166666667 0.007407407407407408 0.042708333333333334 0.014814814814814815
0 0.5481770833333334 0.24722222222222223 0.084375 0.06574074074074074
0 0.5986979166666667 0.27037037037037037 0.08020833333333334 0.07037037037037037
0 0.5984375 0.17037037037037037 0.06927083333333334 0.05
0 0.5989583333333334 0.1935185185185185 0.058854166666666666 0.05648148148148148
0 0.6231770833333333 0.23287037037037037 0.06197916666666667 0.03425925925925926
0 0.6614583333333334 0.11064814814814815 0.03958333333333333 0.06296296296296296
0 0.6880208333333333 0.1398148148148148 0.04479166666666667 0.05277777777777778
0 0.65546875 0.15324074074074073 0.040625 0.03796296296296296
0 0.6497395833333334 0.18611111111111112 0.05260416666666667 0.03425925925925926
0 0.6838541666666667 0.1865740740740741 0.0234375 0.062037037037037036
0 0.71328125 0.1814814814814815 0.0515625 0.02962962962962963
0 0.7174479166666666 0.20277777777777778 0.0375 0.026851851851851852
0 0.67734375 0.25324074074074077 0.07864583333333333 0.06296296296296296
0 0.7213541666666666 0.23842592592592593 0.05 0.08333333333333333
0 0.7619791666666667 0.2351851851851852 0.0578125 0.05740740740740741
0 0.7447916666666666 0.17777777777777778 0.022916666666666665 0.03796296296296296
0 0.78359375 0.2013888888888889 0.049479166666666664 0.08518518518518518
0 0.7713541666666667 0.09027777777777778 0.03697916666666667 0.058333333333333334
0 0.8463541666666666 0.2537037037037037 0.08333333333333333 0.08055555555555556
0 0.73046875 0.004629629629629629 0.0515625 0.009259259259259259
0 0.8721354166666667 0.07962962962962963 0.04375 0.037037037037037035
0 0.8940104166666667 0.12638888888888888 0.0578125 0.05925925925925926
0 0.8973958333333333 0.02824074074074074 0.050520833333333334 0.05092592592592592
0 0.92109375 0.01712962962962963 0.035416666666666666 0.03425925925925926
0 0.9354166666666667 0.05787037037037037 0.049479166666666664 0.04537037037037037
0 0.93125 0.08564814814814815 0.0453125 0.030555555555555555
0 0.9447916666666667 0.10046296296296296 0.052083333333333336 0.023148148148148147
0 0.9770833333333333 0.12361111111111112 0.0375 0.037037037037037035
0 0.9986979166666666 0.13518518518518519 0.0026041666666666665 0.049074074074074076
0 0.9838541666666667 0.04537037037037037 0.03229166666666667 0.03333333333333333
0 0.9778645833333334 0.19074074074074074 0.044270833333333336 0.06666666666666667
0 0.7692708333333333 0.4550925925925926 0.078125 0.08611111111111111
0 0.9075520833333334 0.5421296296296296 0.09635416666666667 0.07777777777777778
0 0.815625 0.524074074074074 0.06666666666666667 0.044444444444444446
0 0.8705729166666667 0.5777777777777777 0.10260416666666666 0.058333333333333334
0 0.88125 0.6268518518518519 0.075 0.06111111111111111
0 0.9283854166666666 0.7064814814814815 0.08958333333333333 0.10462962962962963
0 0.8317708333333333 0.6888888888888889 0.0765625 0.12037037037037036
0 0.7893229166666667 0.7157407407407408 0.09739583333333333 0.08333333333333333
0 0.7372395833333333 0.6606481481481481 0.09635416666666667 0.06944444444444445
0 0.6927083333333334 0.6134259259259259 0.08854166666666667 0.0712962962962963
0 0.7075520833333333 0.5509259259259259 0.0796875 0.08703703703703704
0 0.7338541666666667 0.5189814814814815 0.08333333333333333 0.04722222222222222
0 0.6419270833333334 0.5101851851851852 0.08333333333333333 0.04814814814814815
0 0.5950520833333334 0.5222222222222223 0.08229166666666667 0.06296296296296296
0 0.6356770833333333 0.5819444444444445 0.07708333333333334 0.11296296296296296
0 0.6205729166666667 0.6930555555555555 0.08802083333333334 0.06481481481481481
0 0.7393229166666667 0.7273148148148149 0.08854166666666667 0.07037037037037037
0 0.6481770833333333 0.7611111111111111 0.103125 0.05740740740740741
0 0.7216145833333333 0.7916666666666666 0.10364583333333334 0.06851851851851852
0 0.8002604166666667 0.8361111111111111 0.06666666666666667 0.16296296296296298
0 0.7453125 0.8606481481481482 0.07916666666666666 0.10833333333333334
0 0.6768229166666667 0.8634259259259259 0.058333333333333334 0.11851851851851852
0 0.6174479166666667 0.8828703703703704 0.07604166666666666 0.11481481481481481
0 0.6315104166666666 0.8018518518518518 0.0953125 0.05925925925925926
0 0.5497395833333333 0.7675925925925926 0.0796875 0.0962962962962963
0 0.5700520833333333 0.7277777777777777 0.09322916666666667 0.11574074074074074
0 0.73359375 0.9291666666666667 0.1375 0.07777777777777778
0 0.8169270833333333 0.9638888888888889 0.1015625 0.07222222222222222
0 0.6294270833333333 0.9666666666666667 0.12552083333333333 0.06666666666666667
0 0.5533854166666666 0.9666666666666667 0.08020833333333334 0.06666666666666667
0 0.5072916666666667 0.9435185185185185 0.09166666666666666 0.10925925925925926
0 0.41432291666666665 0.950925925925926 0.11927083333333334 0.09814814814814815
0 0.51171875 0.8648148148148148 0.06927083333333334 0.0824074074074074
0 0.5341145833333333 0.812037037037037 0.08333333333333333 0.10277777777777777
0 0.54765625 0.6435185185185185 0.07864583333333333 0.08611111111111111
0 0.5783854166666667 0.5916666666666667 0.06510416666666667 0.09259259259259259
0 0.4783854166666667 0.5560185185185185 0.0734375 0.09444444444444444
0 0.48802083333333335 0.6268518518518519 0.053125 0.0962962962962963
0 0.4825520833333333 0.6736111111111112 0.08229166666666667 0.05648148148148148
0 0.4518229166666667 0.6814814814814815 0.04739583333333333 0.023148148148148147
0 0.46796875 0.7287037037037037 0.03958333333333333 0.049074074074074076
0 0.4708333333333333 0.7518518518518519 0.090625 0.08333333333333333
0 0.44635416666666666 0.7652777777777777 0.057291666666666664 0.04537037037037037
0 0.4466145833333333 0.8342592592592593 0.0734375 0.06851851851851852
0 0.3963541666666667 0.8787037037037037 0.11041666666666666 0.10555555555555556
0 0.37161458333333336 0.8203703703703704 0.11197916666666667 0.11296296296296296
0 0.2630208333333333 0.9032407407407408 0.0953125 0.12407407407407407
0 0.2833333333333333 0.7944444444444444 0.0328125 0.12962962962962962
0 0.39166666666666666 0.6407407407407407 0.059375 0.049074074074074076
0 0.3658854166666667 0.6212962962962963 0.05677083333333333 0.05925925925925926
0 0.42578125 0.6162037037037037 0.071875 0.06388888888888888
0 0.39010416666666664 0.5305555555555556 0.06666666666666667 0.10185185185185185
0 0.35052083333333334 0.524537037037037 0.0625 0.08796296296296297
0 0.3072916666666667 0.5125 0.0765625 0.08796296296296297
0 0.24401041666666667 0.6222222222222222 0.09895833333333333 0.11388888888888889
0 0.29739583333333336 0.6055555555555555 0.05260416666666667 0.08518518518518518
0 0.2828125 0.6643518518518519 0.08645833333333333 0.04259259259259259
0 0.3580729166666667 0.6837962962962963 0.08645833333333333 0.04537037037037037
0 0.3567708333333333 0.7444444444444445 0.0890625 0.08055555555555556
0 0.26614583333333336 0.7092592592592593 0.07760416666666667 0.05648148148148148
0 0.22578125 0.7458333333333333 0.07239583333333334 0.08518518518518518
0 0.16901041666666666 0.7291666666666666 0.0703125 0.1111111111111111
0 0.19791666666666666 0.8328703703703704 0.08020833333333334 0.09907407407407408
0 0.16588541666666667 0.8768518518518519 0.08854166666666667 0.14722222222222223
0 0.5755208333333334 0.4648148148148148 0.10052083333333334 0.0824074074074074
0 0.4635416666666667 0.4736111111111111 0.0796875 0.04722222222222222
0 0.7598958333333333 0.6037037037037037 0.06979166666666667 0.09444444444444444
0 0.32057291666666665 0.7851851851851852 0.058333333333333334 0.06388888888888888