0 0.5731770833333333 0.5041666666666667 0.14635416666666667 0.1787037037037037
0 0.5432291666666667 0.7976851851851852 0.11510416666666666 0.23055555555555557
0 0.3541666666666667 0.7837962962962963 0.125 0.2388888888888889
0 0.41171875 0.2967592592592593 0.0796875 0.14444444444444443
0 0.68828125 0.20092592592592592 0.1078125 0.12777777777777777
0 0.059895833333333336 0.7916666666666666 0.11979166666666667 0.08611111111111111
0 0.06744791666666666 0.8949074074074074 0.125 0.15648148148148147
0 0.24791666666666667 0.38935185185185184 0.1046875 0.2
0 0.2828125 0.3101851851851852 0.09895833333333333 0.11296296296296296
0 0.08255208333333333 0.22824074074074074 0.08854166666666667 0.09537037037037037
0 0.052083333333333336 0.2972222222222222 0.09635416666666667 0.10092592592592593
0 0.05390625 0.17731481481481481 0.06041666666666667 0.08796296296296297
0 0.11979166666666667 0.10925925925925926 0.06354166666666666 0.05648148148148148
0 0.04505208333333333 0.10462962962962963 0.053125 0.0712962962962963
0 0.165625 0.12361111111111112 0.05364583333333333 0.06851851851851852
0 0.20390625 0.11481481481481481 0.03802083333333333 0.07962962962962963
0 0.24427083333333333 0.10925925925925926 0.04895833333333333 0.09074074074074075
0 0.16953125 0.06759259259259259 0.05572916666666667 0.06481481481481481
0 0.19348958333333333 0.02361111111111111 0.04635416666666667 0.04722222222222222
0 0.2643229166666667 0.025925925925925925 0.0546875 0.05185185185185185
0 0.21953125 0.06111111111111111 0.04375 0.04259259259259259
0 0.14348958333333334 0.040740740740740744 0.04375 0.04722222222222222
0 0.08177083333333333 0.07037037037037037 0.06458333333333334 0.04259259259259259
0 0.11276041666666667 0.02824074074074074 0.0453125 0.05648148148148148
0 0.3229166666666667 0.17453703703703705 0.06145833333333333 0.09907407407407408
0 0.5044270833333333 0.14212962962962963 0.06927083333333334 0.07962962962962963
0 0.47682291666666665 0.11296296296296296 0.06666666666666667 0.046296296296296294
0 0.45598958333333334 0.09861111111111111 0.0625 0.05648148148148148
0 0.5583333333333333 0.06851851851851852 0.0484375 0.06759259259259259
0 0.36666666666666664 0.13842592592592592 0.0515625 0.06388888888888888
0 0.3723958333333333 0.10092592592592593 0.05 0.05555555555555555
0 0.409375 0.08518518518518518 0.05416666666666667 0.06111111111111111
0 0.42291666666666666 0.041666666666666664 0.0421875 0.05
0 0.4552083333333333 0.04861111111111111 0.05364583333333333 0.05092592592592592
0 0.4739583333333333 0.055092592592592596 0.042708333333333334 0.041666666666666664
0 0.49322916666666666 0.02962962962962963 0.033854166666666664 0.05648148148148148
0 0.5046875 0.06851851851851852 0.051041666666666666 0.05555555555555555
0 0.3328125 0.10324074074074074 0.049479166666666664 0.05462962962962963
0 0.3416666666666667 0.07083333333333333 0.05 0.03518518518518519
0 0.3815104166666667 0.021296296296296296 0.0515625 0.04259259259259259
0 0.38723958333333336 0.047685185185185185 0.04583333333333333 0.05462962962962963
0 0.34296875 0.03657407407407407 0.04791666666666667 0.06111111111111111
0 0.6403645833333333 0.046296296296296294 0.04739583333333333 0.08148148148148149
0 0.6635416666666667 0.056018518518518516 0.04114583333333333 0.08425925925925926
0 0.7330729166666666 0.038425925925925926 0.08489583333333334 0.07685185185185185
0 0.5625 0.030555555555555555 0.05677083333333333 0.05
0 0.5153645833333333 0.012962962962962963 0.03958333333333333 0.025925925925925925
0 0.9658854166666667 0.2759259259259259 0.06822916666666666 0.1037037037037037
0 0.9424479166666667 0.16018518518518518 0.057291666666666664 0.0824074074074074
0 0.9846354166666667 0.1814814814814815 0.030729166666666665 0.075
0 0.94765625 0.056018518518518516 0.06666666666666667 0.05
0 0.9419270833333333 0.02824074074074074 0.040625 0.04259259259259259
0 0.90625 0.023148148148148147 0.027604166666666666 0.046296296296296294
0 0.95703125 0.11435185185185186 0.03177083333333333 0.049074074074074076
0 0.97890625 0.027777777777777776 0.029166666666666667 0.04259259259259259
0 0.98671875 0.11574074074074074 0.0265625 0.07407407407407407