0 0.5973958333333333 0.7643518518518518 0.15 0.18055555555555555
0 0.6604166666666667 0.41805555555555557 0.10364583333333334 0.12129629629629629
0 0.7276041666666667 0.35462962962962963 0.0734375 0.15
0 0.6533854166666667 0.17731481481481481 0.06458333333333334 0.09351851851851851
0 0.5841145833333333 0.18425925925925926 0.0578125 0.13148148148148148
0 0.075 0.324537037037037 0.11875 0.15
0 0.03359375 0.39490740740740743 0.0671875 0.17685185185185184
0 0.16979166666666667 0.20601851851851852 0.04479166666666667 0.1287037037037037
0 0.0859375 0.2023148148148148 0.05 0.11574074074074074
0 0.12916666666666668 0.20555555555555555 0.04479166666666667 0.13148148148148148
0 0.2734375 0.3212962962962963 0.0828125 0.1
0 0.3015625 0.38287037037037036 0.08541666666666667 0.14074074074074075
0 0.33151041666666664 0.29074074074074074 0.0546875 0.07777777777777778
0 0.303125 0.21574074074074073 0.06666666666666667 0.07685185185185185
0 0.25625 0.18981481481481483 0.049479166666666664 0.053703703703703705
0 0.22291666666666668 0.20185185185185187 0.05 0.07962962962962963
0 0.27708333333333335 0.12453703703703704 0.04010416666666667 0.03611111111111111
0 0.209375 0.11296296296296296 0.0734375 0.06018518518518518
0 0.19791666666666666 0.03611111111111111 0.019791666666666666 0.018518518518518517
0 0.23203125 0.04398148148148148 0.050520833333333334 0.049074074074074076
0 0.32786458333333335 0.03518518518518519 0.06875 0.06851851851851852
0 0.2890625 0.059722222222222225 0.04739583333333333 0.03518518518518519
0 0.40260416666666665 0.19675925925925927 0.036458333333333336 0.08148148148148149
0 0.44166666666666665 0.20324074074074075 0.03697916666666667 0.06574074074074074
0 0.325 0.12777777777777777 0.0296875 0.027777777777777776
0 0.32708333333333334 0.09953703703703703 0.029166666666666667 0.025
0 0.29296875 0.09444444444444444 0.03958333333333333 0.025925925925925925
0 0.3807291666666667 0.09398148148148149 0.025520833333333333 0.02962962962962963
0 0.4518229166666667 0.10416666666666667 0.042708333333333334 0.046296296296296294
0 0.41875 0.10092592592592593 0.03177083333333333 0.024074074074074074
0 0.4671875 0.1685185185185185 0.04375 0.062037037037037036
0 0.5 0.08472222222222223 0.05364583333333333 0.062037037037037036
0 0.45260416666666664 0.01574074074074074 0.022916666666666665 0.027777777777777776
0 0.41901041666666666 0.05555555555555555 0.06927083333333334 0.062037037037037036
0 0.375 0.16018518518518518 0.0484375 0.10277777777777777
0 0.4515625 0.3787037037037037 0.057291666666666664 0.09444444444444444
0 0.703125 0.18611111111111112 0.049479166666666664 0.08148148148148149
0 0.8083333333333333 0.23148148148148148 0.06354166666666666 0.1037037037037037
0 0.8052083333333333 0.30925925925925923 0.09114583333333333 0.08333333333333333
0 0.8723958333333334 0.46574074074074073 0.10625 0.11018518518518519
0 0.94140625 0.33287037037037037 0.058854166666666666 0.09166666666666666
0 0.9427083333333334 0.17824074074074073 0.050520833333333334 0.08518518518518518
0 0.9424479166666667 0.25 0.08125 0.09907407407407408
0 0.7973958333333333 0.11388888888888889 0.043229166666666666 0.0824074074074074
0 0.7588541666666667 0.08796296296296297 0.04479166666666667 0.05648148148148148
0 0.7197916666666667 0.14074074074074075 0.06041666666666667 0.07037037037037037
0 0.66484375 0.07962962962962963 0.06302083333333333 0.12685185185185185
0 0.5203125 0.03518518518518519 0.0546875 0.03518518518518519
0 0.5705729166666667 0.05185185185185185 0.023958333333333335 0.027777777777777776
0 0.9786458333333333 0.562962962962963 0.042708333333333334 0.0962962962962963
0 0.9598958333333333 0.5013888888888889 0.05572916666666667 0.05277777777777778
0 0.9143229166666667 0.5527777777777778 0.10208333333333333 0.13425925925925927
0 0.86640625 0.1037037037037037 0.036458333333333336 0.053703703703703705
0 0.84609375 0.043055555555555555 0.051041666666666666 0.03888888888888889
0 0.9276041666666667 0.03564814814814815 0.0296875 0.05277777777777778
0 0.9544270833333334 0.05324074074074074 0.04114583333333333 0.07222222222222222
0 0.7184895833333333 0.017592592592592594 0.025 0.02962962962962963
0 0.7885416666666667 0.04259259259259259 0.027604166666666666 0.027777777777777776
0 0.7908854166666667 0.0787037037037037 0.04114583333333333 0.06296296296296296
0 0.39010416666666664 0.29259259259259257 0.07135416666666666 0.13148148148148148
0 0.4088541666666667 0.43425925925925923 0.0609375 0.11574074074074074
0 0.31744791666666666 0.15462962962962962 0.044270833333333336 0.04722222222222222
0 0.505265625 0.2659814814814815 0.07644270833333339 0.09189814814814815
0 0.460671875 0.327462962962963 0.07025520833333326 0.04271296296296296
0 0.49895833333333334 0.13528703703703704 0.07091145833333339 0.06149074074074073