0 0.10651041666666666 0.2712962962962963 0.03854166666666667 0.09166666666666666
0 0.12864583333333332 0.25324074074074077 0.034375 0.11203703703703703
0 0.16692708333333334 0.2162037037037037 0.0484375 0.07222222222222222
0 0.06067708333333333 0.2708333333333333 0.0421875 0.03611111111111111
0 0.05572916666666667 0.32083333333333336 0.0390625 0.041666666666666664
0 0.023697916666666666 0.29768518518518516 0.023958333333333335 0.01574074074074074
0 0.016145833333333335 0.3402777777777778 0.03229166666666667 0.044444444444444446
0 0.06822916666666666 0.3675925925925926 0.040625 0.04259259259259259
0 0.10390625 0.38333333333333336 0.044270833333333336 0.05648148148148148
0 0.20104166666666667 0.2861111111111111 0.03958333333333333 0.07222222222222222
0 0.24036458333333333 0.31203703703703706 0.049479166666666664 0.02962962962962963
0 0.27395833333333336 0.2865740740740741 0.051041666666666666 0.025925925925925925
0 0.25286458333333334 0.24166666666666667 0.034895833333333334 0.04537037037037037
0 0.26848958333333334 0.20324074074074075 0.027083333333333334 0.03148148148148148
0 0.21041666666666667 0.21898148148148147 0.024479166666666666 0.041666666666666664
0 0.2981770833333333 0.22361111111111112 0.0375 0.025
0 0.32057291666666665 0.19305555555555556 0.035416666666666666 0.021296296296296296
0 0.33697916666666666 0.22592592592592592 0.03229166666666667 0.02962962962962963
0 0.35989583333333336 0.21712962962962962 0.027083333333333334 0.026851851851851852
0 0.39869791666666665 0.13657407407407407 0.0171875 0.04814814814814815
0 0.3614583333333333 0.10046296296296296 0.020833333333333332 0.04814814814814815
0 0.37786458333333334 0.09722222222222222 0.019791666666666666 0.04537037037037037
0 0.34010416666666665 0.11203703703703703 0.016666666666666666 0.040740740740740744
0 0.453125 0.11203703703703703 0.029166666666666667 0.05740740740740741
0 0.43411458333333336 0.0962962962962963 0.026041666666666668 0.03425925925925926
0 0.40338541666666666 0.10277777777777777 0.03229166666666667 0.020370370370370372
0 0.48541666666666666 0.10324074074074074 0.022395833333333334 0.037037037037037035
0 0.46197916666666666 0.056018518518518516 0.0171875 0.04259259259259259
0 0.5190104166666667 0.08564814814814815 0.026041666666666668 0.025925925925925925
0 0.3020833333333333 0.3125 0.041666666666666664 0.030555555555555555
0 0.23932291666666666 0.3712962962962963 0.034375 0.021296296296296296
0 0.18151041666666667 0.42916666666666664 0.0296875 0.06481481481481481
0 0.23125 0.4222222222222222 0.04635416666666667 0.08796296296296297
0 0.24713541666666666 0.45231481481481484 0.04739583333333333 0.0712962962962963
0 0.2864583333333333 0.4351851851851852 0.03958333333333333 0.05277777777777778
0 0.2625 0.4824074074074074 0.049479166666666664 0.062037037037037036
0 0.33255208333333336 0.45694444444444443 0.06302083333333333 0.03981481481481482
0 0.31744791666666666 0.4949074074074074 0.05625 0.062037037037037036
0 0.26953125 0.5203703703703704 0.075 0.04722222222222222
0 0.25625 0.562962962962963 0.06979166666666667 0.09722222222222222
0 0.08697916666666666 0.4888888888888889 0.052083333333333336 0.032407407407407406
0 0.08802083333333334 0.5361111111111111 0.06770833333333333 0.05092592592592592
0 0.08567708333333333 0.5930555555555556 0.078125 0.06018518518518518
0 0.18020833333333333 0.5995370370370371 0.07083333333333333 0.05277777777777778
0 0.1609375 0.6638888888888889 0.06770833333333333 0.0712962962962963
0 0.052083333333333336 0.6560185185185186 0.05625 0.06944444444444445
0 0.31692708333333336 0.5939814814814814 0.05625 0.07592592592592592
0 0.3765625 0.5861111111111111 0.059375 0.04722222222222222
0 0.39166666666666666 0.6481481481481481 0.08854166666666667 0.053703703703703705
0 0.42578125 0.5888888888888889 0.06145833333333333 0.06944444444444445
0 0.40572916666666664 0.5291666666666667 0.052083333333333336 0.08055555555555556
0 0.36614583333333334 0.4949074074074074 0.05260416666666667 0.07222222222222222
0 0.38307291666666665 0.4981481481481482 0.04635416666666667 0.07037037037037037
0 0.4005208333333333 0.42592592592592593 0.05572916666666667 0.049074074074074076
0 0.44557291666666665 0.5106481481481482 0.04010416666666667 0.026851851851851852
0 0.46328125 0.5083333333333333 0.0375 0.046296296296296294
0 0.4703125 0.4976851851851852 0.04739583333333333 0.05277777777777778
0 0.4747395833333333 0.45694444444444443 0.04479166666666667 0.028703703703703703
0 0.42864583333333334 0.4875 0.034895833333333334 0.04259259259259259
0 0.5057291666666667 0.5513888888888889 0.0546875 0.06018518518518518
0 0.4588541666666667 0.5634259259259259 0.0265625 0.07592592592592592
0 0.5151041666666667 0.48055555555555557 0.04375 0.058333333333333334
0 0.5372395833333333 0.44814814814814813 0.03697916666666667 0.03518518518518519
0 0.49114583333333334 0.4324074074074074 0.06770833333333333 0.03611111111111111
0 0.4986979166666667 0.40046296296296297 0.049479166666666664 0.025925925925925925
0 0.5359375 0.41203703703703703 0.03854166666666667 0.026851851851851852
0 0.45651041666666664 0.4027777777777778 0.04895833333333333 0.05555555555555555
0 0.4518229166666667 0.3773148148148148 0.029166666666666667 0.03425925925925926
0 0.41692708333333334 0.38842592592592595 0.04479166666666667 0.021296296296296296
0 0.3932291666666667 0.3726851851851852 0.0421875 0.044444444444444446
0 0.4236979166666667 0.3592592592592593 0.0515625 0.032407407407407406
0 0.38828125 0.35138888888888886 0.04895833333333333 0.04259259259259259
0 0.39479166666666665 0.3365740740740741 0.058854166666666666 0.013888888888888888
0 0.34088541666666666 0.3541666666666667 0.0484375 0.04259259259259259
0 0.34869791666666666 0.4013888888888889 0.03854166666666667 0.05185185185185185
0 0.32395833333333335 0.32314814814814813 0.04479166666666667 0.04814814814814815
0 0.4080729166666667 0.27685185185185185 0.0265625 0.04259259259259259
0 0.38255208333333335 0.26481481481481484 0.030729166666666665 0.032407407407407406
0 0.42239583333333336 0.30694444444444446 0.04010416666666667 0.019444444444444445
0 0.43671875 0.28564814814814815 0.0359375 0.018518518518518517
0 0.4591145833333333 0.2986111111111111 0.040625 0.03333333333333333
0 0.45208333333333334 0.31712962962962965 0.052083333333333336 0.03518518518518519
0 0.5015625 0.33611111111111114 0.04635416666666667 0.03425925925925926
0 0.46484375 0.3402777777777778 0.04114583333333333 0.019444444444444445
0 0.50390625 0.35462962962962963 0.0234375 0.032407407407407406
0 0.4864583333333333 0.3731481481481482 0.033854166666666664 0.018518518518518517
0 0.5283854166666667 0.3837962962962963 0.04739583333333333 0.025925925925925925
0 0.5609375 0.38425925925925924 0.027083333333333334 0.03981481481481482
0 0.5268229166666667 0.3648148148148148 0.019791666666666666 0.021296296296296296
0 0.55 0.33935185185185185 0.033854166666666664 0.025925925925925925
0 0.5481770833333334 0.3189814814814815 0.03125 0.016666666666666666
0 0.5174479166666667 0.2935185185185185 0.03125 0.01574074074074074
0 0.4984375 0.31527777777777777 0.030729166666666665 0.016666666666666666
0 0.5296875 0.32407407407407407 0.027604166666666666 0.01574074074074074
0 0.5578125 0.2912037037037037 0.04114583333333333 0.023148148148148147
0 0.5388020833333333 0.2777777777777778 0.0453125 0.024074074074074074
0 0.5067708333333333 0.26990740740740743 0.04583333333333333 0.044444444444444446
0 0.4953125 0.26666666666666666 0.040625 0.02962962962962963
0 0.48489583333333336 0.2518518518518518 0.0375 0.028703703703703703
0 0.43984375 0.2490740740740741 0.029166666666666667 0.049074074074074076
0 0.46119791666666665 0.23472222222222222 0.0296875 0.03518518518518519
0 0.41796875 0.24259259259259258 0.027083333333333334 0.05555555555555555
0 0.39114583333333336 0.23842592592592593 0.0296875 0.041666666666666664
0 0.5752604166666667 0.3763888888888889 0.053125 0.021296296296296296
0 0.5815104166666667 0.3925925925925926 0.034375 0.013888888888888888
0 0.5940104166666667 0.4393518518518518 0.044270833333333336 0.049074074074074076
0 0.5513020833333333 0.4263888888888889 0.03958333333333333 0.03518518518518519
0 0.5734375 0.34120370370370373 0.046875 0.009259259259259259
0 0.60078125 0.3453703703703704 0.03854166666666667 0.05
0 0.60703125 0.287962962962963 0.034375 0.028703703703703703
0 0.5776041666666667 0.3148148148148148 0.03229166666666667 0.024074074074074074
0 0.6057291666666667 0.30925925925925923 0.021875 0.020370370370370372
0 0.61875 0.3125 0.027604166666666666 0.026851851851851852
0 0.6260416666666667 0.28703703703703703 0.05416666666666667 0.022222222222222223
0 0.5921875 0.26666666666666666 0.03125 0.028703703703703703
0 0.6192708333333333 0.2564814814814815 0.015104166666666667 0.016666666666666666
0 0.63359375 0.25462962962962965 0.015625 0.012037037037037037
0 0.621875 0.2712962962962963 0.04479166666666667 0.025
0 0.6455729166666667 0.24768518518518517 0.04791666666666667 0.012037037037037037
0 0.6184895833333334 0.2222222222222222 0.03229166666666667 0.022222222222222223
0 0.6536458333333334 0.22268518518518518 0.0203125 0.01574074074074074
0 0.66640625 0.2212962962962963 0.03125 0.03425925925925926
0 0.64921875 0.2375 0.034375 0.025
0 0.5520833333333334 0.24444444444444444 0.04791666666666667 0.03888888888888889
0 0.5213541666666667 0.2490740740740741 0.03177083333333333 0.025925925925925925
0 0.5171875 0.2324074074074074 0.04739583333333333 0.008333333333333333
0 0.540625 0.2162037037037037 0.042708333333333334 0.017592592592592594
0 0.5255208333333333 0.2074074074074074 0.040625 0.021296296296296296
0 0.49583333333333335 0.19722222222222222 0.022395833333333334 0.041666666666666664
0 0.47734375 0.19490740740740742 0.027604166666666666 0.03981481481481482
0 0.4515625 0.1925925925925926 0.030729166666666665 0.03148148148148148
0 0.46510416666666665 0.17592592592592593 0.03333333333333333 0.025925925925925925
0 0.5354166666666667 0.1763888888888889 0.046875 0.027777777777777776
0 0.5731770833333333 0.1625 0.029166666666666667 0.020370370370370372
0 0.6098958333333333 0.16944444444444445 0.040625 0.032407407407407406
0 0.584375 0.18472222222222223 0.030208333333333334 0.027777777777777776
0 0.55703125 0.19398148148148148 0.035416666666666666 0.025925925925925925
0 0.5796875 0.21388888888888888 0.0390625 0.016666666666666666
0 0.6252604166666667 0.19166666666666668 0.042708333333333334 0.01574074074074074
0 0.62578125 0.2101851851851852 0.03854166666666667 0.017592592592592594
0 0.6528645833333333 0.19583333333333333 0.0390625 0.012037037037037037
0 0.6572916666666667 0.17962962962962964 0.0421875 0.03148148148148148
0 0.675 0.1685185185185185 0.03854166666666667 0.041666666666666664
0 0.5994791666666667 0.14537037037037037 0.028645833333333332 0.021296296296296296
0 0.58671875 0.12037037037037036 0.03229166666666667 0.037037037037037035
0 0.6083333333333333 0.11990740740740741 0.028645833333333332 0.017592592592592594
0 0.56171875 0.13657407407407407 0.025520833333333333 0.03333333333333333
0 0.5401041666666667 0.13657407407407407 0.030208333333333334 0.03796296296296296
0 0.5127604166666667 0.12268518518518519 0.027604166666666666 0.024074074074074074
0 0.52421875 0.15231481481481482 0.029166666666666667 0.027777777777777776
0 0.6234375 0.08518518518518518 0.024479166666666666 0.03148148148148148
0 0.6494791666666667 0.08796296296296297 0.013020833333333334 0.022222222222222223
0 0.6619791666666667 0.1087962962962963 0.016145833333333335 0.017592592592592594
0 0.64609375 0.11203703703703703 0.019791666666666666 0.01574074074074074
0 0.6403645833333333 0.11481481481481481 0.020833333333333332 0.03888888888888889
0 0.62890625 0.13194444444444445 0.0265625 0.03981481481481482
0 0.6244791666666667 0.14166666666666666 0.018229166666666668 0.04722222222222222
0 0.69140625 0.13194444444444445 0.022395833333333334 0.025
0 0.71796875 0.14675925925925926 0.024479166666666666 0.012037037037037037
0 0.7104166666666667 0.175 0.022395833333333334 0.024074074074074074
0 0.6979166666666666 0.20277777777777778 0.020833333333333332 0.024074074074074074
0 0.7127604166666667 0.09722222222222222 0.019270833333333334 0.008333333333333333
0 0.7325520833333333 0.10925925925925926 0.0234375 0.006481481481481481
0 0.725 0.12314814814814815 0.022916666666666665 0.012037037037037037
0 0.73046875 0.13148148148148148 0.0296875 0.011111111111111112
0 0.7 0.06898148148148148 0.01875 0.010185185185185186
0 0.6799479166666667 0.08425925925925926 0.0234375 0.009259259259259259
0 0.6765625 0.0787037037037037 0.01875 0.005555555555555556
0 0.6901041666666666 0.06018518518518518 0.019270833333333334 0.010185185185185186
0 0.6619791666666667 0.06712962962962964 0.0109375 0.023148148148148147
0 0.6458333333333334 0.06712962962962964 0.021354166666666667 0.021296296296296296
0 0.7510416666666667 0.06666666666666667 0.03177083333333333 0.025925925925925925
0 0.7236979166666667 0.0625 0.0234375 0.022222222222222223
0 0.60390625 0.07453703703703704 0.018229166666666668 0.022222222222222223
0 0.621875 0.07268518518518519 0.019270833333333334 0.03333333333333333
0 0.65546875 0.04259259259259259 0.013541666666666667 0.021296296296296296
0 0.6411458333333333 0.047685185185185185 0.016145833333333335 0.025
0 0.6955729166666667 0.009259259259259259 0.021875 0.018518518518518517
0 0.6875 0.01574074074074074 0.022916666666666665 0.019444444444444445
0 0.6817708333333333 0.034722222222222224 0.019791666666666666 0.022222222222222223
0 0.7080729166666667 0.9097222222222222 0.09583333333333334 0.12037037037037036
0 0.7645833333333333 0.9601851851851851 0.06666666666666667 0.07962962962962963
0 0.9375 0.8611111111111112 0.11145833333333334 0.10092592592592593
0 0.9895833333333334 0.8231481481481482 0.020833333333333332 0.08888888888888889
0 0.9942708333333333 0.9083333333333333 0.011458333333333333 0.06388888888888888
0 0.9447916666666667 0.9685185185185186 0.0984375 0.06296296296296296
0 0.6541666666666667 0.5638888888888889 0.059375 0.09444444444444444
0 0.69140625 0.5958333333333333 0.06197916666666667 0.0962962962962963
0 0.75703125 0.6018518518518519 0.0625 0.07407407407407407
0 0.8453125 0.5745370370370371 0.04114583333333333 0.10185185185185185
0 0.9408854166666667 0.5203703703703704 0.03854166666666667 0.09074074074074075
0 0.9799479166666667 0.5231481481481481 0.04010416666666667 0.10833333333333334
0 0.80703125 0.47453703703703703 0.04479166666666667 0.062037037037037036
0 0.7619791666666667 0.5203703703703704 0.04635416666666667 0.08148148148148149
0 0.7763020833333333 0.48935185185185187 0.0578125 0.05555555555555555
0 0.7377604166666667 0.47453703703703703 0.06614583333333333 0.05462962962962963
0 0.68046875 0.47314814814814815 0.06041666666666667 0.06296296296296296
0 0.7078125 0.43425925925925923 0.050520833333333334 0.03888888888888889
0 0.7481770833333333 0.43148148148148147 0.049479166666666664 0.05092592592592592
0 0.8541666666666666 0.4162037037037037 0.059375 0.05462962962962963
0 0.89375 0.3699074074074074 0.053125 0.05185185185185185
0 0.91484375 0.36527777777777776 0.0515625 0.08425925925925926
0 0.7916666666666666 0.39444444444444443 0.0359375 0.049074074074074076
0 0.7114583333333333 0.38842592592592595 0.06875 0.04814814814814815
0 0.6971354166666667 0.36157407407407405 0.0546875 0.041666666666666664
0 0.73828125 0.3638888888888889 0.03125 0.025
0 0.76796875 0.3685185185185185 0.03854166666666667 0.037037037037037035
0 0.796875 0.34675925925925927 0.028125 0.028703703703703703
0 0.8481770833333333 0.37453703703703706 0.041666666666666664 0.041666666666666664
0 0.8140625 0.3888888888888889 0.0578125 0.03796296296296296
0 0.8354166666666667 0.3236111111111111 0.03177083333333333 0.041666666666666664
0 0.8536458333333333 0.3148148148148148 0.0421875 0.03425925925925926
0 0.8692708333333333 0.30277777777777776 0.034895833333333334 0.046296296296296294
0 0.8455729166666667 0.3365740740740741 0.05625 0.02962962962962963
0 0.9057291666666667 0.29907407407407405 0.03177083333333333 0.04351851851851852
0 0.9333333333333333 0.3 0.0171875 0.040740740740740744
0 0.9716145833333333 0.33564814814814814 0.05677083333333333 0.04722222222222222
0 0.69453125 0.3300925925925926 0.0609375 0.03611111111111111
0 0.7192708333333333 0.29398148148148145 0.03333333333333333 0.041666666666666664
0 0.7494791666666667 0.3050925925925926 0.034375 0.026851851851851852
0 0.7674479166666667 0.2916666666666667 0.04479166666666667 0.03148148148148148
0 0.7927083333333333 0.31157407407407406 0.0375 0.03611111111111111
0 0.8114583333333333 0.2898148148148148 0.033854166666666664 0.024074074074074074
0 0.7973958333333333 0.27037037037037037 0.041666666666666664 0.01574074074074074
0 0.7489583333333333 0.2625 0.021875 0.026851851851851852
0 0.71640625 0.2652777777777778 0.03177083333333333 0.017592592592592594
0 0.7713541666666667 0.25833333333333336 0.0203125 0.024074074074074074
0 0.8200520833333333 0.22777777777777777 0.026041666666666668 0.025925925925925925
0 0.6682291666666667 0.24861111111111112 0.022916666666666665 0.000925925925925926
0 0.8268229166666666 0.2523148148148148 0.0234375 0.027777777777777776
0 0.803125 0.2523148148148148 0.0234375 0.016666666666666666
0 0.84296875 0.27824074074074073 0.04010416666666667 0.014814814814814815
0 0.93046875 0.2462962962962963 0.03125 0.046296296296296294
0 0.89765625 0.24861111111111112 0.025520833333333333 0.021296296296296296
0 0.9145833333333333 0.2675925925925926 0.029166666666666667 0.03425925925925926
0 0.8854166666666666 0.27546296296296297 0.030729166666666665 0.019444444444444445
0 0.8572916666666667 0.2490740740740741 0.021875 0.009259259259259259
0 0.8559895833333333 0.25324074074074077 0.013020833333333334 0.010185185185185186
0 0.8755208333333333 0.22592592592592592 0.029166666666666667 0.028703703703703703
0 0.7799479166666666 0.1763888888888889 0.024479166666666666 0.021296296296296296
0 0.775 0.16018518518518518 0.024479166666666666 0.024074074074074074
0 0.7552083333333334 0.1824074074074074 0.021875 0.018518518518518517
0 0.7533854166666667 0.21944444444444444 0.049479166666666664 0.03333333333333333
0 0.7731770833333333 0.2199074074074074 0.044270833333333336 0.03148148148148148
0 0.7919270833333333 0.20046296296296295 0.0234375 0.012037037037037037
0 0.8036458333333333 0.1537037037037037 0.028125 0.049074074074074076
0 0.9184895833333333 0.20324074074074075 0.029166666666666667 0.03888888888888889
0 0.9565104166666667 0.2212962962962963 0.03697916666666667 0.03148148148148148
0 0.9747395833333333 0.26157407407407407 0.050520833333333334 0.023148148148148147
0 0.9942708333333333 0.2310185185185185 0.011458333333333333 0.03611111111111111
0 0.99375 0.17685185185185184 0.0125 0.032407407407407406
0 0.9546875 0.18611111111111112 0.0421875 0.028703703703703703
0 0.9486979166666667 0.16944444444444445 0.036458333333333336 0.024074074074074074
0 0.88984375 0.13657407407407407 0.03802083333333333 0.032407407407407406
0 0.8151041666666666 0.06574074074074074 0.009895833333333333 0.05462962962962963
0 0.8247395833333333 0.05416666666666667 0.016145833333333335 0.041666666666666664
0 0.82734375 0.19212962962962962 0.021875 0.019444444444444445
0 0.8111979166666666 0.20277777777777778 0.026041666666666668 0.024074074074074074
0 0.8541666666666666 0.19907407407407407 0.015104166666666667 0.017592592592592594
0 0.8747395833333333 0.1986111111111111 0.027604166666666666 0.01574074074074074
0 0.8921875 0.18564814814814815 0.026041666666666668 0.017592592592592594
0 0.9122395833333333 0.17083333333333334 0.0296875 0.025
0 0.8479166666666667 0.14212962962962963 0.015625 0.012962962962962963
0 0.840625 0.13796296296296295 0.023958333333333335 0.019444444444444445
0 0.8723958333333334 0.15416666666666667 0.016145833333333335 0.022222222222222223
0 0.8096354166666667 0.1685185185185185 0.011458333333333333 0.028703703703703703
0 0.4356770833333333 0.7583333333333333 0.08333333333333333 0.1685185185185185
0 0.33255208333333336 0.7722222222222223 0.07135416666666666 0.15
0 0.17005208333333333 0.9087962962962963 0.1109375 0.14814814814814814
0 0.019010416666666665 0.7949074074074074 0.03802083333333333 0.06759259259259259