0 0.5247395833333334 0.8041666666666667 0.07916666666666666 0.12129629629629629
0 0.53671875 0.6518518518518519 0.1015625 0.15833333333333333
0 0.5223958333333333 0.5537037037037037 0.05416666666666667 0.10555555555555556
0 0.6848958333333334 0.8222222222222222 0.09739583333333333 0.12129629629629629
0 0.34609375 0.9717592592592592 0.10989583333333333 0.05648148148148148
0 0.94296875 0.8967592592592593 0.09791666666666667 0.1361111111111111
0 0.9372395833333333 0.8060185185185185 0.09166666666666666 0.09537037037037037
0 0.9411458333333333 0.7300925925925926 0.07916666666666666 0.1037037037037037
0 0.9888020833333333 0.7930555555555555 0.022395833333333334 0.12777777777777777
0 0.978125 0.675 0.04375 0.10555555555555556
0 0.94140625 0.5745370370370371 0.078125 0.11388888888888889
0 0.9786458333333333 0.48333333333333334 0.042708333333333334 0.09814814814814815
0 0.71171875 0.5560185185185185 0.05520833333333333 0.08796296296296297
0 0.7231770833333333 0.4708333333333333 0.06614583333333333 0.10555555555555556
0 0.6674479166666667 0.4060185185185185 0.059895833333333336 0.12685185185185185
0 0.7575520833333333 0.43287037037037035 0.059895833333333336 0.053703703703703705
0 0.7372395833333333 0.4023148148148148 0.0578125 0.044444444444444446
0 0.7690104166666667 0.38981481481481484 0.05572916666666667 0.05462962962962963
0 0.7783854166666667 0.3675925925925926 0.050520833333333334 0.04259259259259259
0 0.8010416666666667 0.3578703703703704 0.04375 0.06851851851851852
0 0.7713541666666667 0.33796296296296297 0.03177083333333333 0.05
0 0.7411458333333333 0.3351851851851852 0.036458333333333336 0.05462962962962963
0 0.6958333333333333 0.32916666666666666 0.051041666666666666 0.02962962962962963
0 0.6966145833333334 0.36435185185185187 0.05 0.06759259259259259
0 0.6614583333333334 0.33194444444444443 0.0375 0.07314814814814814
0 0.74375 0.29444444444444445 0.019791666666666666 0.023148148148148147
0 0.73125 0.26851851851851855 0.030208333333333334 0.027777777777777776
0 0.7838541666666666 0.27546296296296297 0.05 0.028703703703703703
0 0.778125 0.31157407407407406 0.0328125 0.028703703703703703
0 0.7674479166666667 0.3013888888888889 0.040625 0.025925925925925925
0 0.8143229166666667 0.3074074074074074 0.04479166666666667 0.05092592592592592
0 0.8588541666666667 0.3449074074074074 0.049479166666666664 0.07685185185185185
0 0.8880208333333334 0.3384259259259259 0.04635416666666667 0.06388888888888888
0 0.9020833333333333 0.32314814814814813 0.05 0.03611111111111111
0 0.8877604166666667 0.27361111111111114 0.05677083333333333 0.06574074074074074
0 0.9481770833333333 0.30092592592592593 0.050520833333333334 0.06666666666666667
0 0.9859375 0.24444444444444444 0.028125 0.05925925925925926
0 0.98046875 0.20879629629629629 0.0390625 0.03333333333333333
0 0.98125 0.1675925925925926 0.0375 0.044444444444444446
0 0.9421875 0.1935185185185185 0.0203125 0.04351851851851852
0 0.9184895833333333 0.2 0.0296875 0.04722222222222222
0 0.9049479166666666 0.18703703703703703 0.035416666666666666 0.03981481481481482
0 0.871875 0.18611111111111112 0.04010416666666667 0.04351851851851852
0 0.8401041666666667 0.15648148148148147 0.040625 0.02962962962962963
0 0.8674479166666667 0.14027777777777778 0.016145833333333335 0.019444444444444445
0 0.8205729166666667 0.12916666666666668 0.04114583333333333 0.03425925925925926
0 0.7692708333333333 0.13333333333333333 0.029166666666666667 0.06944444444444445
0 0.7450520833333333 0.15833333333333333 0.026041666666666668 0.05740740740740741
0 0.7552083333333334 0.1935185185185185 0.0296875 0.019444444444444445
0 0.7768229166666667 0.17546296296296296 0.04010416666666667 0.014814814814814815
0 0.75625 0.24027777777777778 0.040625 0.012962962962962963
0 0.7541666666666667 0.2263888888888889 0.040625 0.032407407407407406
0 0.8328125 0.21435185185185185 0.022395833333333334 0.02962962962962963
0 0.8736979166666666 0.2273148148148148 0.028645833333333332 0.026851851851851852
0 0.8442708333333333 0.20416666666666666 0.009895833333333333 0.024074074074074074
0 0.83671875 0.18472222222222223 0.0234375 0.01574074074074074
0 0.7096354166666666 0.23564814814814813 0.033854166666666664 0.023148148148148147
0 0.6971354166666667 0.27361111111111114 0.028125 0.046296296296296294
0 0.7921875 0.07731481481481481 0.021354166666666667 0.05
0 0.96953125 0.1337962962962963 0.0234375 0.02962962962962963
0 0.028385416666666666 0.700925925925926 0.05677083333333333 0.13333333333333333
0 0.03802083333333333 0.5967592592592592 0.07604166666666666 0.10555555555555556
0 0.09661458333333334 0.48703703703703705 0.0875 0.09537037037037037
0 0.09322916666666667 0.43472222222222223 0.0796875 0.030555555555555555
0 0.11432291666666666 0.40324074074074073 0.05572916666666667 0.024074074074074074
0 0.1421875 0.524537037037037 0.06510416666666667 0.08425925925925926
0 0.19453125 0.48935185185185187 0.03229166666666667 0.0787037037037037
0 0.24557291666666667 0.5259259259259259 0.09583333333333334 0.11944444444444445
0 0.3223958333333333 0.687962962962963 0.065625 0.10925925925925926
0 0.38645833333333335 0.7754629629629629 0.0828125 0.13425925925925927
0 0.44557291666666665 0.6800925925925926 0.08125 0.11018518518518519
0 0.3828125 0.5430555555555555 0.0890625 0.07592592592592592
0 0.41458333333333336 0.5208333333333334 0.06302083333333333 0.06018518518518518
0 0.39010416666666664 0.44166666666666665 0.04010416666666667 0.1175925925925926
0 0.42604166666666665 0.4203703703703704 0.029166666666666667 0.1259259259259259
0 0.40703125 0.3726851851851852 0.05677083333333333 0.03148148148148148
0 0.3255208333333333 0.42962962962962964 0.0859375 0.06388888888888888
0 0.34427083333333336 0.38981481481481484 0.08072916666666667 0.03148148148148148
0 0.2708333333333333 0.44212962962962965 0.06822916666666666 0.03148148148148148
0 0.21953125 0.39351851851851855 0.042708333333333334 0.0787037037037037
0 0.2635416666666667 0.36944444444444446 0.05520833333333333 0.06851851851851852
0 0.2994791666666667 0.3384259259259259 0.021875 0.06388888888888888
0 0.33515625 0.33194444444444443 0.053125 0.07314814814814814
0 0.26458333333333334 0.40185185185185185 0.04635416666666667 0.016666666666666666
0 0.4734375 0.48009259259259257 0.0421875 0.08055555555555556
0 0.50546875 0.4652777777777778 0.053125 0.06851851851851852
0 0.5098958333333333 0.4222222222222222 0.04635416666666667 0.03148148148148148
0 0.49609375 0.3763888888888889 0.043229166666666666 0.03148148148148148
0 0.53203125 0.37037037037037035 0.0296875 0.05277777777777778
0 0.47890625 0.33101851851851855 0.051041666666666666 0.028703703703703703
0 0.4348958333333333 0.34305555555555556 0.0421875 0.05185185185185185
0 0.396875 0.2967592592592593 0.041666666666666664 0.062037037037037036
0 0.40963541666666664 0.33055555555555555 0.04635416666666667 0.05092592592592592
0 0.428125 0.3 0.019270833333333334 0.026851851851851852
0 0.45208333333333334 0.30092592592592593 0.030729166666666665 0.028703703703703703
0 0.46171875 0.31851851851851853 0.0328125 0.03148148148148148
0 0.47734375 0.26157407407407407 0.036458333333333336 0.025
0 0.5138020833333333 0.2902777777777778 0.041666666666666664 0.022222222222222223
0 0.54375 0.31574074074074077 0.058854166666666666 0.023148148148148147
0 0.4953125 0.3106481481481482 0.040625 0.04537037037037037
0 0.5622395833333333 0.3592592592592593 0.034375 0.03333333333333333
0 0.57265625 0.2898148148148148 0.05364583333333333 0.030555555555555555
0 0.58828125 0.3226851851851852 0.033854166666666664 0.018518518518518517
0 0.53671875 0.25462962962962965 0.03958333333333333 0.021296296296296296
0 0.57734375 0.2587962962962963 0.0375 0.04814814814814815
0 0.6138020833333333 0.2935185185185185 0.027604166666666666 0.04722222222222222
0 0.5799479166666667 0.2074074074074074 0.034895833333333334 0.046296296296296294
0 0.6033854166666667 0.24212962962962964 0.028125 0.021296296296296296
0 0.6091145833333333 0.2587962962962963 0.03229166666666667 0.017592592592592594
0 0.5955729166666667 0.22314814814814815 0.033854166666666664 0.026851851851851852
0 0.6252604166666667 0.2337962962962963 0.028645833333333332 0.032407407407407406
0 0.6138020833333333 0.16805555555555557 0.0375 0.014814814814814815
0 0.6294270833333333 0.19212962962962962 0.034895833333333334 0.016666666666666666
0 0.6307291666666667 0.2125 0.03854166666666667 0.025925925925925925
0 0.6520833333333333 0.2037037037037037 0.0234375 0.012962962962962963
0 0.6484375 0.17453703703703705 0.028125 0.021296296296296296
0 0.5690104166666666 0.1675925925925926 0.0484375 0.03981481481481482
0 0.5203125 0.16944444444444445 0.033854166666666664 0.03796296296296296
0 0.53359375 0.12638888888888888 0.0203125 0.023148148148148147
0 0.5692708333333333 0.13425925925925927 0.04010416666666667 0.01574074074074074
0 0.5903645833333333 0.14027777777777778 0.020833333333333332 0.021296296296296296
0 0.6169270833333333 0.1375 0.0203125 0.01574074074074074
0 0.6072916666666667 0.1259259259259259 0.0171875 0.016666666666666666
0 0.63828125 0.1425925925925926 0.0265625 0.013888888888888888
0 0.6674479166666667 0.11944444444444445 0.034895833333333334 0.024074074074074074
0 0.6080729166666666 0.11296296296296296 0.0265625 0.013888888888888888
0 0.57265625 0.09398148148148149 0.0328125 0.03518518518518519
0 0.5338541666666666 0.10185185185185185 0.0328125 0.03333333333333333
0 0.47552083333333334 0.1625 0.040625 0.03425925925925926
0 0.4859375 0.1486111111111111 0.03802083333333333 0.03981481481481482
0 0.49296875 0.13425925925925927 0.03697916666666667 0.03148148148148148
0 0.503125 0.11574074074074074 0.034375 0.04537037037037037
0 0.48671875 0.2013888888888889 0.044270833333333336 0.019444444444444445
0 0.52734375 0.21805555555555556 0.049479166666666664 0.03425925925925926
0 0.46927083333333336 0.225 0.058333333333333334 0.03981481481481482
0 0.4427083333333333 0.19675925925925927 0.0359375 0.027777777777777776
0 0.43046875 0.17037037037037037 0.034895833333333334 0.02962962962962963
0 0.40677083333333336 0.2 0.04010416666666667 0.03611111111111111
0 0.40859375 0.24166666666666667 0.05625 0.03611111111111111
0 0.34270833333333334 0.26157407407407407 0.058333333333333334 0.05740740740740741
0 0.30442708333333335 0.23981481481481481 0.040625 0.05277777777777778
0 0.3846354166666667 0.27546296296296297 0.040625 0.030555555555555555
0 0.40234375 0.1587962962962963 0.030729166666666665 0.03518518518518519
0 0.3807291666666667 0.18564814814814815 0.0328125 0.020370370370370372
0 0.4283854166666667 0.10648148148148148 0.04375 0.032407407407407406
0 0.63359375 0.06712962962962964 0.022395833333333334 0.040740740740740744
0 0.6059895833333333 0.08333333333333333 0.036458333333333336 0.026851851851851852
0 0.5471354166666667 0.06759259259259259 0.025520833333333333 0.02962962962962963
0 0.08333333333333333 0.30185185185185187 0.05416666666666667 0.04814814814814815
0 0.017447916666666667 0.3226851851851852 0.034895833333333334 0.07314814814814814
0 0.04375 0.30925925925925923 0.03802083333333333 0.07407407407407407
0 0.016145833333333335 0.24305555555555555 0.025520833333333333 0.06388888888888888
0 0.06328125 0.22361111111111112 0.03333333333333333 0.09814814814814815
0 0.1125 0.18009259259259258 0.04791666666666667 0.09722222222222222
0 0.029166666666666667 0.20462962962962963 0.030729166666666665 0.04722222222222222
0 0.1890625 0.19907407407407407 0.028645833333333332 0.08611111111111111
0 0.2359375 0.22175925925925927 0.028125 0.06111111111111111
0 0.23203125 0.23703703703703705 0.0515625 0.03425925925925926
0 0.2796875 0.1648148148148148 0.0390625 0.026851851851851852
0 0.30416666666666664 0.14444444444444443 0.03177083333333333 0.027777777777777776
0 0.33125 0.14537037037037037 0.0296875 0.046296296296296294
0 0.39427083333333335 0.0837962962962963 0.0328125 0.053703703703703705
0 0.42578125 0.024074074074074074 0.027604166666666666 0.03518518518518519
0 0.45989583333333334 0.026851851851851852 0.029166666666666667 0.025
0 0.48046875 0.04814814814814815 0.027083333333333334 0.049074074074074076
0 0.31875 0.10694444444444444 0.0234375 0.04351851851851852
0 0.35208333333333336 0.10972222222222222 0.0375 0.03888888888888889