0 0.39453125 0.625 0.15364583333333334 0.16018518518518518
0 0.27005208333333336 0.6768518518518518 0.10416666666666667 0.24259259259259258
0 0.10104166666666667 0.7351851851851852 0.10833333333333334 0.13703703703703704
0 0.690625 0.6828703703703703 0.15520833333333334 0.13148148148148148
0 0.6919270833333333 0.5310185185185186 0.11979166666666667 0.1574074074074074
0 0.7864583333333334 0.4685185185185185 0.09739583333333333 0.13703703703703704
0 0.9440104166666666 0.5023148148148148 0.08229166666666667 0.11296296296296296
0 0.8190104166666666 0.8046296296296296 0.09479166666666666 0.17407407407407408
0 0.825 0.9407407407407408 0.12083333333333333 0.11851851851851852
0 0.9734375 0.9398148148148148 0.053125 0.12037037037037036
0 0.5377604166666666 0.9546296296296296 0.17604166666666668 0.09074074074074075
0 0.34427083333333336 0.9662037037037037 0.103125 0.06759259259259259
0 0.24270833333333333 0.3611111111111111 0.09114583333333333 0.16666666666666666
0 0.3151041666666667 0.24074074074074073 0.07291666666666667 0.12685185185185185
0 0.3684895833333333 0.1814814814814815 0.06145833333333333 0.1
0 0.4752604166666667 0.19212962962962962 0.059895833333333336 0.07222222222222222
0 0.6684895833333333 0.22916666666666666 0.07135416666666666 0.12222222222222222
0 0.69140625 0.38055555555555554 0.06354166666666666 0.15925925925925927
0 0.7356770833333334 0.24675925925925926 0.06666666666666667 0.14166666666666666
0 0.8208333333333333 0.1375 0.07916666666666666 0.12037037037037036
0 0.3307291666666667 0.12407407407407407 0.065625 0.11018518518518519
0 0.37161458333333336 0.09398148148148149 0.04114583333333333 0.075
0 0.4265625 0.12314814814814815 0.053125 0.0787037037037037
0 0.45208333333333334 0.07962962962962963 0.04375 0.04351851851851852
0 0.5013020833333334 0.12268518518518519 0.06979166666666667 0.07407407407407407
0 0.4984375 0.06388888888888888 0.0546875 0.05648148148148148
0 0.4578125 0.05185185185185185 0.04114583333333333 0.03333333333333333
0 0.40546875 0.07314814814814814 0.05260416666666667 0.06296296296296296
0 0.45 0.023148148148148147 0.028645833333333332 0.024074074074074074
0 0.428125 0.011574074074074073 0.019791666666666666 0.019444444444444445
0 0.41458333333333336 0.014351851851851852 0.019270833333333334 0.024074074074074074
0 0.37552083333333336 0.018518518518518517 0.04895833333333333 0.037037037037037035
0 0.5580729166666667 0.08518518518518518 0.04739583333333333 0.08888888888888889
0 0.5723958333333333 0.030555555555555555 0.0484375 0.058333333333333334
0 0.5151041666666667 0.034722222222222224 0.052083333333333336 0.04722222222222222
0 0.6197916666666666 0.03333333333333333 0.050520833333333334 0.062037037037037036
0 0.65234375 0.0962962962962963 0.027604166666666666 0.10277777777777777
0 0.6604166666666667 0.03657407407407407 0.0265625 0.058333333333333334
0 0.6846354166666667 0.027314814814814816 0.035416666666666666 0.05462962962962963
0 0.9424479166666667 0.11527777777777778 0.05260416666666667 0.058333333333333334
0 0.9859375 0.17824074074074073 0.028125 0.08611111111111111
0 0.9567708333333333 0.08055555555555556 0.04375 0.04259259259259259
0 0.9768229166666667 0.04398148148148148 0.043229166666666666 0.053703703703703705
0 0.9533854166666667 0.05 0.034375 0.03518518518518519
0 0.9010416666666666 0.02361111111111111 0.042708333333333334 0.04722222222222222
0 0.8645833333333334 0.022685185185185187 0.035416666666666666 0.04537037037037037
0 0.9302083333333333 0.01990740740740741 0.0234375 0.03981481481481482
0 0.6765625 0.06759259259259259 0.04583333333333333 0.05462962962962963
0 0.07265625 0.30277777777777776 0.0765625 0.11018518518518519
0 0.15130208333333334 0.3087962962962963 0.06041666666666667 0.08981481481481482
0 0.17395833333333333 0.44074074074074077 0.05520833333333333 0.15648148148148147
0 0.12161458333333333 0.5393518518518519 0.04739583333333333 0.10648148148148148
0 0.06666666666666667 0.5462962962962963 0.046875 0.09814814814814815
0 0.016666666666666666 0.48703703703703705 0.03333333333333333 0.14629629629629629
0 0.020572916666666666 0.27685185185185185 0.04114583333333333 0.07962962962962963
0 0.0515625 0.2152777777777778 0.03854166666666667 0.058333333333333334
0 0.04973958333333333 0.15694444444444444 0.06458333333333334 0.07037037037037037
0 0.13307291666666668 0.1361111111111111 0.0578125 0.06759259259259259
0 0.17786458333333333 0.17824074074074073 0.07291666666666667 0.05648148148148148
0 0.16171875 0.2351851851851852 0.075 0.062037037037037036
0 0.11588541666666667 0.22592592592592592 0.06197916666666667 0.06481481481481481
0 0.09661458333333334 0.19583333333333333 0.04583333333333333 0.058333333333333334
0 0.09973958333333334 0.13842592592592592 0.03802083333333333 0.06759259259259259
0 0.10625 0.08009259259259259 0.043229166666666666 0.05
0 0.22942708333333334 0.07685185185185185 0.04895833333333333 0.03333333333333333
0 0.21640625 0.10277777777777777 0.05625 0.06851851851851852
0 0.01640625 0.35833333333333334 0.0328125 0.09074074074074075
0 0.016145833333333335 0.638425925925926 0.03229166666666667 0.16944444444444445
0 0.16927083333333334 0.056018518518518516 0.04583333333333333 0.05925925925925926
0 0.21484375 0.03888888888888889 0.027604166666666666 0.04537037037037037
0 0.2578125 0.037037037037037035 0.04375 0.07407407407407407
0 0.03359375 0.11990740740740741 0.06354166666666666 0.049074074074074076
0 0.06041666666666667 0.10185185185185185 0.05416666666666667 0.07037037037037037
0 0.054427083333333334 0.05694444444444444 0.05364583333333333 0.03518518518518519
0 0.09817708333333333 0.024537037037037038 0.034375 0.049074074074074076
0 0.12421875 0.0375 0.034895833333333334 0.03888888888888889
0 0.17552083333333332 0.11805555555555555 0.041666666666666664 0.044444444444444446
0 0.3302083333333333 0.05185185185185185 0.023958333333333335 0.041666666666666664