0 0.5890625 0.7601851851851852 0.13125 0.12777777777777777
0 0.5916666666666667 0.8523148148148149 0.14375 0.10185185185185185
0 0.48411458333333335 0.5861111111111111 0.0828125 0.14351851851851852
0 0.42734375 0.5032407407407408 0.07395833333333333 0.10092592592592593
0 0.4471354166666667 0.4212962962962963 0.08177083333333333 0.09166666666666666
0 0.79140625 0.6222222222222222 0.06510416666666667 0.17407407407407408
0 0.9171875 0.5574074074074075 0.1015625 0.10277777777777777
0 0.9533854166666667 0.5018518518518519 0.07864583333333333 0.040740740740740744
0 0.9833333333333333 0.5791666666666667 0.03333333333333333 0.10833333333333334
0 0.8002604166666667 0.32314814814814813 0.0828125 0.075
0 0.9268229166666667 0.3 0.09322916666666667 0.058333333333333334
0 0.9609375 0.3523148148148148 0.078125 0.06944444444444445
0 0.9255208333333333 0.225 0.075 0.08148148148148149
0 0.9796875 0.2175925925925926 0.040625 0.09444444444444444
0 0.9736979166666667 0.17777777777777778 0.05260416666666667 0.032407407407407406
0 0.5611979166666666 0.32546296296296295 0.06875 0.12314814814814815
0 0.5984375 0.2601851851851852 0.04635416666666667 0.08888888888888889
0 0.6380208333333334 0.24351851851851852 0.04791666666666667 0.08425925925925926
0 0.6559895833333333 0.20416666666666666 0.05520833333333333 0.06759259259259259
0 0.64609375 0.15694444444444444 0.07552083333333333 0.03611111111111111
0 0.7145833333333333 0.2074074074074074 0.065625 0.06574074074074074
0 0.7260416666666667 0.1476851851851852 0.040625 0.0824074074074074
0 0.61953125 0.10416666666666667 0.044270833333333336 0.07407407407407407
0 0.6830729166666667 0.07222222222222222 0.05520833333333333 0.13333333333333333
0 0.6572916666666667 0.06759259259259259 0.020833333333333332 0.09907407407407408
0 0.7611979166666667 0.10138888888888889 0.03229166666666667 0.05277777777777778
0 0.79765625 0.1259259259259259 0.03177083333333333 0.06944444444444445
0 0.8255208333333334 0.12175925925925926 0.0359375 0.06296296296296296
0 0.8515625 0.11342592592592593 0.06822916666666666 0.07314814814814814
0 0.8161458333333333 0.07453703703703704 0.043229166666666666 0.046296296296296294
0 0.8078125 0.0625 0.042708333333333334 0.03888888888888889
0 0.8200520833333333 0.0587962962962963 0.04010416666666667 0.014814814814814815
0 0.7661458333333333 0.06712962962962964 0.051041666666666666 0.03981481481481482
0 0.9192708333333334 0.10046296296296296 0.05 0.05740740740740741
0 0.90078125 0.06296296296296296 0.03697916666666667 0.040740740740740744
0 0.9619791666666667 0.07268518518518519 0.036458333333333336 0.06111111111111111
0 0.921875 0.04537037037037037 0.03802083333333333 0.026851851851851852
0 0.85078125 0.058333333333333334 0.04114583333333333 0.030555555555555555
0 0.01640625 0.5138888888888888 0.0328125 0.1361111111111111
0 0.10208333333333333 0.3212962962962963 0.07916666666666666 0.10925925925925926
0 0.13411458333333334 0.21435185185185185 0.04635416666666667 0.11018518518518519
0 0.09192708333333334 0.18333333333333332 0.06145833333333333 0.10740740740740741
0 0.05286458333333333 0.18935185185185185 0.04791666666666667 0.08796296296296297
0 0.08854166666666667 0.10231481481481482 0.029166666666666667 0.09259259259259259
0 0.178125 0.22037037037037038 0.058854166666666666 0.10925925925925926
0 0.23125 0.2074074074074074 0.04375 0.08518518518518518
0 0.30078125 0.22685185185185186 0.09427083333333333 0.06666666666666667
0 0.2903645833333333 0.35694444444444445 0.0703125 0.10185185185185185
0 0.33489583333333334 0.3023148148148148 0.06822916666666666 0.08703703703703704
0 0.3890625 0.3023148148148148 0.06979166666666667 0.0962962962962963
0 0.4265625 0.30694444444444446 0.042708333333333334 0.08703703703703704
0 0.5083333333333333 0.2810185185185185 0.058854166666666666 0.09537037037037037
0 0.41484375 0.21388888888888888 0.04583333333333333 0.10092592592592593
0 0.4666666666666667 0.20277777777777778 0.05260416666666667 0.05648148148148148
0 0.4591145833333333 0.16712962962962963 0.0484375 0.040740740740740744
0 0.4046875 0.1361111111111111 0.04375 0.026851851851851852
0 0.3614583333333333 0.17731481481481481 0.05260416666666667 0.05648148148148148
0 0.3697916666666667 0.14907407407407408 0.04010416666666667 0.04351851851851852
0 0.35651041666666666 0.12407407407407407 0.036458333333333336 0.025
0 0.3111979166666667 0.14351851851851852 0.07552083333333333 0.02962962962962963
0 0.3033854166666667 0.10740740740740741 0.046875 0.027777777777777776
0 0.31640625 0.12685185185185185 0.049479166666666664 0.03425925925925926
0 0.27317708333333335 0.1935185185185185 0.0484375 0.03888888888888889
0 0.2765625 0.16620370370370371 0.051041666666666666 0.030555555555555555
0 0.33177083333333335 0.18796296296296297 0.05416666666666667 0.05185185185185185
0 0.37447916666666664 0.10740740740740741 0.050520833333333334 0.044444444444444446
0 0.48072916666666665 0.1449074074074074 0.05260416666666667 0.040740740740740744
0 0.4440104166666667 0.1259259259259259 0.03854166666666667 0.03518518518518519
0 0.44609375 0.08657407407407407 0.04010416666666667 0.03333333333333333
0 0.50078125 0.08518518518518518 0.0609375 0.03981481481481482
0 0.421875 0.07731481481481481 0.06197916666666667 0.04722222222222222
0 0.42161458333333335 0.04351851851851852 0.03697916666666667 0.06111111111111111
0 0.40625 0.05185185185185185 0.04375 0.028703703703703703
0 0.36354166666666665 0.06388888888888888 0.04635416666666667 0.05925925925925926
0 0.34401041666666665 0.030555555555555555 0.059895833333333336 0.03888888888888889
0 0.3854166666666667 0.024074074074074074 0.030208333333333334 0.040740740740740744
0 0.30885416666666665 0.062037037037037036 0.05364583333333333 0.06574074074074074
0 0.23333333333333334 0.060648148148148145 0.04895833333333333 0.06574074074074074
0 0.21953125 0.1310185185185185 0.0609375 0.03981481481481482
0 0.17734375 0.09259259259259259 0.06614583333333333 0.04537037037037037
0 0.25859375 0.10787037037037037 0.0375 0.027777777777777776
0 0.5049479166666667 0.034722222222222224 0.04010416666666667 0.040740740740740744
0 0.45364583333333336 0.04490740740740741 0.029166666666666667 0.017592592592592594
0 0.490625 0.06851851851851852 0.04895833333333333 0.03888888888888889
0 0.5497395833333333 0.0587962962962963 0.058333333333333334 0.03888888888888889
0 0.5895833333333333 0.04212962962962963 0.04583333333333333 0.040740740740740744
0 0.58671875 0.12962962962962962 0.03958333333333333 0.09351851851851851
0 0.5205729166666667 0.20555555555555555 0.07447916666666667 0.08148148148148149
0 0.5283854166666667 0.14027777777777778 0.071875 0.03888888888888889