0 0.6010416666666667 0.788425925925926 0.17447916666666666 0.18333333333333332
0 0.6716145833333333 0.43194444444444446 0.13020833333333334 0.12777777777777777
0 0.6997395833333333 0.33101851851851855 0.06979166666666667 0.11203703703703703
0 0.8010416666666667 0.30833333333333335 0.1 0.13796296296296295
0 0.8114583333333333 0.2375 0.07604166666666666 0.13148148148148148
0 0.8778645833333333 0.37453703703703706 0.07552083333333333 0.13703703703703704
0 0.8979166666666667 0.5578703703703703 0.07708333333333334 0.13703703703703704
0 0.9692708333333333 0.5712962962962963 0.06145833333333333 0.11574074074074074
0 0.9455729166666667 0.34629629629629627 0.08385416666666666 0.13425925925925927
0 0.9184895833333333 0.23425925925925925 0.049479166666666664 0.07407407407407407
0 0.9611979166666667 0.25601851851851853 0.065625 0.11296296296296296
0 0.5763020833333333 0.21481481481481482 0.06197916666666667 0.19814814814814816
0 0.44765625 0.38842592592592595 0.084375 0.09814814814814815
0 0.40130208333333334 0.43703703703703706 0.06822916666666666 0.10277777777777777
0 0.2828125 0.48194444444444445 0.09583333333333334 0.13425925925925927
0 0.27291666666666664 0.33425925925925926 0.0703125 0.1259259259259259
0 0.33098958333333334 0.2884259259259259 0.0578125 0.11944444444444445
0 0.38177083333333334 0.31712962962962965 0.07552083333333333 0.1287037037037037
0 0.3658854166666667 0.22824074074074074 0.0734375 0.09444444444444444
0 0.5182291666666666 0.2791666666666667 0.06145833333333333 0.14629629629629629
0 0.065625 0.3189814814814815 0.0984375 0.08333333333333333
0 0.13385416666666666 0.27037037037037037 0.06354166666666666 0.07685185185185185
0 0.13020833333333334 0.2037037037037037 0.05520833333333333 0.06759259259259259
0 0.10390625 0.18333333333333332 0.046875 0.05462962962962963
0 0.05286458333333333 0.2337962962962963 0.05364583333333333 0.06666666666666667
0 0.22682291666666668 0.22916666666666666 0.06354166666666666 0.09351851851851851
0 0.26197916666666665 0.1884259259259259 0.0515625 0.05
0 0.3182291666666667 0.08981481481481482 0.029166666666666667 0.028703703703703703
0 0.30572916666666666 0.0699074074074074 0.05364583333333333 0.041666666666666664
0 0.29192708333333334 0.09490740740740741 0.030729166666666665 0.027777777777777776
0 0.2911458333333333 0.14074074074074075 0.06145833333333333 0.05925925925925926
0 0.33046875 0.12731481481481483 0.024479166666666666 0.025925925925925925
0 0.3692708333333333 0.1597222222222222 0.034375 0.05648148148148148
0 0.3419270833333333 0.14537037037037037 0.020833333333333332 0.02962962962962963
0 0.3997395833333333 0.20277777777777778 0.04635416666666667 0.07592592592592592
0 0.4283854166666667 0.17824074074074073 0.06458333333333334 0.0824074074074074
0 0.40911458333333334 0.11388888888888889 0.042708333333333334 0.03981481481481482
0 0.3796875 0.08425925925925926 0.0453125 0.04259259259259259
0 0.403125 0.04953703703703704 0.04895833333333333 0.046296296296296294
0 0.33697916666666666 0.0412037037037037 0.07447916666666667 0.05
0 0.24427083333333333 0.0625 0.030729166666666665 0.023148148148148147
0 0.21536458333333333 0.12222222222222222 0.0546875 0.062037037037037036
0 0.2 0.08935185185185185 0.051041666666666666 0.024074074074074074
0 0.26276041666666666 0.09861111111111111 0.0578125 0.04351851851851852
0 0.5020833333333333 0.10138888888888889 0.05260416666666667 0.05462962962962963
0 0.4708333333333333 0.14953703703703702 0.046875 0.06296296296296296
0 0.44166666666666665 0.03425925925925926 0.036458333333333336 0.062037037037037036
0 0.47291666666666665 0.024537037037037038 0.0359375 0.04259259259259259
0 0.5716145833333334 0.02962962962962963 0.053125 0.03425925925925926
0 0.52265625 0.05462962962962963 0.042708333333333334 0.018518518518518517
0 0.5098958333333333 0.0763888888888889 0.040625 0.03425925925925926
0 0.65078125 0.1398148148148148 0.059895833333333336 0.14537037037037037
0 0.6682291666666667 0.08796296296296297 0.075 0.11574074074074074
0 0.67890625 0.04583333333333333 0.06354166666666666 0.09166666666666666
0 0.7114583333333333 0.19166666666666668 0.0546875 0.0962962962962963
0 0.7260416666666667 0.14166666666666666 0.04739583333333333 0.06388888888888888
0 0.7591145833333334 0.09490740740740741 0.04114583333333333 0.06388888888888888
0 0.7940104166666667 0.11203703703703703 0.043229166666666666 0.07407407407407407
0 0.8424479166666666 0.11712962962962963 0.0359375 0.06666666666666667
0 0.8705729166666667 0.10740740740740741 0.0375 0.05648148148148148
0 0.84453125 0.03981481481481482 0.0234375 0.03518518518518519
0 0.8635416666666667 0.05138888888888889 0.024479166666666666 0.032407407407407406
0 0.87421875 0.03287037037037037 0.0171875 0.03148148148148148
0 0.9015625 0.0412037037037037 0.022916666666666665 0.037037037037037035
0 0.74453125 0.04027777777777778 0.027604166666666666 0.03981481481481482
0 0.7317708333333334 0.05138888888888889 0.05 0.03425925925925926
0 0.7268229166666667 0.08981481481481482 0.04114583333333333 0.049074074074074076
0 0.7958333333333333 0.0125 0.03333333333333333 0.025
0 0.8036458333333333 0.03796296296296296 0.03125 0.032407407407407406
0 0.97421875 0.03981481481481482 0.0375 0.05277777777777778
0 0.9625 0.010648148148148148 0.025 0.021296296296296296
0 0.99140625 0.05740740740740741 0.0171875 0.06759259259259259
0 0.9166666666666666 0.09722222222222222 0.06145833333333333 0.05740740740740741
0 0.9208333333333333 0.024537037037037038 0.0265625 0.024074074074074074
0 0.81875 0.06111111111111111 0.021875 0.028703703703703703
0 0.8265625 0.03935185185185185 0.016666666666666666 0.027777777777777776
0 0.03567708333333333 0.06898148148148148 0.06302083333333333 0.12314814814814815