0 0.453125 0.7379629629629629 0.4796875 0.7490740740740741 0.49375 0.762962962962963 0.49895833333333334 0.762962962962963 0.5057291666666667 0.7555555555555555 0.5276041666666667 0.7111111111111111 0.5526041666666667 0.6370370370370371 0.5546875 0.6194444444444445 0.5479166666666667 0.612037037037037 0.5411458333333333 0.612037037037037 0.5197916666666667 0.6240740740740741 0.49166666666666664 0.6268518518518519 0.4791666666666667 0.6314814814814815 0.46510416666666665 0.6407407407407407 0.4479166666666667 0.6638888888888889 0.43802083333333336 0.6685185185185185 0.42916666666666664 0.6787037037037037 0.4276041666666667 0.6861111111111111 0.43697916666666664 0.7046296296296296 0.4401041666666667 0.7203703703703703 0.453125 0.7379629629629629
0 0.6359375 0.562037037037037 0.6520833333333333 0.5666666666666667 0.6880208333333333 0.5648148148148148 0.696875 0.562037037037037 0.7020833333333333 0.5518518518518518 0.7125 0.4935185185185185 0.7036458333333333 0.48333333333333334 0.6729166666666667 0.4666666666666667 0.6567708333333333 0.4648148148148148 0.64375 0.46944444444444444 0.6307291666666667 0.47962962962962963 0.6192708333333333 0.4925925925925926 0.6135416666666667 0.5083333333333333 0.6130208333333333 0.525 0.6151041666666667 0.5351851851851852 0.6265625 0.5527777777777778 0.6359375 0.562037037037037
0 0.2713541666666667 0.9361111111111111 0.159375 0.12777777777777777
0 0.5895833333333333 0.9166666666666666 0.08541666666666667 0.16666666666666666
0 0.75625 0.7287037037037037 0.08541666666666667 0.1425925925925926
0 0.9734375 0.6768518518518518 0.053125 0.12777777777777777
0 0.7296875 0.41759259259259257 0.06770833333333333 0.1388888888888889
0 0.775 0.4787037037037037 0.10416666666666667 0.1648148148148148
0 0.8239583333333333 0.31296296296296294 0.09583333333333334 0.10740740740740741
0 0.8880208333333334 0.26481481481481484 0.06145833333333333 0.08518518518518518
0 0.91875 0.18796296296296297 0.06666666666666667 0.06111111111111111
0 0.9829479166666667 0.16732407407407407 0.03410416666666668 0.06320370370370369
0 0.9898697916666667 0.20724074074074073 0.020255208333333267 0.06719444444444446
0 0.9634635416666666 0.09713888888888889 0.053515625 0.06520370370370372
0 0.9503645833333334 0.06719444444444443 0.0639947916666666 0.05322222222222221
0 0.9851666666666666 0.04357407407407408 0.019083333333333268 0.027277777777777786
0 0.9630885416666667 0.026277777777777782 0.028067708333333267 0.03925
0 0.9325885416666666 0.02727777777777778 0.03966666666666659 0.05455555555555556
0 0.90390625 0.020370370370370372 0.03697916666666667 0.040740740740740744
0 0.8478229166666666 0.07850925925925926 0.04378645833333342 0.050564814814814805
0 0.7492135416666666 0.05921296296296297 0.07110416666666666 0.09580555555555556
0 0.6672604166666667 0.06819444444444445 0.045656249999999926 0.044574074074074065
0 0.664078125 0.021953703703703704 0.03555208333333345 0.04258333333333333
0 0.693453125 0.040916666666666664 0.023953124999999888 0.05388888888888888
0 0.6215989583333333 0.03725925925925926 0.04416145833333331 0.051898148148148145
0 0.557984375 0.07251851851851851 0.036677083333333374 0.05189814814814815
0 0.5624739583333334 0.04225 0.06137500000000002 0.04989814814814815
0 0.5063385416666667 0.06253703703703704 0.04940104166666662 0.050564814814814805
0 0.49380208333333336 0.13605555555555554 0.07372395833333331 0.05522222222222221
0 0.46011979166666667 0.18562037037037038 0.041541666666666664 0.06520370370370372
0 0.42606249999999996 0.12408333333333332 0.04603125000000006 0.053888888888888875
0 0.47246875 0.0941388888888889 0.0490260416666666 0.03126851851851853
0 0.44608854166666667 0.08216666666666667 0.059130208333333316 0.029935185185185197
0 0.47134895833333335 0.0632037037037037 0.04827604166666669 0.03858333333333333
0 0.4558177083333333 0.021620370370370373 0.04715104166666665 0.020620370370370365
0 0.5095208333333333 0.02727777777777778 0.040041666666666725 0.019962962962962964
0 0.43897395833333336 0.05488888888888889 0.02993750000000001 0.03392592592592592
0 0.4253177083333333 0.03160185185185185 0.04603124999999994 0.05388888888888889
0 0.4058541666666667 0.08649074074074074 0.04902604166666672 0.04789814814814814
0 0.37479687500000003 0.10278703703703702 0.053515625 0.07650925925925924
0 0.33531249999999996 0.13971296296296296 0.06436979166666662 0.13971296296296296
0 0.37348437500000004 0.03559259259259259 0.05014583333333332 0.07118518518518518
0 0.33774479166666665 0.05787962962962963 0.03255729166666666 0.03326851851851851
0 0.26252604166666665 0.22420370370370368 0.05202083333333333 0.1184259259259259
0 0.28853125 0.29140740740740745 0.05763020833333335 0.14237037037037037
0 0.2307135416666667 0.11143518518518518 0.037046875 0.07385185185185185
0 0.18917708333333336 0.07850925925925926 0.0437864583333333 0.025277777777777788
0 0.14352083333333335 0.10478703703703703 0.03555208333333333 0.07517592592592591
0 0.17233333333333334 0.11842592592592593 0.041541666666666664 0.053222222222222226
0 0.20414583333333333 0.11575925925925926 0.028817708333333355 0.04789814814814814
0 0.2172447916666667 0.03559259259259259 0.031062499999999993 0.03260185185185186
0 0.24568229166666666 0.04989814814814815 0.03255729166666666 0.03725925925925927
0 0.2797395833333333 0.025611111111111112 0.01683854166666663 0.019296296296296294
0 0.2554166666666667 0.02661111111111111 0.03630208333333336 0.02128703703703704
0 0.2526041666666667 0.007407407407407408 0.0375 0.014814814814814815
0 0.20729166666666668 0.006944444444444444 0.035416666666666666 0.013888888888888888
0 0.16746875 0.03326851851851852 0.027317708333333357 0.025277777777777774
0 0.18692708333333333 0.03559259259259259 0.020583333333333325 0.020620370370370365
0 0.13359895833333332 0.03659259259259259 0.05014583333333332 0.035925925925925924
0 0.05894270833333333 0.10112962962962962 0.05127083333333333 0.08249999999999998
0 0.11040104166666667 0.08016666666666666 0.04041666666666665 0.06719444444444443
0 0.07615625 0.0805 0.04228645833333333 0.05721296296296296
0 0.069421875 0.03226851851851852 0.039296874999999995 0.05921296296296297
0 0.11152083333333333 0.018962962962962963 0.03892187500000001 0.037925925925925925
0 0.053890625 0.05322222222222222 0.037421874999999986 0.026611111111111106
0 0.024140625000000002 0.04025 0.030312500000000003 0.060546296296296286
0 0.018713541666666663 0.11675925925925926 0.037421875 0.033925925925925915
0 0.03255729166666667 0.16832407407407407 0.06511458333333334 0.11310185185185187
0 0.009916666666666666 0.19825925925925927 0.01983333333333333 0.050564814814814826
0 0.15362499999999998 0.2099074074074074 0.06623958333333332 0.12574074074074076
0 0.046968750000000004 0.2957314814814815 0.07746875 0.0977962962962963
0 0.022453125 0.2548148148148148 0.03368229166666666 0.054555555555555545
0 0.15586979166666665 0.3256666666666667 0.07671874999999999 0.13904629629629625
0 0.17308333333333334 0.44675000000000004 0.06024999999999998 0.12041666666666663
0 0.22266666666666665 0.46138888888888896 0.07409895833333333 0.15235185185185188
0 0.03697916666666667 0.7356481481481482 0.07395833333333333 0.17314814814814813
0 0.05416666666666667 0.9773148148148149 0.10833333333333334 0.04537037037037037