0 0.9380208333333333 0.09768518518518518 0.028125 0.025
0 0.9856770833333334 0.12129629629629629 0.028645833333333332 0.04537037037037037
0 0.9575520833333333 0.10324074074074074 0.024479166666666666 0.03148148148148148
0 0.8981770833333333 0.07685185185185185 0.05 0.04351851851851852
0 0.8911458333333333 0.12314814814814815 0.05 0.037037037037037035
0 0.9372395833333333 0.125 0.017708333333333333 0.012962962962962963
0 0.9268229166666667 0.1476851851851852 0.04895833333333333 0.026851851851851852
0 0.95 0.16712962962962963 0.03697916666666667 0.03148148148148148
0 0.97890625 0.16944444444444445 0.04114583333333333 0.04722222222222222
0 0.9390625 0.2050925925925926 0.0390625 0.041666666666666664
0 0.92421875 0.22314814814814815 0.06979166666666667 0.075
0 0.8880208333333334 0.16712962962962963 0.06614583333333333 0.03425925925925926
0 0.85234375 0.1087962962962963 0.04479166666666667 0.09074074074074075
0 0.8390625 0.1375 0.04583333333333333 0.08425925925925926
0 0.8213541666666667 0.16898148148148148 0.04114583333333333 0.06666666666666667
0 0.8153645833333333 0.2263888888888889 0.07395833333333333 0.11944444444444445
0 0.75234375 0.25925925925925924 0.042708333333333334 0.07222222222222222
0 0.7221354166666667 0.36018518518518516 0.05 0.16296296296296298
0 0.715625 0.07546296296296297 0.0328125 0.016666666666666666
0 0.74375 0.023148148148148147 0.043229166666666666 0.025925925925925925
0 0.7135416666666666 0.03148148148148148 0.040625 0.014814814814814815
0 0.7674479166666667 0.04861111111111111 0.05364583333333333 0.02962962962962963
0 0.6625 0.060648148148148145 0.05 0.022222222222222223
0 0.6174479166666667 0.032407407407407406 0.030208333333333334 0.04814814814814815
0 0.5416666666666666 0.03796296296296296 0.06458333333333334 0.026851851851851852
0 0.52578125 0.06805555555555555 0.04114583333333333 0.024074074074074074
0 0.5403645833333334 0.11666666666666667 0.027604166666666666 0.04814814814814815
0 0.5588541666666667 0.1087962962962963 0.01875 0.06481481481481481
0 0.5846354166666666 0.08194444444444444 0.03125 0.020370370370370372
0 0.47630208333333335 0.13657407407407407 0.059895833333333336 0.05555555555555555
0 0.4622395833333333 0.20972222222222223 0.01875 0.027777777777777776
0 0.51953125 0.2111111111111111 0.033854166666666664 0.06388888888888888
0 0.5809895833333333 0.16157407407407406 0.016145833333333335 0.026851851851851852
0 0.58046875 0.2037037037037037 0.0203125 0.020370370370370372
0 0.6091145833333333 0.1837962962962963 0.0421875 0.024074074074074074
0 0.6114583333333333 0.16435185185185186 0.04895833333333333 0.024074074074074074
0 0.6861979166666666 0.12175925925925926 0.026041666666666668 0.03888888888888889
0 0.6700520833333333 0.18333333333333332 0.026041666666666668 0.037037037037037035
0 0.6921875 0.16712962962962963 0.021354166666666667 0.021296296296296296
0 0.640625 0.10555555555555556 0.03229166666666667 0.03148148148148148
0 0.48385416666666664 0.07731481481481481 0.04635416666666667 0.041666666666666664
0 0.4552083333333333 0.08888888888888889 0.043229166666666666 0.05092592592592592
0 0.47369791666666666 0.2375 0.07447916666666667 0.03333333333333333
0 0.47708333333333336 0.26851851851851855 0.05260416666666667 0.062037037037037036
0 0.4625 0.33194444444444443 0.05520833333333333 0.06296296296296296
0 0.5377604166666666 0.2967592592592593 0.06510416666666667 0.027777777777777776
0 0.5989583333333334 0.31851851851851853 0.06979166666666667 0.08425925925925926
0 0.5424479166666667 0.362962962962963 0.0640625 0.08611111111111111
0 0.49947916666666664 0.3453703703703704 0.05572916666666667 0.10277777777777777
0 0.5901041666666667 0.4773148148148148 0.096875 0.09351851851851851
0 0.5755208333333334 0.2657407407407407 0.05520833333333333 0.03518518518518519
0 0.6677083333333333 0.29259259259259257 0.06197916666666667 0.1
0 0.6971354166666667 0.21342592592592594 0.05572916666666667 0.022222222222222223
0 0.6924479166666667 0.23842592592592593 0.05677083333333333 0.019444444444444445
0 0.64921875 0.21712962962962962 0.04583333333333333 0.06666666666666667
0 0.6153645833333333 0.21712962962962962 0.0296875 0.03518518518518519
0 0.5682291666666667 0.19444444444444445 0.044270833333333336 0.03148148148148148
0 0.5416666666666666 0.15462962962962962 0.06145833333333333 0.05925925925925926
0 0.41692708333333334 0.25092592592592594 0.04791666666666667 0.11666666666666667
0 0.4270833333333333 0.17083333333333334 0.0625 0.07962962962962963
0 0.42526041666666664 0.09398148148148149 0.034895833333333334 0.07592592592592592
0 0.3958333333333333 0.09675925925925925 0.030208333333333334 0.07962962962962963
0 0.36354166666666665 0.07731481481481481 0.05364583333333333 0.06944444444444445
0 0.32734375 0.10833333333333334 0.040625 0.05
0 0.33619791666666665 0.28564814814814815 0.059375 0.07222222222222222
0 0.2109375 0.2662037037037037 0.075 0.06018518518518518
0 0.23489583333333333 0.2064814814814815 0.08177083333333333 0.044444444444444446
0 0.14921875 0.23935185185185184 0.06979166666666667 0.07037037037037037
0 0.08619791666666667 0.02175925925925926 0.03229166666666667 0.04351851851851852
0 0.12213541666666666 0.03194444444444444 0.04010416666666667 0.06388888888888888
0 0.16197916666666667 0.02638888888888889 0.04375 0.05277777777777778
0 0.020572916666666666 0.04351851851851852 0.0390625 0.06851851851851852
0 0.1921875 0.013425925925925926 0.03125 0.026851851851851852
0 0.19140625 0.4828703703703704 0.08177083333333333 0.07962962962962963
0 0.5091145833333334 0.6217592592592592 0.09791666666666667 0.21203703703703702
0 0.58671875 0.4759259259259259 0.09322916666666667 0.09259259259259259
0 0.7018229166666666 0.5740740740740741 0.11927083333333334 0.1037037037037037
0 0.7830729166666667 0.7902777777777777 0.07447916666666667 0.14814814814814814
0 0.7916666666666666 0.9638888888888889 0.14166666666666666 0.07222222222222222
0 0.9611979166666667 0.6476851851851851 0.07760416666666667 0.12037037037037036
0 0.9450520833333333 0.5171296296296296 0.0671875 0.12222222222222222