0 0.0484375 0.16111111111111112 0.04739583333333333 0.07222222222222222
0 0.04583333333333333 0.10925925925925926 0.042708333333333334 0.06759259259259259
0 0.07213541666666666 0.10555555555555556 0.044270833333333336 0.075
0 0.12109375 0.1087962962962963 0.04739583333333333 0.05092592592592592
0 0.16458333333333333 0.11898148148148148 0.0453125 0.046296296296296294
0 0.18697916666666667 0.11435185185185186 0.015625 0.023148148148148147
0 0.21171875 0.10787037037037037 0.029166666666666667 0.022222222222222223
0 0.246875 0.08796296296296297 0.0703125 0.05648148148148148
0 0.2 0.05694444444444444 0.0328125 0.025925925925925925
0 0.20104166666666667 0.03425925925925926 0.036458333333333336 0.03518518518518519
0 0.165625 0.07268518518518519 0.041666666666666664 0.03796296296296296
0 0.13489583333333333 0.04351851851851852 0.040625 0.05925925925925926
0 0.0765625 0.06944444444444445 0.0578125 0.04722222222222222
0 0.09348958333333333 0.03009259259259259 0.0203125 0.04722222222222222
0 0.06614583333333333 0.03148148148148148 0.025520833333333333 0.05092592592592592
0 0.0421875 0.04259259259259259 0.0140625 0.04814814814814815
0 0.25416666666666665 0.04490740740740741 0.04791666666666667 0.03981481481481482
0 0.26666666666666666 0.017592592592592594 0.028645833333333332 0.014814814814814815
0 0.2375 0.022222222222222223 0.029166666666666667 0.04351851851851852
0 0.3299479166666667 0.0962962962962963 0.043229166666666666 0.1111111111111111
0 0.3028645833333333 0.20277777777777778 0.050520833333333334 0.07592592592592592
0 0.28203125 0.3111111111111111 0.08125 0.08611111111111111
0 0.25078125 0.387037037037037 0.10104166666666667 0.17314814814814813
0 0.12291666666666666 0.34814814814814815 0.05416666666666667 0.08796296296296297
0 0.08125 0.3074074074074074 0.042708333333333334 0.12037037037037036
0 0.01953125 0.26805555555555555 0.0390625 0.08055555555555556
0 0.009635416666666667 0.2013888888888889 0.019270833333333334 0.04351851851851852
0 0.00703125 0.33287037037037037 0.0140625 0.07685185185185185
0 0.05546875 0.8402777777777778 0.08697916666666666 0.08981481481481482
0 0.0109375 0.7078703703703704 0.021875 0.11388888888888889
0 0.42083333333333334 0.5347222222222222 0.09739583333333333 0.10740740740740741
0 0.3536458333333333 0.8518518518518519 0.07864583333333333 0.15185185185185185
0 0.5315104166666667 0.8199074074074074 0.0828125 0.19907407407407407
0 0.4114583333333333 0.28703703703703703 0.059895833333333336 0.08981481481481482
0 0.39010416666666664 0.18009259259259258 0.04375 0.06574074074074074
0 0.4088541666666667 0.10092592592592593 0.06614583333333333 0.07685185185185185
0 0.4984375 0.1310185185185185 0.06354166666666666 0.06851851851851852
0 0.4583333333333333 0.08981481481481482 0.05 0.018518518518518517
0 0.4747395833333333 0.11203703703703703 0.06666666666666667 0.02962962962962963
0 0.5125 0.07037037037037037 0.05572916666666667 0.053703703703703705
0 0.44973958333333336 0.04537037037037037 0.04583333333333333 0.03796296296296296
0 0.5565104166666667 0.06712962962962964 0.033854166666666664 0.06666666666666667
0 0.5552083333333333 0.020833333333333332 0.05416666666666667 0.018518518518518517
0 0.50234375 0.024074074074074074 0.033854166666666664 0.019444444444444445
0 0.46536458333333336 0.01898148148148148 0.028125 0.013888888888888888
0 0.37473958333333335 0.014351851851851852 0.028125 0.013888888888888888
0 0.4166666666666667 0.03194444444444444 0.03177083333333333 0.030555555555555555
0 0.3893229166666667 0.05092592592592592 0.036458333333333336 0.028703703703703703
0 0.34322916666666664 0.025 0.027083333333333334 0.03796296296296296
0 0.6205729166666667 0.08564814814814815 0.0359375 0.09907407407407408
0 0.665625 0.0787037037037037 0.036458333333333336 0.08148148148148149
0 0.6419270833333334 0.0375 0.043229166666666666 0.041666666666666664
0 0.7364583333333333 0.03981481481481482 0.04739583333333333 0.058333333333333334
0 0.7208333333333333 0.013888888888888888 0.0375 0.027777777777777776
0 0.6611979166666667 0.01990740740740741 0.04739583333333333 0.03981481481481482
0 0.90390625 0.03981481481481482 0.034895833333333334 0.04537037037037037
0 0.93515625 0.027314814814814816 0.034895833333333334 0.02962962962962963
0 0.9104166666666667 0.008796296296296297 0.041666666666666664 0.017592592592592594
0 0.9471354166666667 0.06157407407407407 0.050520833333333334 0.03333333333333333
0 0.9471354166666667 0.10555555555555556 0.059375 0.044444444444444446
0 0.98984375 0.10092592592592593 0.019270833333333334 0.05185185185185185
0 0.9434895833333333 0.15555555555555556 0.04791666666666667 0.06018518518518518
0 0.9776041666666667 0.1337962962962963 0.040625 0.040740740740740744
0 0.9838541666666667 0.17546296296296296 0.03229166666666667 0.04722222222222222
0 0.9736979166666667 0.27824074074074073 0.05260416666666667 0.06574074074074074
0 0.4674479166666667 0.9699074074074074 0.03333333333333333 0.06018518518518518