0 0.16848958333333333 0.6800925925925926 0.09270833333333334 0.18888888888888888
0 0.25546875 0.6037037037037037 0.07083333333333333 0.08333333333333333
0 0.35494791666666664 0.6365740740740741 0.06666666666666667 0.08518518518518518
0 0.45286458333333335 0.5842592592592593 0.06041666666666667 0.09537037037037037
0 0.31875 0.9476851851851852 0.11458333333333333 0.10462962962962963
0 0.38359375 0.9726851851851852 0.04114583333333333 0.05462962962962963
0 0.5513020833333333 0.8300925925925926 0.12395833333333334 0.10092592592592593
0 0.6549479166666666 0.850462962962963 0.0734375 0.14537037037037037
0 0.5809895833333333 0.9472222222222222 0.1234375 0.10092592592592593
0 0.77890625 0.6347222222222222 0.06927083333333334 0.12037037037037036
0 0.5869791666666667 0.47314814814814815 0.084375 0.07037037037037037
0 0.59765625 0.5310185185185186 0.09322916666666667 0.07685185185185185
0 0.63046875 0.4074074074074074 0.042708333333333334 0.09537037037037037
0 0.7333333333333333 0.4203703703703704 0.08489583333333334 0.08888888888888889
0 0.69609375 0.3060185185185185 0.033854166666666664 0.08518518518518518
0 0.47161458333333334 0.375 0.075 0.05740740740740741
0 0.5182291666666666 0.34074074074074073 0.06354166666666666 0.05740740740740741
0 0.40989583333333335 0.4828703703703704 0.075 0.10740740740740741
0 0.3377604166666667 0.5421296296296296 0.06510416666666667 0.07685185185185185
0 0.2799479166666667 0.5037037037037037 0.07395833333333333 0.08333333333333333
0 0.29453125 0.4638888888888889 0.07083333333333333 0.06018518518518518
0 0.3690104166666667 0.4148148148148148 0.04114583333333333 0.03425925925925926
0 0.4296875 0.4111111111111111 0.04583333333333333 0.06574074074074074
0 0.03515625 0.6717592592592593 0.058333333333333334 0.0824074074074074
0 0.06510416666666667 0.6212962962962963 0.03333333333333333 0.06666666666666667
0 0.05572916666666667 0.5879629629629629 0.03177083333333333 0.05740740740740741
0 0.08307291666666666 0.5680555555555555 0.022395833333333334 0.05740740740740741
0 0.10963541666666667 0.5513888888888889 0.03697916666666667 0.0787037037037037
0 0.03229166666666667 0.5787037037037037 0.028645833333333332 0.02962962962962963
0 0.016666666666666666 0.48518518518518516 0.03333333333333333 0.06388888888888888
0 0.0265625 0.43796296296296294 0.041666666666666664 0.049074074074074076
0 0.06041666666666667 0.41898148148148145 0.034375 0.03796296296296296
0 0.04921875 0.43842592592592594 0.03229166666666667 0.03518518518518519
0 0.05625 0.48009259259259257 0.044270833333333336 0.10925925925925926
0 0.09739583333333333 0.4601851851851852 0.04895833333333333 0.03425925925925926
0 0.09010416666666667 0.49074074074074076 0.057291666666666664 0.05925925925925926
0 0.07604166666666666 0.5365740740740741 0.036458333333333336 0.05648148148148148
0 0.053125 0.375 0.046875 0.03888888888888889
0 0.07786458333333333 0.3435185185185185 0.0234375 0.024074074074074074
0 0.10833333333333334 0.32685185185185184 0.030208333333333334 0.026851851851851852
0 0.15052083333333333 0.3763888888888889 0.021354166666666667 0.023148148148148147
0 0.12994791666666666 0.3731481481481482 0.015625 0.018518518518518517
0 0.10989583333333333 0.42685185185185187 0.0234375 0.025925925925925925
0 0.1296875 0.44583333333333336 0.019270833333333334 0.02962962962962963
0 0.14583333333333334 0.4810185185185185 0.0421875 0.03333333333333333
0 0.115625 0.38981481481481484 0.016666666666666666 0.025925925925925925
0 0.15 0.41805555555555557 0.044270833333333336 0.025925925925925925
0 0.20416666666666666 0.3592592592592593 0.020833333333333332 0.022222222222222223
0 0.20963541666666666 0.34675925925925927 0.013541666666666667 0.019444444444444445
0 0.11744791666666667 0.300462962962963 0.027604166666666666 0.028703703703703703
0 0.13541666666666666 0.2884259259259259 0.020833333333333332 0.049074074074074076
0 0.14348958333333334 0.2708333333333333 0.009895833333333333 0.027777777777777776
0 0.14635416666666667 0.22268518518518518 0.042708333333333334 0.03888888888888889
0 0.20963541666666666 0.20462962962962963 0.04895833333333333 0.03425925925925926
0 0.20963541666666666 0.1814814814814815 0.043229166666666666 0.027777777777777776
0 0.2125 0.22870370370370371 0.04114583333333333 0.025925925925925925
0 0.25 0.2310185185185185 0.03125 0.022222222222222223
0 0.2734375 0.20462962962962963 0.03958333333333333 0.07407407407407407
0 0.2794270833333333 0.1712962962962963 0.021354166666666667 0.030555555555555555
0 0.2630208333333333 0.14907407407407408 0.033854166666666664 0.03148148148148148
0 0.21536458333333333 0.29444444444444445 0.015625 0.022222222222222223
0 0.37786458333333334 0.1550925925925926 0.040625 0.058333333333333334
0 0.38385416666666666 0.2013888888888889 0.041666666666666664 0.04259259259259259
0 0.4549479166666667 0.29814814814814816 0.0359375 0.04537037037037037
0 0.3614583333333333 0.27685185185185185 0.0171875 0.020370370370370372
0 0.39010416666666664 0.28703703703703703 0.028125 0.021296296296296296
0 0.3846354166666667 0.27314814814814814 0.036458333333333336 0.013888888888888888
0 0.31666666666666665 0.3162037037037037 0.040625 0.025
0 0.3424479166666667 0.3236111111111111 0.022916666666666665 0.03148148148148148
0 0.3489583333333333 0.2777777777777778 0.030729166666666665 0.03796296296296296
0 0.29401041666666666 0.40879629629629627 0.03958333333333333 0.040740740740740744
0 0.3341145833333333 0.4185185185185185 0.044270833333333336 0.07592592592592592
0 0.2520833333333333 0.4162037037037037 0.0375 0.044444444444444446
0 0.29401041666666666 0.35138888888888886 0.041666666666666664 0.030555555555555555
0 0.2994791666666667 0.3773148148148148 0.06458333333333334 0.023148148148148147
0 0.5427083333333333 0.23055555555555557 0.04010416666666667 0.05555555555555555
0 0.5955729166666667 0.30092592592592593 0.04479166666666667 0.05
0 0.5825520833333333 0.18796296296296297 0.040625 0.05185185185185185
0 0.4869791666666667 0.31296296296296294 0.03333333333333333 0.0712962962962963
0 0.4583333333333333 0.27361111111111114 0.0109375 0.020370370370370372
0 0.40677083333333336 0.35462962962962963 0.042708333333333334 0.03796296296296296
0 0.4234375 0.2791666666666667 0.013541666666666667 0.025
0 0.3734375 0.22962962962962963 0.049479166666666664 0.028703703703703703
0 0.35651041666666666 0.20324074074074075 0.021875 0.022222222222222223
0 0.43125 0.22268518518518518 0.04739583333333333 0.025925925925925925
0 0.3572916666666667 0.3699074074074074 0.03177083333333333 0.03148148148148148
0 0.38359375 0.3972222222222222 0.04479166666666667 0.04722222222222222
0 0.6916666666666667 0.17731481481481481 0.03802083333333333 0.05277777777777778
0 0.6408854166666667 0.2388888888888889 0.05 0.03796296296296296
0 0.6369791666666667 0.26481481481481484 0.03802083333333333 0.05185185185185185
0 0.6763020833333333 0.26481481481481484 0.03229166666666667 0.03888888888888889
0 0.63203125 0.15092592592592594 0.029166666666666667 0.037037037037037035
0 0.6401041666666667 0.1726851851851852 0.040625 0.04351851851851852
0 0.6619791666666667 0.18611111111111112 0.0296875 0.05
0 0.7036458333333333 0.14907407407407408 0.0296875 0.037037037037037035
0 0.7317708333333334 0.1398148148148148 0.027083333333333334 0.023148148148148147
0 0.7494791666666667 0.1685185185185185 0.03125 0.022222222222222223
0 0.76640625 0.2074074074074074 0.042708333333333334 0.05092592592592592
0 0.6908854166666667 0.22824074074074074 0.05 0.04722222222222222
0 0.7244791666666667 0.2574074074074074 0.025520833333333333 0.041666666666666664
0 0.7359375 0.22962962962962963 0.029166666666666667 0.05
0 0.796875 0.3537037037037037 0.03958333333333333 0.06759259259259259
0 0.7317708333333334 0.3421296296296296 0.035416666666666666 0.05740740740740741
0 0.7669270833333334 0.31851851851851853 0.0375 0.05185185185185185
0 0.89140625 0.43796296296296294 0.04375 0.06388888888888888
0 0.9244791666666666 0.44583333333333336 0.04010416666666667 0.05555555555555555
0 0.9645833333333333 0.4925925925925926 0.05572916666666667 0.04814814814814815
0 0.9260416666666667 0.5611111111111111 0.07916666666666666 0.09166666666666666
0 0.9348958333333334 0.5092592592592593 0.051041666666666666 0.04722222222222222
0 0.9700520833333334 0.24027777777777778 0.03697916666666667 0.08611111111111111
0 0.9083333333333333 0.19768518518518519 0.03177083333333333 0.04351851851851852
0 0.8880208333333334 0.3625 0.04635416666666667 0.041666666666666664
0 0.8549479166666667 0.3074074074074074 0.05260416666666667 0.0787037037037037
0 0.98203125 0.6319444444444444 0.0359375 0.08148148148148149
0 0.9518229166666666 0.6708333333333333 0.0640625 0.0712962962962963
0 0.975 0.7208333333333333 0.05 0.06666666666666667
0 0.9565104166666667 0.8736111111111111 0.08385416666666666 0.175
0 0.17083333333333334 0.362962962962963 0.009375 0.019444444444444445
0 0.18880208333333334 0.3277777777777778 0.019270833333333334 0.041666666666666664
0 0.19557291666666668 0.27314814814814814 0.016666666666666666 0.022222222222222223
0 0.13125 0.35694444444444445 0.049479166666666664 0.024074074074074074
0 0.49505208333333334 0.1814814814814815 0.017708333333333333 0.017592592592592594
0 0.51328125 0.2273148148148148 0.030729166666666665 0.06759259259259259