0 0.3875 0.84453125 0.378125 0.3109375
0 0.65234375 0.9140625 0.265625 0.171875
0 0.75625 0.75234375 0.309375 0.4953125
0 0.73359375 0.44921875 0.146875 0.2421875
0 0.8984375 0.4421875 0.203125 0.3
0 0.65 0.34140625 0.20625 0.2171875
0 0.7421875 0.20703125 0.184375 0.16875
0 0.8703125 0.20859375 0.128125 0.225
0 0.5140625 0.5359375 0.2078125 0.290625
0 0.19140625 0.5703125 0.2109375 0.34375
0 0.1703125 0.4140625 0.3015625 0.453125
0 0.38515625 0.28046875 0.2703125 0.3765625
0 0.1 0.26328125 0.1484375 0.25625
0 0.33828125 0.5859375 0.1796875 0.3125
0 0.09765625 0.81640625 0.1953125 0.3671875
0 0.078125 0.1234375 0.15625 0.153125
0 0.21328125 0.134375 0.1328125 0.1546875
0 0.42109375 0.1 0.1578125 0.1875
0 0.56484375 0.1421875 0.1609375 0.2484375
0 0.76015625 0.07734375 0.121875 0.146875