0 0.89140625 0.7717592592592593 0.1109375 0.1638888888888889
0 0.5135416666666667 0.3333333333333333 0.09114583333333333 0.20092592592592592
0 0.6059895833333333 0.2199074074074074 0.10052083333333334 0.15555555555555556
0 0.7205729166666667 0.20833333333333334 0.09010416666666667 0.1388888888888889
0 0.87890625 0.4166666666666667 0.07916666666666666 0.14166666666666666
0 0.90234375 0.23148148148148148 0.06510416666666667 0.1388888888888889
0 0.7856770833333333 0.10416666666666667 0.05572916666666667 0.1037037037037037
0 0.82421875 0.05 0.08072916666666667 0.1
0 0.7361979166666667 0.08935185185185185 0.0640625 0.08333333333333333
0 0.9747395833333333 0.36018518518518516 0.050520833333333334 0.1037037037037037
0 0.9817708333333334 0.2740740740740741 0.036458333333333336 0.0787037037037037
0 0.9869791666666666 0.19583333333333333 0.026041666666666668 0.09537037037037037
0 0.96875 0.15138888888888888 0.057291666666666664 0.09259259259259259
0 0.9557291666666666 0.08425925925925926 0.057291666666666664 0.053703703703703705
0 0.95 0.04953703703703704 0.053125 0.062037037037037036
0 0.94375 0.016666666666666666 0.030208333333333334 0.03333333333333333
0 0.9119791666666667 0.020833333333333332 0.03229166666666667 0.041666666666666664
0 0.890625 0.015277777777777777 0.03125 0.030555555555555555
0 0.5841145833333333 0.9337962962962963 0.15625 0.13240740740740742
0 0.3880208333333333 0.9342592592592592 0.165625 0.13148148148148148
0 0.3502604166666667 0.8458333333333333 0.09635416666666667 0.12037037037037036
0 0.44453125 0.8101851851851852 0.1078125 0.1574074074074074
0 0.38203125 0.7162037037037037 0.140625 0.1388888888888889
0 0.38984375 0.6375 0.09010416666666667 0.1361111111111111
0 0.22916666666666666 0.425 0.09010416666666667 0.18055555555555555
0 0.32369791666666664 0.21712962962962962 0.08333333333333333 0.1388888888888889
0 0.4825520833333333 0.12824074074074074 0.07447916666666667 0.06759259259259259
0 0.0484375 0.9527777777777777 0.096875 0.09444444444444444
0 0.03411458333333333 0.8671296296296296 0.06822916666666666 0.12314814814814815
0 0.08411458333333334 0.6259259259259259 0.10416666666666667 0.20555555555555555
0 0.1515625 0.5175925925925926 0.05625 0.20555555555555555
0 0.06588541666666667 0.3819444444444444 0.08854166666666667 0.11851851851851852
0 0.046875 0.3138888888888889 0.05572916666666667 0.09444444444444444
0 0.04609375 0.25 0.04010416666666667 0.07685185185185185
0 0.09166666666666666 0.18194444444444444 0.04791666666666667 0.08333333333333333
0 0.15416666666666667 0.2916666666666667 0.06354166666666666 0.1175925925925926
0 0.190625 0.20462962962962963 0.06145833333333333 0.09444444444444444
0 0.3536458333333333 0.11898148148148148 0.07708333333333334 0.1388888888888889
0 0.40703125 0.06712962962962964 0.05364583333333333 0.07222222222222222
0 0.13567708333333334 0.12685185185185185 0.04375 0.053703703703703705
0 0.17734375 0.12175925925925926 0.0453125 0.05740740740740741
0 0.17083333333333334 0.0875 0.05364583333333333 0.03611111111111111
0 0.19635416666666666 0.06805555555555555 0.043229166666666666 0.04351851851851852
0 0.18880208333333334 0.03564814814814815 0.059375 0.03518518518518519
0 0.23880208333333333 0.0875 0.059895833333333336 0.05092592592592592
0 0.265625 0.0587962962962963 0.046875 0.05185185185185185
0 0.24270833333333333 0.02361111111111111 0.0625 0.04351851851851852
0 0.07239583333333334 0.10925925925925926 0.0546875 0.049074074074074076
0 0.07760416666666667 0.07361111111111111 0.05416666666666667 0.03888888888888889
0 0.02265625 0.12175925925925926 0.040625 0.025925925925925925
0 0.0453125 0.12129629629629629 0.030729166666666665 0.05925925925925926
0 0.016927083333333332 0.15601851851851853 0.033854166666666664 0.03333333333333333
0 0.017708333333333333 0.19768518518518519 0.035416666666666666 0.07314814814814814
0 0.015364583333333333 0.3074074074074074 0.030729166666666665 0.08703703703703704
0 0.09713541666666667 0.027314814814814816 0.036458333333333336 0.05462962962962963
0 0.12552083333333333 0.03148148148148148 0.03177083333333333 0.04259259259259259
0 0.55546875 0.07037037037037037 0.044270833333333336 0.06481481481481481
0 0.64609375 0.04675925925925926 0.03802083333333333 0.06666666666666667
0 0.60390625 0.04351851851851852 0.06354166666666666 0.058333333333333334
0 0.5739583333333333 0.026851851851851852 0.05 0.04351851851851852
0 0.5408854166666667 0.027314814814814816 0.04635416666666667 0.040740740740740744
0 0.5015625 0.060648148148148145 0.04895833333333333 0.05925925925925926
0 0.46875 0.062037037037037036 0.036458333333333336 0.06944444444444445
0 0.4356770833333333 0.04212962962962963 0.03333333333333333 0.05185185185185185
0 0.3502604166666667 0.04583333333333333 0.046875 0.06851851851851852
0 0.38229166666666664 0.02175925925925926 0.052083333333333336 0.04351851851851852