0 0.7265625 0.5634259259259259 0.09375 0.18796296296296297
0 0.9114583333333334 0.6583333333333333 0.10416666666666667 0.18703703703703703
0 0.8731770833333333 0.4083333333333333 0.0609375 0.12222222222222222
0 0.70703125 0.2152777777777778 0.08229166666666667 0.11851851851851852
0 0.4747395833333333 0.5009259259259259 0.06927083333333334 0.1527777777777778
0 0.39010416666666664 0.44212962962962965 0.14479166666666668 0.18333333333333332
0 0.28046875 0.30925925925925923 0.10052083333333334 0.14629629629629629
0 0.328125 0.16435185185185186 0.08333333333333333 0.15925925925925927
0 0.48776041666666664 0.13564814814814816 0.11979166666666667 0.0712962962962963
0 0.13489583333333333 0.5796296296296296 0.09479166666666666 0.11851851851851852
0 0.13333333333333333 0.7421296296296296 0.09635416666666667 0.19444444444444445
0 0.20963541666666666 0.7925925925925926 0.10677083333333333 0.14351851851851852
0 0.39895833333333336 0.7375 0.11197916666666667 0.12314814814814815
0 0.4440104166666667 0.8185185185185185 0.1171875 0.14074074074074075
0 0.534375 0.8833333333333333 0.12239583333333333 0.18333333333333332
0 0.6393229166666666 0.8486111111111111 0.09114583333333333 0.21296296296296297
0 0.96015625 0.19212962962962962 0.0515625 0.08981481481481482
0 0.88984375 0.11435185185185186 0.06041666666666667 0.08518518518518518
0 0.8635416666666667 0.04675925925925926 0.04635416666666667 0.06296296296296296
0 0.81875 0.031018518518518518 0.046875 0.062037037037037036
0 0.7651041666666667 0.04537037037037037 0.06197916666666667 0.09074074074074075
0 0.9028645833333333 0.01712962962962963 0.0359375 0.03425925925925926
0 0.9346354166666667 0.023148148148148147 0.0296875 0.046296296296296294
0 0.9447916666666667 0.07685185185185185 0.04114583333333333 0.06388888888888888
0 0.9739583333333334 0.05740740740740741 0.03177083333333333 0.04814814814814815
0 0.9684895833333333 0.1050925925925926 0.0546875 0.06574074074074074
0 0.5591145833333333 0.04212962962962963 0.04583333333333333 0.06481481481481481
0 0.6013020833333333 0.05185185185185185 0.04895833333333333 0.05740740740740741
0 0.646875 0.044444444444444446 0.0453125 0.05740740740740741
0 0.6013020833333333 0.018518518518518517 0.05677083333333333 0.037037037037037035
0 0.4903645833333333 0.056018518518518516 0.04895833333333333 0.06851851851851852
0 0.35703125 0.06712962962962964 0.059895833333333336 0.11203703703703703
0 0.4088541666666667 0.06481481481481481 0.04114583333333333 0.07222222222222222
0 0.40130208333333334 0.01990740740740741 0.029166666666666667 0.03981481481481482
0 0.4322916666666667 0.046296296296296294 0.028645833333333332 0.05
0 0.05677083333333333 0.17175925925925925 0.04583333333333333 0.07777777777777778
0 0.05182291666666667 0.07083333333333333 0.05520833333333333 0.041666666666666664
0 0.04140625 0.05092592592592592 0.04739583333333333 0.03425925925925926
0 0.0546875 0.09907407407407408 0.04895833333333333 0.058333333333333334
0 0.03515625 0.13472222222222222 0.040625 0.05740740740740741
0 0.01875 0.27685185185185185 0.0375 0.075
0 0.013802083333333333 0.21574074074074073 0.027604166666666666 0.06851851851851852
0 0.017708333333333333 0.1865740740740741 0.035416666666666666 0.046296296296296294
0 0.013802083333333333 0.15648148148148147 0.027604166666666666 0.03888888888888889
0 0.011197916666666667 0.12453703703703704 0.022395833333333334 0.04537037037037037
0 0.12942708333333333 0.13148148148148148 0.046875 0.05462962962962963
0 0.17369791666666667 0.12638888888888888 0.04479166666666667 0.0712962962962963
0 0.22916666666666666 0.13333333333333333 0.0671875 0.06944444444444445
0 0.23958333333333334 0.09259259259259259 0.059895833333333336 0.041666666666666664
0 0.20989583333333334 0.06851851851851852 0.0484375 0.02962962962962963
0 0.15338541666666666 0.08333333333333333 0.050520833333333334 0.040740740740740744
0 0.14947916666666666 0.03935185185185185 0.04739583333333333 0.07777777777777778
0 0.20807291666666666 0.019444444444444445 0.0390625 0.03888888888888889
0 0.27109375 0.05925925925925926 0.0359375 0.05462962962962963
0 0.09895833333333333 0.0375 0.04010416666666667 0.05462962962962963
0 0.07213541666666666 0.03564814814814815 0.025520833333333333 0.03611111111111111
0 0.05130208333333333 0.02361111111111111 0.052083333333333336 0.04722222222222222