0 0.2994791666666667 0.8810185185185185 0.15989583333333332 0.2064814814814815
0 0.06302083333333333 0.8180555555555555 0.103125 0.19166666666666668
0 0.17890625 0.675 0.109375 0.15925925925925927
0 0.19010416666666666 0.549537037037037 0.11302083333333333 0.14166666666666666
0 0.14140625 0.3851851851851852 0.0953125 0.13425925925925927
0 0.19791666666666666 0.2763888888888889 0.10416666666666667 0.1175925925925926
0 0.1125 0.24212962962962964 0.058333333333333334 0.07407407407407407
0 0.07604166666666666 0.19444444444444445 0.06875 0.08333333333333333
0 0.05078125 0.2569444444444444 0.071875 0.08148148148148149
0 0.18541666666666667 0.18888888888888888 0.06145833333333333 0.06944444444444445
0 0.18359375 0.12268518518518519 0.04791666666666667 0.06296296296296296
0 0.21796875 0.11342592592592593 0.03802083333333333 0.08148148148148149
0 0.01875 0.19490740740740742 0.0375 0.06296296296296296
0 0.057291666666666664 0.11666666666666667 0.0359375 0.075
0 0.027864583333333335 0.12407407407407407 0.03333333333333333 0.06666666666666667
0 0.090625 0.05092592592592592 0.041666666666666664 0.06666666666666667
0 0.1171875 0.04722222222222222 0.03229166666666667 0.09444444444444444
0 0.15755208333333334 0.024537037037037038 0.043229166666666666 0.049074074074074076
0 0.01484375 0.033796296296296297 0.0296875 0.03148148148148148
0 0.025260416666666667 0.049074074074074076 0.04114583333333333 0.03611111111111111
0 0.0140625 0.08564814814814815 0.028125 0.025925925925925925
0 0.030729166666666665 0.08796296296296297 0.027604166666666666 0.04351851851851852
0 0.46171875 0.32731481481481484 0.0921875 0.10185185185185185
0 0.48151041666666666 0.2310185185185185 0.07447916666666667 0.05925925925925926
0 0.49296875 0.19490740740740742 0.05625 0.04259259259259259
0 0.51640625 0.25277777777777777 0.06510416666666667 0.06851851851851852
0 0.5494791666666666 0.3 0.07447916666666667 0.08796296296296297
0 0.5731770833333333 0.2462962962962963 0.051041666666666666 0.09166666666666666
0 0.6270833333333333 0.22592592592592592 0.0703125 0.075
0 0.6140625 0.3 0.0671875 0.09074074074074075
0 0.56484375 0.37962962962962965 0.07447916666666667 0.10833333333333334
0 0.6106770833333334 0.3861111111111111 0.078125 0.09074074074074075
0 0.62734375 0.44814814814814813 0.0515625 0.08055555555555556
0 0.37421875 0.2449074074074074 0.06875 0.09814814814814815
0 0.4 0.20925925925925926 0.0703125 0.06111111111111111
0 0.4015625 0.1699074074074074 0.0796875 0.06481481481481481
0 0.43776041666666665 0.12222222222222222 0.041666666666666664 0.09351851851851851
0 0.48541666666666666 0.12638888888888888 0.059375 0.09537037037037037
0 0.5348958333333333 0.14166666666666666 0.042708333333333334 0.06851851851851852
0 0.5559895833333334 0.02962962962962963 0.04583333333333333 0.05925925925925926
0 0.6158854166666666 0.14629629629629629 0.0234375 0.04722222222222222
0 0.65625 0.5143518518518518 0.090625 0.1037037037037037
0 0.65546875 0.5703703703703704 0.0796875 0.22407407407407406
0 0.6736979166666667 0.41203703703703703 0.03958333333333333 0.12407407407407407
0 0.7091145833333333 0.42685185185185187 0.042708333333333334 0.14166666666666666
0 0.80390625 0.6967592592592593 0.07916666666666666 0.14629629629629629
0 0.94921875 0.9462962962962963 0.09739583333333333 0.10740740740740741
0 0.9411458333333333 0.8268518518518518 0.07552083333333333 0.14444444444444443
0 0.9010416666666666 0.7074074074074074 0.090625 0.1
0 0.9018229166666667 0.6388888888888888 0.0625 0.06296296296296296
0 0.96171875 0.6810185185185185 0.0546875 0.08518518518518518
0 0.9815104166666667 0.75 0.03697916666666667 0.07592592592592592
0 0.7419270833333333 0.287962962962963 0.058854166666666666 0.05740740740740741
0 0.7708333333333334 0.33101851851851855 0.05572916666666667 0.06851851851851852
0 0.7984375 0.387037037037037 0.06614583333333333 0.05462962962962963
0 0.8018229166666667 0.42268518518518516 0.0546875 0.08888888888888889
0 0.8286458333333333 0.45 0.06666666666666667 0.07592592592592592
0 0.8622395833333333 0.3939814814814815 0.057291666666666664 0.08055555555555556
0 0.86171875 0.24027777777777778 0.05520833333333333 0.07407407407407407
0 0.3651041666666667 0.03194444444444444 0.06197916666666667 0.06388888888888888
0 0.40859375 0.027777777777777776 0.03802083333333333 0.05555555555555555
0 0.44296875 0.02824074074074074 0.042708333333333334 0.05555555555555555
0 0.4296875 0.060648148148148145 0.05 0.053703703703703705
0 0.4140625 0.09814814814814815 0.06927083333333334 0.06111111111111111
0 0.4765625 0.03148148148148148 0.015625 0.023148148148148147
0 0.7627604166666667 0.17083333333333334 0.04895833333333333 0.08055555555555556
0 0.8489583333333334 0.1824074074074074 0.044270833333333336 0.05277777777777778
0 0.8520833333333333 0.1287037037037037 0.0546875 0.09537037037037037
0 0.84140625 0.09398148148148149 0.036458333333333336 0.04814814814814815
0 0.9002604166666667 0.15046296296296297 0.044270833333333336 0.10555555555555556
0 0.8921875 0.21574074074074073 0.035416666666666666 0.06018518518518518
0 0.9283854166666666 0.22083333333333333 0.04895833333333333 0.1287037037037037
0 0.8005208333333333 0.10740740740740741 0.05 0.08796296296296297
0 0.7830729166666667 0.06944444444444445 0.05625 0.07685185185185185
0 0.72578125 0.053703703703703705 0.04791666666666667 0.08703703703703704
0 0.7638020833333333 0.01990740740740741 0.025520833333333333 0.03981481481481482
0 0.6888020833333334 0.024537037037037038 0.043229166666666666 0.049074074074074076
0 0.9028645833333333 0.32222222222222224 0.053125 0.05462962962962963
0 0.9416666666666667 0.34629629629629627 0.05572916666666667 0.04814814814814815
0 0.925 0.41712962962962963 0.0203125 0.03148148148148148
0 0.8953125 0.37407407407407406 0.033854166666666664 0.03796296296296296
0 0.9658854166666667 0.22546296296296298 0.03802083333333333 0.0962962962962963
0 0.97421875 0.2814814814814815 0.0515625 0.11666666666666667
0 0.9747395833333333 0.549537037037037 0.050520833333333334 0.10092592592592593
0 0.9705729166666667 0.49027777777777776 0.0515625 0.04537037037037037
0 0.96015625 0.43703703703703706 0.0265625 0.05925925925925926
0 0.9283854166666666 0.4708333333333333 0.0421875 0.053703703703703705
0 0.9153645833333334 0.07592592592592592 0.027083333333333334 0.040740740740740744
0 0.6580729166666667 0.014814814814814815 0.0328125 0.02962962962962963