0 0.034375 0.11851851851851852 0.030729166666666665 0.03981481481481482
0 0.0765625 0.08796296296296297 0.024479166666666666 0.040740740740740744
0 0.08619791666666667 0.13935185185185187 0.019791666666666666 0.044444444444444446
0 0.020052083333333335 0.15092592592592594 0.026041666666666668 0.041666666666666664
0 0.007291666666666667 0.23055555555555557 0.014583333333333334 0.040740740740740744
0 0.022916666666666665 0.23796296296296296 0.011979166666666667 0.032407407407407406
0 0.07369791666666667 0.25046296296296294 0.021875 0.03518518518518519
0 0.052083333333333336 0.24722222222222223 0.01875 0.044444444444444446
0 0.0953125 0.23287037037037037 0.035416666666666666 0.041666666666666664
0 0.11276041666666667 0.2462962962962963 0.01875 0.019444444444444445
0 0.125 0.26666666666666666 0.015104166666666667 0.011111111111111112
0 0.1171875 0.2796296296296296 0.03125 0.017592592592592594
0 0.11354166666666667 0.18101851851851852 0.03125 0.020370370370370372
0 0.10598958333333333 0.19814814814814816 0.026041666666666668 0.020370370370370372
0 0.17708333333333334 0.19444444444444445 0.04010416666666667 0.018518518518518517
0 0.1828125 0.21666666666666667 0.021875 0.022222222222222223
0 0.18958333333333333 0.2337962962962963 0.0203125 0.019444444444444445
0 0.165625 0.2351851851851852 0.024479166666666666 0.019444444444444445
0 0.15729166666666666 0.25092592592592594 0.0328125 0.025
0 0.18125 0.25046296296296294 0.029166666666666667 0.01574074074074074
0 0.19817708333333334 0.25462962962962965 0.021354166666666667 0.011111111111111112
0 0.20208333333333334 0.2657407407407407 0.0171875 0.018518518518518517
0 0.14739583333333334 0.27685185185185185 0.025520833333333333 0.016666666666666666
0 0.16744791666666667 0.2773148148148148 0.027083333333333334 0.013888888888888888
0 0.171875 0.2861111111111111 0.035416666666666666 0.020370370370370372
0 0.18046875 0.29583333333333334 0.03229166666666667 0.020370370370370372
0 0.20989583333333334 0.30416666666666664 0.034895833333333334 0.013888888888888888
0 0.1140625 0.31805555555555554 0.03177083333333333 0.021296296296296296
0 0.14114583333333333 0.3236111111111111 0.01875 0.025925925925925925
0 0.04609375 0.32916666666666666 0.042708333333333334 0.026851851851851852
0 0.0578125 0.3597222222222222 0.04635416666666667 0.03425925925925926
0 0.09635416666666667 0.3726851851851852 0.022916666666666665 0.025
0 0.13515625 0.36018518518518516 0.016666666666666666 0.023148148148148147
0 0.12161458333333333 0.37407407407407406 0.015104166666666667 0.02962962962962963
0 0.17317708333333334 0.37777777777777777 0.019270833333333334 0.020370370370370372
0 0.16901041666666666 0.35509259259259257 0.0203125 0.03333333333333333
0 0.14869791666666668 0.33935185185185185 0.010416666666666666 0.03425925925925926
0 0.20104166666666667 0.3425925925925926 0.015625 0.021296296296296296
0 0.13385416666666666 0.37222222222222223 0.0234375 0.017592592592592594
0 0.14348958333333334 0.41388888888888886 0.042708333333333334 0.03425925925925926
0 0.13958333333333334 0.3972222222222222 0.03697916666666667 0.025925925925925925
0 0.13932291666666666 0.38657407407407407 0.03333333333333333 0.023148148148148147
0 0.17734375 0.38935185185185184 0.035416666666666666 0.013888888888888888
0 0.17760416666666667 0.41388888888888886 0.0390625 0.025925925925925925
0 0.15625 0.43425925925925923 0.05 0.03148148148148148
0 0.12057291666666667 0.4185185185185185 0.0359375 0.023148148148148147
0 0.0953125 0.39305555555555555 0.050520833333333334 0.03518518518518519
0 0.06197916666666667 0.4083333333333333 0.04791666666666667 0.025
0 0.048177083333333336 0.43842592592592594 0.03854166666666667 0.030555555555555555
0 0.08046875 0.43194444444444446 0.0328125 0.040740740740740744
0 0.058333333333333334 0.462037037037037 0.03958333333333333 0.03796296296296296
0 0.09921875 0.45092592592592595 0.04583333333333333 0.030555555555555555
0 0.10130208333333333 0.47685185185185186 0.051041666666666666 0.03425925925925926
0 0.046875 0.4962962962962963 0.033854166666666664 0.04259259259259259
0 0.019270833333333334 0.47638888888888886 0.030729166666666665 0.058333333333333334
0 0.02109375 0.41898148148148145 0.0328125 0.041666666666666664
0 0.0109375 0.4074074074074074 0.019791666666666666 0.04351851851851852
0 0.015885416666666666 0.3625 0.03177083333333333 0.049074074074074076
0 0.215625 0.21898148148148147 0.025 0.028703703703703703
0 0.21223958333333334 0.20462962962962963 0.028645833333333332 0.025
0 0.25104166666666666 0.23287037037037037 0.0390625 0.018518518518518517
0 0.25052083333333336 0.25 0.027604166666666666 0.025
0 0.24140625 0.28425925925925927 0.03177083333333333 0.023148148148148147
0 0.27630208333333334 0.19166666666666668 0.05416666666666667 0.044444444444444446
0 0.3890625 0.12083333333333333 0.034895833333333334 0.06574074074074074
0 0.3802083333333333 0.1884259259259259 0.04739583333333333 0.016666666666666666
0 0.37135416666666665 0.20787037037037037 0.04583333333333333 0.025925925925925925
0 0.3177083333333333 0.23657407407407408 0.04010416666666667 0.025925925925925925
0 0.3671875 0.2337962962962963 0.05520833333333333 0.021296296296296296
0 0.36171875 0.2537037037037037 0.04010416666666667 0.016666666666666666
0 0.32473958333333336 0.26990740740740743 0.034895833333333334 0.046296296296296294
0 0.36302083333333335 0.27870370370370373 0.034895833333333334 0.024074074074074074
0 0.39479166666666665 0.2740740740740741 0.015104166666666667 0.017592592592592594
0 0.4203125 0.27361111111111114 0.0203125 0.018518518518518517
0 0.41796875 0.26342592592592595 0.0203125 0.019444444444444445
0 0.43463541666666666 0.23842592592592593 0.01875 0.017592592592592594
0 0.42630208333333336 0.2273148148148148 0.015625 0.017592592592592594
0 0.3958333333333333 0.21435185185185185 0.0140625 0.014814814814814815
0 0.41848958333333336 0.2125 0.018229166666666668 0.011111111111111112
0 0.43671875 0.20555555555555555 0.013541666666666667 0.012037037037037037
0 0.45807291666666666 0.22685185185185186 0.019270833333333334 0.012037037037037037
0 0.48151041666666666 0.2675925925925926 0.019791666666666666 0.022222222222222223
0 0.43776041666666665 0.28379629629629627 0.014583333333333334 0.012037037037037037
0 0.453125 0.29398148148148145 0.0203125 0.021296296296296296
0 0.42239583333333336 0.2967592592592593 0.013541666666666667 0.022222222222222223
0 0.43411458333333336 0.3023148148148148 0.014583333333333334 0.019444444444444445
0 0.47239583333333335 0.34120370370370373 0.021354166666666667 0.021296296296296296
0 0.5046875 0.28379629629629627 0.020833333333333332 0.018518518518518517
0 0.5088541666666667 0.23425925925925925 0.022395833333333334 0.01574074074074074
0 0.52265625 0.25601851851851853 0.017708333333333333 0.017592592592592594
0 0.5296875 0.19907407407407407 0.017708333333333333 0.018518518518518517
0 0.45338541666666665 0.36342592592592593 0.018229166666666668 0.023148148148148147
0 0.39375 0.38101851851851853 0.06458333333333334 0.08425925925925926
0 0.353125 0.3662037037037037 0.0328125 0.03518518518518519
0 0.3578125 0.4115740740740741 0.05364583333333333 0.05740740740740741
0 0.384375 0.4023148148148148 0.050520833333333334 0.05925925925925926
0 0.40338541666666666 0.34675925925925927 0.03854166666666667 0.04259259259259259
0 0.38723958333333336 0.3050925925925926 0.021875 0.022222222222222223
0 0.31614583333333335 0.30925925925925923 0.043229166666666666 0.025925925925925925
0 0.2838541666666667 0.3527777777777778 0.0515625 0.05462962962962963
0 0.31302083333333336 0.32916666666666666 0.01875 0.03148148148148148
0 0.28854166666666664 0.37916666666666665 0.057291666666666664 0.02962962962962963
0 0.27265625 0.4148148148148148 0.058854166666666666 0.05092592592592592
0 0.31796875 0.40694444444444444 0.06145833333333333 0.03425925925925926
0 0.32369791666666664 0.42777777777777776 0.05520833333333333 0.037037037037037035
0 0.31692708333333336 0.44907407407407407 0.0609375 0.037037037037037035
0 0.3494791666666667 0.4861111111111111 0.05520833333333333 0.08148148148148149
0 0.3424479166666667 0.5268518518518519 0.036458333333333336 0.1111111111111111
0 0.39947916666666666 0.5046296296296297 0.05625 0.06574074074074074
0 0.3971354166666667 0.4671296296296296 0.05677083333333333 0.05092592592592592
0 0.45625 0.44212962962962965 0.058854166666666666 0.06296296296296296
0 0.47994791666666664 0.4828703703703704 0.0390625 0.0787037037037037
0 0.46822916666666664 0.538425925925926 0.04791666666666667 0.10833333333333334
0 0.5192708333333333 0.5967592592592592 0.0828125 0.14166666666666666
0 0.53203125 0.42777777777777776 0.06927083333333334 0.05925925925925926
0 0.5911458333333334 0.43842592592592594 0.03697916666666667 0.09259259259259259
0 0.65546875 0.4305555555555556 0.053125 0.05740740740740741
0 0.6661458333333333 0.49444444444444446 0.04583333333333333 0.06666666666666667
0 0.7752604166666667 0.5824074074074074 0.046875 0.11481481481481481
0 0.72109375 0.34074074074074073 0.058854166666666666 0.09444444444444444
0 0.7080729166666667 0.3287037037037037 0.05260416666666667 0.07592592592592592
0 0.7947916666666667 0.3365740740740741 0.03697916666666667 0.06018518518518518
0 0.5661458333333333 0.23333333333333334 0.025 0.04351851851851852
0 0.59453125 0.21574074074074073 0.029166666666666667 0.03425925925925926
0 0.5700520833333333 0.2773148148148148 0.03802083333333333 0.06018518518518518
0 0.58046875 0.35509259259259257 0.065625 0.06296296296296296
0 0.5083333333333333 0.3375 0.027604166666666666 0.025
0 0.6708333333333333 0.26157407407407407 0.052083333333333336 0.046296296296296294
0 0.6765625 0.2111111111111111 0.027083333333333334 0.04814814814814815
0 0.7171875 0.20972222222222223 0.026041666666666668 0.03425925925925926
0 0.7377604166666667 0.2212962962962963 0.034375 0.03148148148148148
0 0.75859375 0.2300925925925926 0.027604166666666666 0.026851851851851852
0 0.78203125 0.25092592592592594 0.03229166666666667 0.03148148148148148
0 0.7880208333333333 0.22037037037037038 0.025520833333333333 0.028703703703703703
0 0.7786458333333334 0.16944444444444445 0.034375 0.025
0 0.78984375 0.14537037037037037 0.0265625 0.020370370370370372
0 0.8098958333333334 0.15046296296296297 0.016666666666666666 0.025925925925925925
0 0.7296875 0.1763888888888889 0.021875 0.03333333333333333
0 0.7705729166666667 0.13240740740740742 0.011979166666666667 0.03425925925925926
0 0.7458333333333333 0.14722222222222223 0.027083333333333334 0.030555555555555555
0 0.7091145833333333 0.15925925925925927 0.017708333333333333 0.03518518518518519
0 0.725 0.14953703703703702 0.0125 0.021296296296296296
0 0.7067708333333333 0.13240740740740742 0.026041666666666668 0.019444444444444445
0 0.6872395833333333 0.1476851851851852 0.0234375 0.028703703703703703
0 0.6932291666666667 0.11898148148148148 0.029166666666666667 0.028703703703703703
0 0.7252604166666666 0.11064814814814815 0.03333333333333333 0.026851851851851852
0 0.6598958333333333 0.13194444444444445 0.025520833333333333 0.02962962962962963
0 0.6661458333333333 0.18101851851851852 0.022395833333333334 0.030555555555555555
0 0.6309895833333333 0.1625 0.022916666666666665 0.016666666666666666
0 0.65 0.16527777777777777 0.020833333333333332 0.03888888888888889
0 0.6330729166666667 0.11203703703703703 0.026041666666666668 0.028703703703703703
0 0.46197916666666666 0.17731481481481481 0.016145833333333335 0.016666666666666666
0 0.47890625 0.17685185185185184 0.013020833333333334 0.016666666666666666
0 0.48072916666666665 0.16111111111111112 0.013020833333333334 0.014814814814814815
0 0.49270833333333336 0.1712962962962963 0.015625 0.011111111111111112
0 0.5088541666666667 0.17916666666666667 0.015104166666666667 0.013888888888888888
0 0.49661458333333336 0.19027777777777777 0.014583333333333334 0.018518518518518517
0 0.42604166666666665 0.18009259259259258 0.015104166666666667 0.013888888888888888
0 0.4544270833333333 0.15787037037037038 0.014583333333333334 0.016666666666666666
0 0.4666666666666667 0.14212962962962963 0.013020833333333334 0.014814814814814815
0 0.5645833333333333 0.15231481481481482 0.036458333333333336 0.021296296296296296
0 0.58046875 0.175 0.027083333333333334 0.05185185185185185
0 0.6229166666666667 0.2574074074074074 0.021354166666666667 0.04814814814814815
0 0.6614583333333334 0.0912037037037037 0.0296875 0.03888888888888889
0 0.6424479166666667 0.053703703703703705 0.024479166666666666 0.025925925925925925
0 0.6091145833333333 0.08981481481481482 0.021875 0.023148148148148147
0 0.590625 0.06157407407407407 0.0203125 0.020370370370370372
0 0.7106770833333333 0.0875 0.027083333333333334 0.024074074074074074
0 0.7411458333333333 0.07731481481481481 0.019270833333333334 0.028703703703703703
0 0.8333333333333334 0.17592592592592593 0.016666666666666666 0.023148148148148147
0 0.7940104166666667 0.19583333333333333 0.014583333333333334 0.023148148148148147
0 0.86171875 0.2722222222222222 0.033854166666666664 0.06296296296296296
0 0.8403645833333333 0.20601851851851852 0.018229166666666668 0.025
0 0.8981770833333333 0.32407407407407407 0.029166666666666667 0.06574074074074074
0 0.86171875 0.3296296296296296 0.053125 0.075
0 0.9291666666666667 0.3189814814814815 0.021875 0.06018518518518518
0 0.90859375 0.375 0.050520833333333334 0.06666666666666667
0 0.8971354166666666 0.4222222222222222 0.05677083333333333 0.06296296296296296
0 0.9421875 0.43333333333333335 0.044270833333333336 0.06296296296296296
0 0.9625 0.44907407407407407 0.016666666666666666 0.02962962962962963
0 0.9596354166666666 0.4930555555555556 0.04895833333333333 0.05462962962962963
0 0.9760416666666667 0.5472222222222223 0.04791666666666667 0.06388888888888888
0 0.9744791666666667 0.6180555555555556 0.051041666666666666 0.06944444444444445
0 0.9833333333333333 0.6935185185185185 0.03333333333333333 0.07685185185185185
0 0.92421875 0.6527777777777778 0.08177083333333333 0.08888888888888889
0 0.8278645833333333 0.7648148148148148 0.09322916666666667 0.11944444444444445
0 0.6416666666666667 0.8319444444444445 0.1140625 0.08981481481481482
0 0.5546875 0.8263888888888888 0.06145833333333333 0.12962962962962962
0 0.6096354166666667 0.9412037037037037 0.1171875 0.11203703703703703
0 0.3125 0.8555555555555555 0.11927083333333334 0.21666666666666667
0 0.3028645833333333 0.6523148148148148 0.06145833333333333 0.10092592592592593
0 0.24661458333333333 0.5833333333333334 0.0671875 0.13055555555555556
0 0.18229166666666666 0.5939814814814814 0.05416666666666667 0.13240740740740742
0 0.06875 0.6277777777777778 0.046875 0.03796296296296296
0 0.035416666666666666 0.6587962962962963 0.058854166666666666 0.05185185185185185
0 0.04869791666666667 0.5773148148148148 0.027604166666666666 0.05925925925925926
0 0.11640625 0.5425925925925926 0.043229166666666666 0.07592592592592592
0 0.07994791666666666 0.5347222222222222 0.043229166666666666 0.046296296296296294
0 0.12682291666666667 0.6314814814814815 0.0484375 0.09907407407407408
0 0.0265625 0.5606481481481481 0.03802083333333333 0.05740740740740741
0 0.021875 0.7148148148148148 0.042708333333333334 0.06296296296296296
0 0.0359375 0.8328703703703704 0.06822916666666666 0.0824074074074074
0 0.18828125 0.4935185185185185 0.04739583333333333 0.053703703703703705
0 0.4703125 0.3912037037037037 0.042708333333333334 0.05
0 0.26875 0.4875 0.058333333333333334 0.07222222222222222
0 0.31536458333333334 0.49675925925925923 0.04791666666666667 0.08148148148148149
0 0.8143229166666667 0.25092592592592594 0.027083333333333334 0.041666666666666664
0 0.9671875 0.2273148148148148 0.05520833333333333 0.05277777777777778
0 0.9380208333333333 0.17731481481481481 0.051041666666666666 0.05925925925925926
0 0.8942708333333333 0.13287037037037036 0.025520833333333333 0.03518518518518519
0 0.8619791666666666 0.11944444444444445 0.0390625 0.03796296296296296
0 0.9059895833333333 0.18425925925925926 0.029166666666666667 0.041666666666666664
0 0.9856770833333334 0.30787037037037035 0.028645833333333332 0.06944444444444445
0 0.21875 0.1449074074074074 0.015104166666666667 0.020370370370370372
0 0.22135416666666666 0.16666666666666666 0.017708333333333333 0.010185185185185186
0 0.23229166666666667 0.17175925925925925 0.0140625 0.022222222222222223
0 0.18203125 0.17824074074074073 0.03125 0.026851851851851852
0 0.45338541666666665 0.10648148148148148 0.021875 0.044444444444444446
0 0.46822916666666664 0.09583333333333334 0.016145833333333335 0.027777777777777776
0 0.46171875 0.08425925925925926 0.0171875 0.024074074074074074
0 0.47890625 0.07407407407407407 0.013020833333333334 0.027777777777777776
0 0.39505208333333336 0.08518518518518518 0.022395833333333334 0.05925925925925926
0 0.4752604166666667 0.2074074074074074 0.017708333333333333 0.024074074074074074
0 0.5557291666666667 0.12129629629629629 0.0359375 0.024074074074074074
0 0.5393229166666667 0.13842592592592592 0.035416666666666666 0.024074074074074074
0 0.5479166666666667 0.03287037037037037 0.026041666666666668 0.03518518518518519
0 0.5177083333333333 0.1638888888888889 0.013541666666666667 0.014814814814814815
0 0.5205729166666667 0.17453703703703705 0.019270833333333334 0.014814814814814815
0 0.5065104166666666 0.15601851851851853 0.011979166666666667 0.020370370370370372
0 0.5388020833333333 0.1912037037037037 0.009895833333333333 0.018518518518518517
0 0.4244791666666667 0.13425925925925927 0.009895833333333333 0.016666666666666666
0 0.42526041666666664 0.15046296296296297 0.0203125 0.009259259259259259
0 0.42213541666666665 0.15694444444444444 0.041666666666666664 0.011111111111111112
0 0.40546875 0.16805555555555557 0.0203125 0.008333333333333333
0 0.396875 0.1527777777777778 0.015625 0.024074074074074074
0 0.41015625 0.19027777777777777 0.008333333333333333 0.012962962962962963