0 0.19401041666666666 0.48518518518518516 0.15729166666666666 0.09074074074074075
0 0.12890625 0.13657407407407407 0.11041666666666666 0.13148148148148148
0 0.026041666666666668 0.04398148148148148 0.043229166666666666 0.08518518518518518
0 0.03984375 0.14027777777777778 0.058854166666666666 0.08981481481481482
0 0.06041666666666667 0.04861111111111111 0.058333333333333334 0.09074074074074075
0 0.09947916666666666 0.040740740740740744 0.04791666666666667 0.07592592592592592
0 0.24036458333333333 0.2212962962962963 0.08177083333333333 0.1037037037037037
0 0.16536458333333334 0.24537037037037038 0.084375 0.06481481481481481
0 0.40625 0.8671296296296296 0.11302083333333333 0.11388888888888889
0 0.8020833333333334 0.5 0.0921875 0.16018518518518518
0 0.7778645833333333 0.6699074074074074 0.109375 0.08981481481481482
0 0.78515625 0.7870370370370371 0.08229166666666667 0.18518518518518517
0 0.9080729166666667 0.7578703703703704 0.08177083333333333 0.20092592592592592
0 0.6828125 0.9013888888888889 0.12604166666666666 0.1824074074074074
0 0.7994791666666666 0.9569444444444445 0.14583333333333334 0.08611111111111111
0 0.9786458333333333 0.9162037037037037 0.042708333333333334 0.1361111111111111
0 0.7872395833333333 0.30185185185185187 0.07447916666666667 0.17407407407407408
0 0.8638020833333333 0.2763888888888889 0.08489583333333334 0.09259259259259259
0 0.8190104166666666 0.1736111111111111 0.07708333333333334 0.07592592592592592
0 0.8177083333333334 0.22083333333333333 0.078125 0.058333333333333334
0 0.85234375 0.18194444444444444 0.0296875 0.037037037037037035
0 0.9145833333333333 0.21157407407407408 0.0703125 0.07685185185185185
0 0.8908854166666667 0.049074074074074076 0.0390625 0.08055555555555556
0 0.9044270833333333 0.12962962962962962 0.06458333333333334 0.06759259259259259
0 0.9505208333333334 0.15046296296296297 0.03854166666666667 0.07592592592592592
0 0.8619791666666666 0.08518518518518518 0.043229166666666666 0.049074074074074076
0 0.9864583333333333 0.0412037037037037 0.022916666666666665 0.02962962962962963
0 0.9653645833333333 0.09907407407407408 0.01875 0.03796296296296296
0 0.95078125 0.07824074074074074 0.018229166666666668 0.037037037037037035
0 0.9455729166666667 0.016203703703703703 0.022916666666666665 0.030555555555555555
0 0.6729166666666667 0.10740740740740741 0.040625 0.044444444444444446
0 0.6486979166666667 0.07083333333333333 0.049479166666666664 0.04722222222222222
0 0.6765625 0.04027777777777778 0.052083333333333336 0.05277777777777778
0 0.71640625 0.06435185185185185 0.03177083333333333 0.04351851851851852
0 0.7276041666666667 0.13518518518518519 0.0453125 0.06388888888888888
0 0.6166666666666667 0.3074074074074074 0.0734375 0.08981481481481482
0 0.6255208333333333 0.2 0.04479166666666667 0.08333333333333333
0 0.6111979166666667 0.15231481481481482 0.04479166666666667 0.05925925925925926
0 0.6635416666666667 0.17407407407407408 0.05364583333333333 0.1
0 0.7080729166666667 0.17314814814814813 0.0421875 0.06944444444444445
0 0.5880208333333333 0.09953703703703703 0.0453125 0.044444444444444446
0 0.6309895833333333 0.10740740740740741 0.03177083333333333 0.04722222222222222
0 0.6908854166666667 0.24953703703703703 0.0609375 0.062037037037037036
0 0.553125 0.21342592592592594 0.0296875 0.04259259259259259
0 0.5729166666666666 0.18703703703703703 0.034375 0.04722222222222222
0 0.5385416666666667 0.10416666666666667 0.0203125 0.030555555555555555
0 0.5729166666666666 0.059722222222222225 0.06041666666666667 0.04259259259259259
0 0.5825520833333333 0.028703703703703703 0.03697916666666667 0.03981481481481482
0 0.5442708333333334 0.2625 0.025 0.03425925925925926
0 0.59140625 0.24027777777777778 0.04583333333333333 0.04351851851851852
0 0.55234375 0.29444444444444445 0.05572916666666667 0.05
0 0.40390625 0.24259259259259258 0.052083333333333336 0.09722222222222222
0 0.40598958333333335 0.3296296296296296 0.0703125 0.10740740740740741
0 0.5799479166666667 0.38472222222222224 0.0609375 0.075
0 0.590625 0.48194444444444445 0.08854166666666667 0.09814814814814815
0 0.4828125 0.35694444444444445 0.06510416666666667 0.15092592592592594
0 0.4674479166666667 0.26296296296296295 0.05520833333333333 0.05925925925925926
0 0.44765625 0.20694444444444443 0.0296875 0.021296296296296296
0 0.4786458333333333 0.2263888888888889 0.059375 0.044444444444444446
0 0.478125 0.14351851851851852 0.050520833333333334 0.049074074074074076
0 0.48125 0.175 0.04635416666666667 0.044444444444444446
0 0.5450520833333333 0.14444444444444443 0.075 0.06296296296296296
0 0.52421875 0.18611111111111112 0.04635416666666667 0.03425925925925926
0 0.5111979166666667 0.19490740740740742 0.035416666666666666 0.03148148148148148
0 0.5502604166666667 0.35462962962962963 0.051041666666666666 0.08518518518518518
0 0.48854166666666665 0.08287037037037037 0.04791666666666667 0.07314814814814814
0 0.5234375 0.06944444444444445 0.046875 0.05555555555555555
0 0.46015625 0.10601851851851851 0.0328125 0.08981481481481482
0 0.43020833333333336 0.08657407407407407 0.030208333333333334 0.10925925925925926
0 0.4005208333333333 0.08425925925925926 0.042708333333333334 0.06944444444444445
0 0.15338541666666666 0.03333333333333333 0.0453125 0.05555555555555555
0 0.7578125 0.08657407407407407 0.042708333333333334 0.03981481481481482
0 0.7690104166666667 0.03657407407407407 0.042708333333333334 0.037037037037037035
0 0.7091145833333333 0.015277777777777777 0.0171875 0.016666666666666666
0 0.8177083333333334 0.12222222222222222 0.03177083333333333 0.06111111111111111
0 0.9799479166666667 0.08564814814814815 0.024479166666666666 0.025925925925925925
0 0.35130208333333335 0.12407407407407407 0.05260416666666667 0.05462962962962963