0 0.9111979166666667 0.038425925925925926 0.0078125 0.013888888888888888
0 0.91953125 0.02824074074074074 0.015625 0.022222222222222223
0 0.8984375 0.05 0.016666666666666666 0.027777777777777776
0 0.8609375 0.04861111111111111 0.027604166666666666 0.020370370370370372
0 0.8208333333333333 0.032407407407407406 0.022395833333333334 0.05185185185185185
0 0.8098958333333334 0.04953703703703704 0.029166666666666667 0.049074074074074076
0 0.7947916666666667 0.0824074074074074 0.030208333333333334 0.05648148148148148
0 0.9578125 0.09722222222222222 0.030729166666666665 0.03796296296296296
0 0.9763020833333333 0.08287037037037037 0.028645833333333332 0.03333333333333333
0 0.9286458333333333 0.10972222222222222 0.028125 0.025
0 0.8794270833333333 0.09768518518518518 0.018229166666666668 0.023148148148148147
0 0.8544270833333333 0.08796296296296297 0.030208333333333334 0.027777777777777776
0 0.8630208333333333 0.075 0.028125 0.018518518518518517
0 0.84296875 0.05648148148148148 0.0359375 0.023148148148148147
0 0.8763020833333334 0.01898148148148148 0.023958333333333335 0.008333333333333333
0 0.81015625 0.1388888888888889 0.033854166666666664 0.06851851851851852
0 0.8510416666666667 0.14351851851851852 0.036458333333333336 0.025925925925925925
0 0.88125 0.14074074074074075 0.0265625 0.03611111111111111
0 0.9364583333333333 0.15555555555555556 0.03802083333333333 0.021296296296296296
0 0.9359375 0.1337962962962963 0.024479166666666666 0.01574074074074074
0 0.9080729166666667 0.1361111111111111 0.020833333333333332 0.03611111111111111
0 0.8526041666666667 0.2013888888888889 0.03125 0.041666666666666664
0 0.8721354166666667 0.21203703703703702 0.028645833333333332 0.044444444444444446
0 0.9083333333333333 0.19490740740740742 0.0203125 0.032407407407407406
0 0.9231770833333334 0.20324074074074075 0.027083333333333334 0.046296296296296294
0 0.9481770833333333 0.20972222222222223 0.01875 0.062037037037037036
0 0.9658854166666667 0.14351851851851852 0.042708333333333334 0.022222222222222223
0 0.9861979166666667 0.17407407407407408 0.027604166666666666 0.05462962962962963
0 0.9817708333333334 0.2111111111111111 0.036458333333333336 0.025925925925925925
0 0.9901041666666667 0.25972222222222224 0.019791666666666666 0.06388888888888888
0 0.996875 0.11805555555555555 0.00625 0.06666666666666667
0 0.9463541666666667 0.28425925925925927 0.04479166666666667 0.041666666666666664
0 0.92734375 0.25046296296296294 0.03958333333333333 0.03611111111111111
0 0.8739583333333333 0.24814814814814815 0.041666666666666664 0.025925925925925925
0 0.8442708333333333 0.22916666666666666 0.014583333333333334 0.011111111111111112
0 0.8463541666666666 0.2518518518518518 0.03802083333333333 0.030555555555555555
0 0.8221354166666667 0.26157407407407407 0.023958333333333335 0.016666666666666666
0 0.81796875 0.23796296296296296 0.027604166666666666 0.020370370370370372
0 0.7984375 0.19675925925925927 0.052083333333333336 0.03796296296296296
0 0.7557291666666667 0.16342592592592592 0.04739583333333333 0.03888888888888889
0 0.7638020833333333 0.12731481481481483 0.022395833333333334 0.05740740740740741
0 0.7346354166666667 0.20416666666666666 0.03177083333333333 0.026851851851851852
0 0.775 0.225 0.0359375 0.013888888888888888
0 0.7518229166666667 0.24351851851851852 0.034375 0.019444444444444445
0 0.7885416666666667 0.25324074074074077 0.0375 0.03333333333333333
0 0.7942708333333334 0.2708333333333333 0.03697916666666667 0.03611111111111111
0 0.7372395833333333 0.2851851851851852 0.034895833333333334 0.025
0 0.7130208333333333 0.2337962962962963 0.034375 0.022222222222222223
0 0.7059895833333333 0.26064814814814813 0.05572916666666667 0.02962962962962963
0 0.70625 0.2759259259259259 0.009895833333333333 0.058333333333333334
0 0.67421875 0.27870370370370373 0.0390625 0.025925925925925925
0 0.6625 0.2916666666666667 0.049479166666666664 0.022222222222222223
0 0.6609375 0.30925925925925923 0.04010416666666667 0.032407407407407406
0 0.6911458333333333 0.3314814814814815 0.041666666666666664 0.025
0 0.7515625 0.31157407407407406 0.05520833333333333 0.02962962962962963
0 0.8130208333333333 0.31666666666666665 0.052083333333333336 0.04259259259259259
0 0.8661458333333333 0.3439814814814815 0.0625 0.07777777777777778
0 0.8903645833333333 0.3212962962962963 0.06770833333333333 0.05555555555555555
0 0.88125 0.2777777777777778 0.05625 0.03796296296296296
0 0.8096354166666667 0.35648148148148145 0.034895833333333334 0.05555555555555555
0 0.775 0.35833333333333334 0.033854166666666664 0.06574074074074074
0 0.7791666666666667 0.3888888888888889 0.0625 0.04259259259259259
0 0.7270833333333333 0.399537037037037 0.0453125 0.04814814814814815
0 0.7091145833333333 0.36527777777777776 0.057291666666666664 0.05740740740740741
0 0.684375 0.3398148148148148 0.022395833333333334 0.025925925925925925
0 0.6830729166666667 0.399537037037037 0.034895833333333334 0.08425925925925926
0 0.6486979166666667 0.35 0.041666666666666664 0.024074074074074074
0 0.6338541666666667 0.4310185185185185 0.05572916666666667 0.11481481481481481
0 0.7114583333333333 0.46944444444444444 0.0609375 0.06111111111111111
0 0.7716145833333333 0.4324074074074074 0.05 0.06851851851851852
0 0.88984375 0.425 0.06197916666666667 0.11018518518518519
0 0.9356770833333333 0.4759259259259259 0.07135416666666666 0.08703703703703704
0 0.9526041666666667 0.5833333333333334 0.0796875 0.06944444444444445
0 0.7114583333333333 0.5574074074074075 0.06302083333333333 0.09814814814814815
0 0.5802083333333333 0.6046296296296296 0.09427083333333333 0.18611111111111112
0 0.5213541666666667 0.6263888888888889 0.05520833333333333 0.1648148148148148
0 0.4890625 0.7444444444444445 0.10677083333333333 0.21944444444444444
0 0.41510416666666666 0.8791666666666667 0.11145833333333334 0.1537037037037037
0 0.33697916666666666 0.9726851851851852 0.1234375 0.05462962962962963
0 0.6802083333333333 0.8217592592592593 0.08489583333333334 0.12037037037037036
0 0.7575520833333333 0.9523148148148148 0.08125 0.09537037037037037
0 0.92109375 0.8064814814814815 0.1109375 0.08981481481481482
0 0.9822916666666667 0.8310185185185185 0.035416666666666666 0.16666666666666666
0 0.6830729166666667 0.07824074074074074 0.025520833333333333 0.03611111111111111
0 0.6572916666666667 0.06388888888888888 0.022916666666666665 0.03148148148148148
0 0.6177083333333333 0.06944444444444445 0.04895833333333333 0.03333333333333333
0 0.6109375 0.09814814814814815 0.04114583333333333 0.019444444444444445
0 0.6557291666666667 0.0962962962962963 0.025520833333333333 0.022222222222222223
0 0.6880208333333333 0.09953703703703703 0.034375 0.01574074074074074
0 0.715625 0.02546296296296296 0.03333333333333333 0.023148148148148147
0 0.7481770833333333 0.059722222222222225 0.015625 0.025
0 0.7591145833333334 0.04814814814814815 0.008333333333333333 0.019444444444444445
0 0.7252604166666666 0.06805555555555555 0.021354166666666667 0.017592592592592594
0 0.66171875 0.14537037037037037 0.04010416666666667 0.03333333333333333
0 0.6364583333333333 0.13796296296296295 0.021875 0.010185185185185186
0 0.62890625 0.12638888888888888 0.023958333333333335 0.008333333333333333
0 0.6203125 0.14907407407407408 0.0296875 0.020370370370370372
0 0.6361979166666667 0.16712962962962963 0.028645833333333332 0.027777777777777776
0 0.6546875 0.18888888888888888 0.028645833333333332 0.046296296296296294
0 0.68203125 0.16157407407407406 0.024479166666666666 0.03518518518518519
0 0.7046875 0.13472222222222222 0.025 0.027777777777777776
0 0.5471354166666667 0.0875 0.04114583333333333 0.02962962962962963
0 0.5388020833333333 0.10462962962962963 0.036458333333333336 0.025
0 0.5697916666666667 0.11481481481481481 0.04114583333333333 0.013888888888888888
0 0.56171875 0.06712962962962964 0.015104166666666667 0.03148148148148148
0 0.578125 0.07453703703703704 0.024479166666666666 0.03981481481481482
0 0.5375 0.0587962962962963 0.022916666666666665 0.03981481481481482
0 0.5200520833333333 0.05740740740740741 0.022395833333333334 0.04259259259259259
0 0.5916666666666667 0.03333333333333333 0.024479166666666666 0.03148148148148148
0 0.6109375 0.03564814814814815 0.0171875 0.03611111111111111
0 0.57421875 0.032407407407407406 0.0171875 0.027777777777777776
0 0.5828125 0.03888888888888889 0.027604166666666666 0.013888888888888888
0 0.5895833333333333 0.05 0.029166666666666667 0.014814814814814815
0 0.6361979166666667 0.0412037037037037 0.016666666666666666 0.025925925925925925
0 0.6591145833333333 0.04351851851851852 0.017708333333333333 0.018518518518518517
0 0.5276041666666667 0.12685185185185185 0.026041666666666668 0.026851851851851852
0 0.5677083333333334 0.14305555555555555 0.03854166666666667 0.028703703703703703
0 0.5932291666666667 0.1625 0.0109375 0.028703703703703703
0 0.5723958333333333 0.17777777777777778 0.03229166666666667 0.040740740740740744
0 0.5940104166666667 0.18611111111111112 0.0203125 0.03518518518518519
0 0.58046875 0.21203703703703702 0.04114583333333333 0.032407407407407406
0 0.5177083333333333 0.1726851851851852 0.03697916666666667 0.03981481481481482
0 0.48125 0.16527777777777777 0.03333333333333333 0.037037037037037035
0 0.49296875 0.13703703703703704 0.0296875 0.013888888888888888
0 0.44583333333333336 0.17037037037037037 0.041666666666666664 0.049074074074074076
0 0.478125 0.12453703703703704 0.028125 0.03518518518518519
0 0.46067708333333335 0.10092592592592593 0.029166666666666667 0.040740740740740744
0 0.49635416666666665 0.2050925925925926 0.050520833333333334 0.03888888888888889
0 0.46953125 0.22361111111111112 0.043229166666666666 0.03888888888888889
0 0.5315104166666667 0.21712962962962962 0.03125 0.03981481481481482
0 0.5450520833333333 0.23981481481481481 0.011979166666666667 0.023148148148148147
0 0.5309895833333333 0.25555555555555554 0.04479166666666667 0.03796296296296296
0 0.4825520833333333 0.2523148148148148 0.01875 0.017592592592592594
0 0.47760416666666666 0.26064814814814813 0.053125 0.030555555555555555
0 0.4393229166666667 0.26481481481481484 0.035416666666666666 0.024074074074074074
0 0.45234375 0.28703703703703703 0.034895833333333334 0.022222222222222223
0 0.47578125 0.29398148148148145 0.023958333333333335 0.030555555555555555
0 0.6223958333333334 0.23148148148148148 0.016145833333333335 0.03888888888888889
0 0.60703125 0.23657407407407408 0.013541666666666667 0.037037037037037035
0 0.5763020833333333 0.25555555555555554 0.027083333333333334 0.030555555555555555
0 0.58984375 0.27361111111111114 0.040625 0.02962962962962963
0 0.5682291666666667 0.2884259259259259 0.05416666666666667 0.03981481481481482
0 0.5317708333333333 0.30787037037037035 0.04791666666666667 0.023148148148148147
0 0.4817708333333333 0.32731481481481484 0.0484375 0.03796296296296296
0 0.45651041666666664 0.3162037037037037 0.04375 0.032407407407407406
0 0.39427083333333335 0.3013888888888889 0.0453125 0.05185185185185185
0 0.4036458333333333 0.27175925925925926 0.023958333333333335 0.018518518518518517
0 0.4265625 0.29768518518518516 0.0375 0.03611111111111111
0 0.40546875 0.3337962962962963 0.03802083333333333 0.04814814814814815
0 0.421875 0.3509259259259259 0.058854166666666666 0.05462962962962963
0 0.41640625 0.22916666666666666 0.05416666666666667 0.04259259259259259
0 0.40234375 0.19675925925925927 0.043229166666666666 0.03796296296296296
0 0.38203125 0.18611111111111112 0.03854166666666667 0.027777777777777776
0 0.4114583333333333 0.1699074074074074 0.022916666666666665 0.05462962962962963
0 0.44505208333333335 0.1986111111111111 0.0484375 0.022222222222222223
0 0.3734375 0.24953703703703703 0.035416666666666666 0.06574074074074074
0 0.33697916666666666 0.24953703703703703 0.04895833333333333 0.04814814814814815
0 0.31328125 0.23333333333333334 0.04010416666666667 0.04259259259259259
0 0.3515625 0.31296296296296294 0.04375 0.11388888888888889
0 0.240625 0.3277777777777778 0.05572916666666667 0.06944444444444445
0 0.3015625 0.33611111111111114 0.04114583333333333 0.044444444444444446
0 0.3346354166666667 0.36898148148148147 0.041666666666666664 0.05092592592592592
0 0.2877604166666667 0.37916666666666665 0.04895833333333333 0.03425925925925926
0 0.2596354166666667 0.37037037037037035 0.050520833333333334 0.04814814814814815
0 0.21145833333333333 0.399537037037037 0.0421875 0.05185185185185185
0 0.3890625 0.3990740740740741 0.0375 0.03425925925925926
0 0.42135416666666664 0.3962962962962963 0.04375 0.037037037037037035
0 0.4708333333333333 0.3939814814814815 0.043229166666666666 0.03888888888888889
0 0.5299479166666666 0.34953703703703703 0.044270833333333336 0.012962962962962963
0 0.54453125 0.3675925925925926 0.0421875 0.009259259259259259
0 0.58046875 0.3212962962962963 0.044270833333333336 0.024074074074074074
0 0.56171875 0.3351851851851852 0.03958333333333333 0.017592592592592594
0 0.53515625 0.3907407407407407 0.03697916666666667 0.032407407407407406
0 0.51015625 0.4152777777777778 0.034895833333333334 0.05277777777777778
0 0.5075520833333333 0.4777777777777778 0.041666666666666664 0.06944444444444445
0 0.47109375 0.47638888888888886 0.0328125 0.07037037037037037
0 0.4296875 0.4388888888888889 0.05520833333333333 0.08981481481481482
0 0.45598958333333334 0.42268518518518516 0.04635416666666667 0.05462962962962963
0 0.3885416666666667 0.4550925925925926 0.030208333333333334 0.08611111111111111
0 0.42864583333333334 0.49907407407407406 0.07864583333333333 0.0824074074074074
0 0.36614583333333334 0.5342592592592592 0.05520833333333333 0.08333333333333333
0 0.3859375 0.5935185185185186 0.07395833333333333 0.08981481481481482
0 0.3296875 0.6884259259259259 0.06614583333333333 0.11296296296296296
0 0.32421875 0.4398148148148148 0.07135416666666666 0.075
0 0.35625 0.4046296296296296 0.04635416666666667 0.046296296296296294
0 0.2640625 0.45 0.071875 0.05555555555555555
0 0.23177083333333334 0.47962962962962963 0.0609375 0.05555555555555555
0 0.19609375 0.5157407407407407 0.05520833333333333 0.14907407407407408
0 0.1046875 0.4976851851851852 0.0515625 0.11666666666666667
0 0.13671875 0.512962962962963 0.053125 0.05740740740740741
0 0.08828125 0.46944444444444444 0.057291666666666664 0.07407407407407407
0 0.121875 0.41712962962962963 0.05572916666666667 0.06944444444444445
0 0.16927083333333334 0.36435185185185187 0.044270833333333336 0.07037037037037037
0 0.0265625 0.5365740740740741 0.04479166666666667 0.0962962962962963
0 0.038802083333333334 0.7111111111111111 0.07760416666666667 0.14166666666666666
0 0.02578125 0.4217592592592593 0.0515625 0.08796296296296297
0 0.06354166666666666 0.36435185185185187 0.052083333333333336 0.09351851851851851
0 0.071875 0.30694444444444446 0.049479166666666664 0.05555555555555555
0 0.037760416666666664 0.30277777777777776 0.03177083333333333 0.0787037037037037
0 0.022916666666666665 0.2449074074074074 0.04583333333333333 0.06574074074074074
0 0.009895833333333333 0.29583333333333334 0.018229166666666668 0.058333333333333334
0 0.05963541666666667 0.2101851851851852 0.022916666666666665 0.10740740740740741
0 0.1171875 0.18935185185185185 0.03333333333333333 0.08611111111111111
0 0.16953125 0.2865740740740741 0.052083333333333336 0.08148148148148149
0 0.19505208333333332 0.17222222222222222 0.0421875 0.04351851851851852
0 0.22447916666666667 0.1675925925925926 0.0328125 0.03796296296296296
0 0.24166666666666667 0.20185185185185187 0.040625 0.012962962962962963
0 0.23307291666666666 0.22407407407407406 0.0453125 0.022222222222222223
0 0.24479166666666666 0.22546296296296298 0.0515625 0.024074074074074074
0 0.23255208333333333 0.25277777777777777 0.030208333333333334 0.022222222222222223
0 0.28177083333333336 0.16342592592592592 0.03177083333333333 0.04537037037037037
0 0.30416666666666664 0.18425925925925926 0.04010416666666667 0.027777777777777776
0 0.29973958333333334 0.14675925925925926 0.023958333333333335 0.03796296296296296
0 0.2520833333333333 0.12546296296296297 0.03177083333333333 0.025
0 0.33828125 0.12731481481481483 0.0359375 0.019444444444444445
0 0.36354166666666665 0.1412037037037037 0.027604166666666666 0.013888888888888888
0 0.3411458333333333 0.1574074074074074 0.025520833333333333 0.03518518518518519
0 0.42630208333333336 0.030555555555555555 0.0296875 0.05925925925925926
0 0.3736979166666667 0.08148148148148149 0.024479166666666666 0.03796296296296296
0 0.38984375 0.08703703703703704 0.028125 0.05277777777777778
0 0.384375 0.7767962962962963 0.06061979166666672 0.14400925925925923
0 0.4305104166666667 0.6656851851851853 0.0681302083333333 0.10872222222222229
0 0.47476562499999997 0.5660277777777777 0.09119791666666661 0.06580555555555549