0 0.08645833333333333 0.03935185185185185 0.03125 0.03425925925925926
0 0.0609375 0.03518518518518519 0.04010416666666667 0.05925925925925926
0 0.047135416666666666 0.024537037037037038 0.03125 0.049074074074074076
0 0.06328125 0.07685185185185185 0.04479166666666667 0.03425925925925926
0 0.11067708333333333 0.05555555555555555 0.04479166666666667 0.044444444444444446
0 0.10703125 0.014814814814814815 0.03125 0.02962962962962963
0 0.14010416666666667 0.013888888888888888 0.042708333333333334 0.027777777777777776
0 0.178125 0.04722222222222222 0.040625 0.04351851851851852
0 0.13541666666666666 0.07083333333333333 0.0359375 0.049074074074074076
0 0.11067708333333333 0.10138888888888889 0.05 0.07037037037037037
0 0.1546875 0.09398148148148149 0.04010416666666667 0.06666666666666667
0 0.05911458333333333 0.10324074074074074 0.052083333333333336 0.046296296296296294
0 0.039322916666666666 0.12314814814814815 0.034375 0.058333333333333334
0 0.013802083333333333 0.14074074074074075 0.027604166666666666 0.07962962962962963
0 0.051041666666666666 0.14444444444444443 0.0390625 0.062037037037037036
0 0.034375 0.17962962962962964 0.04375 0.07962962962962963
0 0.0703125 0.14953703703703702 0.03125 0.03796296296296296
0 0.08567708333333333 0.18611111111111112 0.040625 0.06296296296296296
0 0.07942708333333333 0.22546296296296298 0.03854166666666667 0.08055555555555556
0 0.14036458333333332 0.1814814814814815 0.058333333333333334 0.04814814814814815
0 0.18255208333333334 0.1449074074074074 0.04635416666666667 0.058333333333333334
0 0.01796875 0.2388888888888889 0.0359375 0.040740740740740744
0 0.01015625 0.21064814814814814 0.0203125 0.026851851851851852
0 0.0140625 0.2625 0.028125 0.019444444444444445
0 0.0203125 0.2791666666666667 0.040625 0.023148148148148147
0 0.0703125 0.2902777777777778 0.05677083333333333 0.05648148148148148
0 0.029947916666666668 0.31712962962962965 0.059895833333333336 0.05740740740740741
0 0.027083333333333334 0.3685185185185185 0.05416666666666667 0.05740740740740741
0 0.0390625 0.41203703703703703 0.06614583333333333 0.07222222222222222
0 0.1046875 0.3375 0.059375 0.06851851851851852
0 0.121875 0.36666666666666664 0.04895833333333333 0.07777777777777778
0 0.08697916666666666 0.39814814814814814 0.05260416666666667 0.05555555555555555
0 0.01953125 0.4597222222222222 0.0390625 0.030555555555555555
0 0.057291666666666664 0.5060185185185185 0.06614583333333333 0.08333333333333333
0 0.01171875 0.48518518518518516 0.0234375 0.03425925925925926
0 0.022395833333333334 0.5180555555555556 0.04479166666666667 0.03888888888888889
0 0.0390625 0.5726851851851852 0.06875 0.07037037037037037
0 0.020052083333333335 0.6171296296296296 0.04010416666666667 0.1175925925925926
0 0.03723958333333333 0.712037037037037 0.06614583333333333 0.09814814814814815
0 0.031510416666666666 0.9074074074074074 0.06302083333333333 0.16296296296296298
0 0.09140625 0.8055555555555556 0.06510416666666667 0.15833333333333333
0 0.15598958333333332 0.7092592592592593 0.09895833333333333 0.12407407407407407
0 0.19583333333333333 0.6046296296296296 0.09739583333333333 0.08518518518518518
0 0.24010416666666667 0.6620370370370371 0.08802083333333334 0.07592592592592592
0 0.25885416666666666 0.7236111111111111 0.10364583333333334 0.075
0 0.20625 0.8050925925925926 0.09010416666666667 0.10833333333333334
0 0.16770833333333332 0.8759259259259259 0.08020833333333334 0.13333333333333333
0 0.1046875 0.9694444444444444 0.12135416666666667 0.06111111111111111
0 0.221875 0.9314814814814815 0.08541666666666667 0.13518518518518519
0 0.28151041666666665 0.9175925925925926 0.08177083333333333 0.15555555555555556
0 0.3028645833333333 0.799074074074074 0.09635416666666667 0.1037037037037037
0 0.33619791666666665 0.6851851851851852 0.10364583333333334 0.11851851851851852
0 0.32760416666666664 0.6180555555555556 0.07447916666666667 0.09166666666666666
0 0.36432291666666666 0.5893518518518519 0.07447916666666667 0.07685185185185185
0 0.3768229166666667 0.5444444444444444 0.08697916666666666 0.08425925925925926
0 0.4278645833333333 0.6458333333333334 0.08645833333333333 0.11203703703703703
0 0.46875 0.5703703703703704 0.07239583333333334 0.09537037037037037
0 0.4940104166666667 0.6560185185185186 0.059375 0.09259259259259259
0 0.40989583333333335 0.7217592592592592 0.06927083333333334 0.10185185185185185
0 0.3880208333333333 0.8055555555555556 0.075 0.12314814814814815
0 0.35442708333333334 0.9023148148148148 0.08385416666666666 0.10092592592592593
0 0.4078125 0.9523148148148148 0.08854166666666667 0.08518518518518518
0 0.46067708333333335 0.8861111111111111 0.09583333333333334 0.08703703703703704
0 0.45078125 0.7949074074074074 0.07083333333333333 0.10833333333333334
0 0.4875 0.7523148148148148 0.08385416666666666 0.09166666666666666
0 0.528125 0.8768518518518519 0.057291666666666664 0.13148148148148148
0 0.49609375 0.9712962962962963 0.134375 0.053703703703703705
0 0.5966145833333333 0.9476851851851852 0.10104166666666667 0.09814814814814815
0 0.58125 0.8074074074074075 0.07760416666666667 0.125
0 0.5497395833333333 0.7222222222222222 0.08489583333333334 0.09166666666666666
0 0.55078125 0.6347222222222222 0.06302083333333333 0.11203703703703703
0 0.5502604166666667 0.5518518518518518 0.09791666666666667 0.1
0 0.6127604166666667 0.6449074074074074 0.06666666666666667 0.0962962962962963
0 0.62734375 0.7282407407407407 0.058333333333333334 0.10555555555555556
0 0.68046875 0.8106481481481481 0.09947916666666666 0.13055555555555556
0 0.6588541666666666 0.8773148148148148 0.10104166666666667 0.11388888888888889
0 0.6815104166666667 0.9523148148148148 0.09010416666666667 0.09351851851851851
0 0.7796875 0.9527777777777777 0.09583333333333334 0.09444444444444444
0 0.7205729166666667 0.762962962962963 0.06354166666666666 0.17777777777777778
0 0.6919270833333333 0.6861111111111111 0.07760416666666667 0.08055555555555556
0 0.67109375 0.6050925925925926 0.07708333333333334 0.1361111111111111
0 0.7317708333333334 0.5847222222222223 0.04375 0.12037037037037036
0 0.7744791666666667 0.6328703703703704 0.04635416666666667 0.13425925925925927
0 0.73984375 0.6763888888888889 0.07708333333333334 0.1175925925925926
0 0.6307291666666667 0.5125 0.06614583333333333 0.10648148148148148
0 0.6416666666666667 0.43194444444444446 0.08489583333333334 0.07314814814814814
0 0.7046875 0.4787037037037037 0.10520833333333333 0.10185185185185185
0 0.48541666666666666 0.4337962962962963 0.06041666666666667 0.12962962962962962
0 0.4466145833333333 0.4027777777777778 0.0625 0.11944444444444445
0 0.3065104166666667 0.46111111111111114 0.08385416666666666 0.10740740740740741
0 0.22578125 0.46111111111111114 0.09583333333333334 0.2
0 0.18567708333333333 0.45092592592592595 0.06770833333333333 0.08703703703703704
0 0.24583333333333332 0.37546296296296294 0.0390625 0.14722222222222223
0 0.20442708333333334 0.3300925925925926 0.04895833333333333 0.09907407407407408
0 0.13125 0.25787037037037036 0.04635416666666667 0.09074074074074075
0 0.18802083333333333 0.25416666666666665 0.05416666666666667 0.09722222222222222
0 0.24036458333333333 0.25 0.051041666666666666 0.11481481481481481
0 0.28828125 0.25416666666666665 0.059895833333333336 0.1537037037037037
0 0.8 0.5875 0.09114583333333333 0.0824074074074074
0 0.85234375 0.6504629629629629 0.09635416666666667 0.10925925925925926
0 0.8815104166666666 0.8587962962962963 0.090625 0.15185185185185185
0 0.8502604166666666 0.5347222222222222 0.07552083333333333 0.09907407407407408
0 0.978125 0.4300925925925926 0.04375 0.14537037037037037
0 0.5515625 0.28379629629629627 0.0546875 0.10555555555555556
0 0.6036458333333333 0.18009259259259258 0.059895833333333336 0.09351851851851851
0 0.6244791666666667 0.21388888888888888 0.034895833333333334 0.05462962962962963
0 0.70390625 0.17407407407407408 0.07447916666666667 0.053703703703703705
0 0.7622395833333333 0.2310185185185185 0.042708333333333334 0.075
0 0.7174479166666666 0.23194444444444445 0.050520833333333334 0.049074074074074076
0 0.6947916666666667 0.25462962962962965 0.065625 0.0712962962962963
0 0.6619791666666667 0.22962962962962963 0.04479166666666667 0.062037037037037036
0 0.6296875 0.2722222222222222 0.046875 0.08611111111111111
0 0.7049479166666667 0.10694444444444444 0.06875 0.075
0 0.5505208333333333 0.09537037037037037 0.040625 0.09814814814814815
0 0.65 0.04814814814814815 0.05364583333333333 0.053703703703703705
0 0.6739583333333333 0.06435185185185185 0.035416666666666666 0.062037037037037036
0 0.6440104166666667 0.012037037037037037 0.050520833333333334 0.024074074074074074
0 0.54140625 0.010648148148148148 0.0390625 0.021296296296296296
0 0.5096354166666667 0.043055555555555555 0.04479166666666667 0.05
0 0.43776041666666665 0.059722222222222225 0.04635416666666667 0.053703703703703705
0 0.3984375 0.06574074074074074 0.030729166666666665 0.05648148148148148
0 0.3658854166666667 0.06712962962962964 0.04010416666666667 0.03888888888888889
0 0.3734375 0.03888888888888889 0.04010416666666667 0.025
0 0.32265625 0.10324074074074074 0.03333333333333333 0.13055555555555556
0 0.34427083333333336 0.11064814814814815 0.051041666666666666 0.04537037037037037
0 0.29192708333333334 0.12222222222222222 0.030729166666666665 0.04351851851851852
0 0.37057291666666664 0.1398148148148148 0.05520833333333333 0.08148148148148149
0 0.38177083333333334 0.11203703703703703 0.0625 0.04259259259259259
0 0.4236979166666667 0.13935185185185187 0.0484375 0.07777777777777778
0 0.21276041666666667 0.04722222222222222 0.030729166666666665 0.046296296296296294
0 0.20833333333333334 0.020370370370370372 0.025 0.017592592592592594
0 0.25625 0.018055555555555554 0.016666666666666666 0.026851851851851852
0 0.24140625 0.02546296296296296 0.020833333333333332 0.017592592592592594
0 0.27734375 0.037037037037037035 0.030208333333333334 0.041666666666666664
0 0.22578125 0.0712962962962963 0.05416666666666667 0.062037037037037036
0 0.30104166666666665 0.017592592592592594 0.022916666666666665 0.026851851851851852
0 0.22109375 0.00787037037037037 0.0421875 0.012037037037037037
0 0.3515625 0.018055555555555554 0.025 0.03611111111111111
0 0.38645833333333335 0.013888888888888888 0.03854166666666667 0.027777777777777776
0 0.4234375 0.016666666666666666 0.036458333333333336 0.03333333333333333
0 0.46432291666666664 0.034722222222222224 0.04114583333333333 0.06944444444444445
0 0.84765625 0.1388888888888889 0.04895833333333333 0.07222222222222222
0 0.84921875 0.02638888888888889 0.0234375 0.05277777777777778
0 0.90390625 0.017592592592592594 0.04114583333333333 0.03518518518518519
0 0.93984375 0.023148148148148147 0.0203125 0.046296296296296294
0 0.9625 0.01990740740740741 0.0265625 0.026851851851851852
0 0.97578125 0.044444444444444446 0.036458333333333336 0.028703703703703703
0 0.9484375 0.07685185185185185 0.027083333333333334 0.062037037037037036
0 0.9677083333333333 0.09907407407407408 0.033854166666666664 0.06111111111111111
0 0.990625 0.09768518518518518 0.017708333333333333 0.05185185185185185
0 0.98125 0.15601851851851853 0.0375 0.06018518518518518
0 0.9916666666666667 0.1884259259259259 0.016666666666666666 0.03981481481481482
0 0.9958333333333333 0.22175925925925927 0.008333333333333333 0.03611111111111111