0 0.21953125 0.6287037037037037 0.08697916666666666 0.11388888888888889
0 0.18854166666666666 0.5527777777777778 0.0515625 0.12222222222222222
0 0.2721354166666667 0.4532407407407407 0.096875 0.10740740740740741
0 0.33645833333333336 0.5203703703703704 0.10625 0.08888888888888889
0 0.30859375 0.6037037037037037 0.12708333333333333 0.09537037037037037
0 0.375 0.6296296296296297 0.08020833333333334 0.044444444444444446
0 0.28984375 0.6662037037037037 0.09375 0.05925925925925926
0 0.365625 0.7143518518518519 0.05572916666666667 0.08888888888888889
0 0.3125 0.7597222222222222 0.04895833333333333 0.07685185185185185
0 0.25885416666666666 0.7416666666666667 0.10625 0.09537037037037037
0 0.17942708333333332 0.7416666666666667 0.050520833333333334 0.11944444444444445
0 0.2359375 0.8027777777777778 0.08541666666666667 0.10925925925925926
0 0.18671875 0.8583333333333333 0.084375 0.08703703703703704
0 0.16119791666666666 0.9111111111111111 0.08333333333333333 0.07685185185185185
0 0.05572916666666667 0.9138888888888889 0.11041666666666666 0.17222222222222222
0 0.08463541666666667 0.7203703703703703 0.07760416666666667 0.15462962962962962
0 0.13307291666666668 0.5416666666666666 0.0421875 0.13425925925925927
0 0.4393229166666667 0.4041666666666667 0.1015625 0.08703703703703704
0 0.47942708333333334 0.5120370370370371 0.0859375 0.06481481481481481
0 0.4703125 0.5731481481481482 0.10416666666666667 0.06481481481481481
0 0.4421875 0.6013888888888889 0.07291666666666667 0.05925925925925926
0 0.4875 0.6125 0.06197916666666667 0.08148148148148149
0 0.48854166666666665 0.687962962962963 0.09479166666666666 0.08703703703703704
0 0.5348958333333333 0.6402777777777777 0.059375 0.07314814814814814
0 0.49192708333333335 0.6981481481481482 0.028645833333333332 0.11388888888888889
0 0.47369791666666666 0.7467592592592592 0.12447916666666667 0.06481481481481481
0 0.40677083333333336 0.8004629629629629 0.084375 0.08333333333333333
0 0.34791666666666665 0.8166666666666667 0.08541666666666667 0.06111111111111111
0 0.4705729166666667 0.8625 0.11822916666666666 0.08333333333333333
0 0.4986979166666667 0.8101851851851852 0.07395833333333333 0.040740740740740744
0 0.53125 0.8425925925925926 0.07708333333333334 0.06851851851851852
0 0.38567708333333334 0.8726851851851852 0.10208333333333333 0.06851851851851852
0 0.34427083333333336 0.9111111111111111 0.0703125 0.0962962962962963
0 0.2609375 0.8833333333333333 0.05520833333333333 0.1037037037037037
0 0.21015625 0.8648148148148148 0.09479166666666666 0.11481481481481481
0 0.23958333333333334 0.9708333333333333 0.075 0.058333333333333334
0 0.31015625 0.9574074074074074 0.0625 0.08518518518518518
0 0.4296875 0.9768518518518519 0.05416666666666667 0.046296296296296294
0 0.37552083333333336 0.9791666666666666 0.0328125 0.041666666666666664
0 0.4661458333333333 0.9435185185185185 0.0234375 0.08518518518518518
0 0.50390625 0.9384259259259259 0.109375 0.0787037037037037
0 0.5059895833333333 0.9884259259259259 0.08854166666666667 0.023148148148148147
0 0.6059895833333333 0.9083333333333333 0.08177083333333333 0.08055555555555556
0 0.5877604166666667 0.9578703703703704 0.09270833333333334 0.08425925925925926
0 0.6703125 0.9560185185185185 0.0953125 0.08796296296296297
0 0.6885416666666667 0.8953703703703704 0.07395833333333333 0.13148148148148148
0 0.6171875 0.799537037037037 0.09427083333333333 0.10462962962962963
0 0.58125 0.7490740740740741 0.08333333333333333 0.0712962962962963
0 0.5598958333333334 0.7092592592592593 0.0453125 0.075
0 0.6109375 0.6569444444444444 0.06614583333333333 0.08703703703703704
0 0.6447916666666667 0.711574074074074 0.05416666666666667 0.08148148148148149
0 0.6815104166666667 0.7462962962962963 0.05 0.07777777777777778
0 0.746875 0.7981481481481482 0.10260416666666666 0.08055555555555556
0 0.7583333333333333 0.8657407407407407 0.08385416666666666 0.09166666666666666
0 0.77421875 0.9597222222222223 0.10885416666666667 0.08055555555555556
0 0.75 0.7217592592592592 0.09010416666666667 0.08148148148148149
0 0.7380208333333333 0.6606481481481481 0.0921875 0.06296296296296296
0 0.6888020833333334 0.6273148148148148 0.044270833333333336 0.08333333333333333
0 0.7309895833333333 0.5949074074074074 0.058854166666666666 0.07685185185185185
0 0.7776041666666667 0.5916666666666667 0.065625 0.125
0 0.6104166666666667 0.6 0.06041666666666667 0.05648148148148148
0 0.5671875 0.5712962962962963 0.051041666666666666 0.016666666666666666
0 0.5734375 0.549537037037037 0.0421875 0.030555555555555555
0 0.6533854166666667 0.5462962962962963 0.06614583333333333 0.05555555555555555
0 0.5716145833333334 0.4875 0.06979166666666667 0.03611111111111111
0 0.5973958333333333 0.5254629629629629 0.0515625 0.06018518518518518
0 0.5497395833333333 0.5342592592592592 0.0390625 0.046296296296296294
0 0.6434895833333333 0.4912037037037037 0.06510416666666667 0.04351851851851852
0 0.7106770833333333 0.4791666666666667 0.06145833333333333 0.09259259259259259
0 0.7388020833333333 0.4597222222222222 0.05677083333333333 0.0712962962962963
0 0.7546875 0.5166666666666667 0.06354166666666666 0.05462962962962963
0 0.8513020833333333 0.5203703703703704 0.0875 0.041666666666666664
0 0.8825520833333333 0.5740740740740741 0.078125 0.075
0 0.8763020833333334 0.6328703703703704 0.09010416666666667 0.062037037037037036
0 0.8109375 0.5722222222222222 0.065625 0.07222222222222222
0 0.9822916666666667 0.5097222222222222 0.035416666666666666 0.12685185185185185
0 0.4361979166666667 0.700462962962963 0.04895833333333333 0.08425925925925926
0 0.5361979166666667 0.25972222222222224 0.08072916666666667 0.07685185185185185
0 0.6190104166666667 0.2828703703703704 0.0734375 0.08611111111111111
0 0.6940104166666666 0.275 0.06510416666666667 0.06481481481481481
0 0.7255208333333333 0.25277777777777777 0.028125 0.07777777777777778
0 0.77109375 0.2777777777777778 0.05625 0.08981481481481482
0 0.7854166666666667 0.2222222222222222 0.043229166666666666 0.05277777777777778
0 0.76953125 0.19027777777777777 0.03802083333333333 0.030555555555555555
0 0.73984375 0.18101851851851852 0.019270833333333334 0.03611111111111111
0 0.7338541666666667 0.20694444444444443 0.059375 0.06296296296296296
0 0.6841145833333333 0.1884259259259259 0.05677083333333333 0.028703703703703703
0 0.7078125 0.16064814814814815 0.043229166666666666 0.03796296296296296
0 0.7049479166666667 0.1375 0.06354166666666666 0.027777777777777776
0 0.6541666666666667 0.14814814814814814 0.050520833333333334 0.011111111111111112
0 0.6533854166666667 0.17453703703703705 0.06354166666666666 0.025
0 0.6356770833333333 0.21712962962962962 0.0703125 0.037037037037037035
0 0.671875 0.2361111111111111 0.04375 0.027777777777777776
0 0.6963541666666667 0.21296296296296297 0.03697916666666667 0.03425925925925926
0 0.7442708333333333 0.07731481481481481 0.071875 0.046296296296296294
0 0.9153645833333334 0.06527777777777778 0.05677083333333333 0.04537037037037037
0 0.9455729166666667 0.08611111111111111 0.027083333333333334 0.05
0 0.98515625 0.09675925925925925 0.0296875 0.06574074074074074
0 0.9877604166666667 0.18703703703703703 0.024479166666666666 0.058333333333333334
0 0.9885416666666667 0.16712962962962963 0.022916666666666665 0.021296296296296296
0 0.9140625 0.02546296296296296 0.04114583333333333 0.05092592592592592
0 0.9411458333333333 0.02638888888888889 0.030208333333333334 0.040740740740740744
0 0.8903645833333333 0.010648148148148148 0.020833333333333332 0.021296296296296296
0 0.034375 0.65 0.06875 0.09814814814814815
0 0.05130208333333333 0.5736111111111111 0.050520833333333334 0.053703703703703705
0 0.036458333333333336 0.5273148148148148 0.07291666666666667 0.041666666666666664
0 0.026041666666666668 0.48842592592592593 0.052083333333333336 0.04537037037037037
0 0.07604166666666666 0.45601851851851855 0.04635416666666667 0.0712962962962963
0 0.08932291666666667 0.41435185185185186 0.08020833333333334 0.03333333333333333
0 0.13177083333333334 0.4583333333333333 0.06927083333333334 0.03518518518518519
0 0.14947916666666666 0.29583333333333334 0.0625 0.09351851851851851
0 0.10104166666666667 0.3425925925925926 0.04479166666666667 0.07962962962962963
0 0.05911458333333333 0.3458333333333333 0.053125 0.09166666666666666
0 0.0921875 0.27546296296296297 0.06770833333333333 0.05185185185185185
0 0.05390625 0.27824074074074073 0.043229166666666666 0.06574074074074074
0 0.0265625 0.2574074074074074 0.019270833333333334 0.04814814814814815
0 0.009375 0.27361111111111114 0.01875 0.05462962962962963
0 0.04791666666666667 0.21342592592592594 0.040625 0.04814814814814815
0 0.13333333333333333 0.24583333333333332 0.05364583333333333 0.04351851851851852
0 0.18411458333333333 0.23333333333333334 0.040625 0.08148148148148149
0 0.1265625 0.18518518518518517 0.0609375 0.06851851851851852
0 0.1703125 0.1398148148148148 0.043229166666666666 0.05925925925925926
0 0.13463541666666667 0.1361111111111111 0.04375 0.049074074074074076
0 0.11666666666666667 0.10648148148148148 0.052083333333333336 0.023148148148148147
0 0.07135416666666666 0.14629629629629629 0.024479166666666666 0.032407407407407406
0 0.059375 0.17546296296296296 0.034375 0.05185185185185185
0 0.009635416666666667 0.15601851851851853 0.019270833333333334 0.04722222222222222
0 0.034895833333333334 0.13518518518518519 0.034895833333333334 0.03518518518518519
0 0.011197916666666667 0.20694444444444443 0.022395833333333334 0.041666666666666664
0 0.21145833333333333 0.12361111111111112 0.033854166666666664 0.05648148148148148
0 0.19817708333333334 0.09722222222222222 0.034895833333333334 0.019444444444444445
0 0.24348958333333334 0.10231481481481482 0.036458333333333336 0.03518518518518519
0 0.16432291666666668 0.09074074074074075 0.041666666666666664 0.019444444444444445
0 0.17604166666666668 0.07037037037037037 0.0375 0.023148148148148147
0 0.15989583333333332 0.05555555555555555 0.025520833333333333 0.009259259259259259
0 0.19348958333333333 0.030555555555555555 0.022916666666666665 0.016666666666666666
0 0.08125 0.05740740740740741 0.04895833333333333 0.04351851851851852
0 0.07109375 0.09351851851851851 0.043229166666666666 0.02962962962962963
0 0.12447916666666667 0.05925925925925926 0.0390625 0.026851851851851852
0 0.11875 0.08287037037037037 0.05 0.030555555555555555
0 0.23125 0.05416666666666667 0.04739583333333333 0.021296296296296296
0 0.25416666666666665 0.075 0.04895833333333333 0.022222222222222223
0 0.2833333333333333 0.07685185185185185 0.04791666666666667 0.05092592592592592
0 0.16744791666666667 0.025 0.040625 0.030555555555555555
0 0.12994791666666666 0.020833333333333332 0.04010416666666667 0.041666666666666664
0 0.04635416666666667 0.052314814814814814 0.043229166666666666 0.03518518518518519
0 0.3421875 0.12083333333333333 0.03958333333333333 0.08055555555555556
0 0.28072916666666664 0.029166666666666667 0.029166666666666667 0.032407407407407406
0 0.3533854166666667 0.03935185185185185 0.03958333333333333 0.04259259259259259
0 0.37994791666666666 0.022685185185185187 0.0390625 0.03333333333333333
0 0.41692708333333334 0.038425925925925926 0.0515625 0.040740740740740744
0 0.37161458333333336 0.08888888888888889 0.046875 0.04814814814814815
0 0.39817708333333335 0.1574074074074074 0.046875 0.08333333333333333
0 0.44166666666666665 0.14583333333333334 0.04739583333333333 0.06481481481481481
0 0.45625 0.050462962962962966 0.058333333333333334 0.05
0 0.44817708333333334 0.017592592592592594 0.041666666666666664 0.025925925925925925
0 0.5263020833333333 0.034722222222222224 0.0453125 0.046296296296296294
0 0.4908854166666667 0.012962962962962963 0.0390625 0.025925925925925925
0 0.53515625 0.014351851851851852 0.049479166666666664 0.028703703703703703
0 0.12291666666666666 0.9634259259259259 0.0671875 0.07037037037037037