0 0.678125 0.6282407407407408 0.084375 0.1685185185185185
0 0.7145833333333333 0.5435185185185185 0.07083333333333333 0.13518518518518519
0 0.5875 0.8106481481481481 0.128125 0.18888888888888888
0 0.5278645833333333 0.9476851851851852 0.11041666666666666 0.10462962962962963
0 0.45390625 0.8273148148148148 0.11614583333333334 0.14722222222222223
0 0.4046875 0.7620370370370371 0.10833333333333334 0.12222222222222222
0 0.334375 0.7305555555555555 0.11197916666666667 0.10740740740740741
0 0.3575520833333333 0.6439814814814815 0.10416666666666667 0.12222222222222222
0 0.21328125 0.6976851851851852 0.09739583333333333 0.21666666666666667
0 0.1484375 0.5634259259259259 0.07864583333333333 0.25833333333333336
0 0.19765625 0.5486111111111112 0.04791666666666667 0.12222222222222222
0 0.24869791666666666 0.37037037037037035 0.09270833333333334 0.18703703703703703
0 0.4078125 0.16944444444444445 0.07083333333333333 0.12222222222222222
0 0.48020833333333335 0.1361111111111111 0.07395833333333333 0.0962962962962963
0 0.6341145833333334 0.2074074074074074 0.07083333333333333 0.09537037037037037
0 0.6875 0.22268518518518518 0.05625 0.08148148148148149
0 0.7322916666666667 0.24768518518518517 0.09270833333333334 0.11018518518518519
0 0.9578125 0.19768518518518519 0.0625 0.10740740740740741
0 0.85859375 0.06759259259259259 0.04791666666666667 0.06666666666666667
0 0.8380208333333333 0.025 0.06770833333333333 0.05
0 0.91015625 0.023148148148148147 0.059895833333333336 0.046296296296296294
0 0.9296875 0.07361111111111111 0.06145833333333333 0.06666666666666667
0 0.9734375 0.09398148148148149 0.053125 0.041666666666666664
0 0.97109375 0.13935185185185187 0.052083333333333336 0.04537037037037037
0 0.6052083333333333 0.05648148148148148 0.06354166666666666 0.08055555555555556
0 0.6484375 0.040740740740740744 0.0390625 0.06388888888888888
0 0.5481770833333334 0.07268518518518519 0.06041666666666667 0.06944444444444445
0 0.5330729166666667 0.03935185185185185 0.06822916666666666 0.04722222222222222
0 0.36796875 0.06435185185185185 0.03333333333333333 0.06666666666666667
0 0.4049479166666667 0.060648148148148145 0.044270833333333336 0.0712962962962963
0 0.4466145833333333 0.046296296296296294 0.0578125 0.07037037037037037
0 0.07734375 0.9185185185185185 0.1015625 0.16296296296296298
0 0.022395833333333334 0.8574074074074074 0.04479166666666667 0.13703703703703704
0 0.019791666666666666 0.9587962962962963 0.03958333333333333 0.0824074074074074
0 0.012239583333333333 0.26064814814814813 0.024479166666666666 0.11203703703703703
0 0.016927083333333332 0.18194444444444444 0.033854166666666664 0.10092592592592593
0 0.07317708333333334 0.19814814814814816 0.04739583333333333 0.12314814814814815
0 0.20416666666666666 0.2064814814814815 0.05364583333333333 0.09351851851851851
0 0.14036458333333332 0.11157407407407408 0.058333333333333334 0.10185185185185185
0 0.19869791666666667 0.11990740740740741 0.04583333333333333 0.10462962962962963
0 0.19479166666666667 0.038425925925925926 0.057291666666666664 0.06481481481481481
0 0.11145833333333334 0.027777777777777776 0.04739583333333333 0.05555555555555555
0 0.04505208333333333 0.10416666666666667 0.049479166666666664 0.075
0 0.06380208333333333 0.06296296296296296 0.06666666666666667 0.04814814814814815
0 0.22994791666666667 0.0824074074074074 0.0421875 0.08981481481481482
0 0.26197916666666665 0.06759259259259259 0.04010416666666667 0.04722222222222222
0 0.2638020833333333 0.04027777777777778 0.057291666666666664 0.04351851851851852
0 0.34739583333333335 0.01990740740740741 0.03177083333333333 0.03981481481481482