0 0.03411458333333333 0.4861111111111111 0.05677083333333333 0.10648148148148148
0 0.09765625 0.46944444444444444 0.07916666666666666 0.14074074074074075
0 0.153125 0.22175925925925927 0.04635416666666667 0.08796296296296297
0 0.0265625 0.31805555555555554 0.053125 0.0712962962962963
0 0.017447916666666667 0.2828703703703704 0.03333333333333333 0.028703703703703703
0 0.0203125 0.2490740740740741 0.0375 0.017592592592592594
0 0.008333333333333333 0.25555555555555554 0.016666666666666666 0.021296296296296296
0 0.051041666666666666 0.1986111111111111 0.04375 0.032407407407407406
0 0.04765625 0.11666666666666667 0.029166666666666667 0.01574074074074074
0 0.07734375 0.11944444444444445 0.043229166666666666 0.021296296296296296
0 0.05625 0.1337962962962963 0.04895833333333333 0.016666666666666666
0 0.02421875 0.22361111111111112 0.024479166666666666 0.03981481481481482
0 0.05286458333333333 0.23981481481481481 0.029166666666666667 0.03425925925925926
0 0.09140625 0.2375 0.04895833333333333 0.06481481481481481
0 0.09348958333333333 0.1638888888888889 0.033854166666666664 0.037037037037037035
0 0.15286458333333333 0.14305555555555555 0.0296875 0.06111111111111111
0 0.02109375 0.08425925925925926 0.04114583333333333 0.03518518518518519
0 0.016927083333333332 0.1787037037037037 0.033854166666666664 0.041666666666666664
0 0.0265625 0.10648148148148148 0.0390625 0.012962962962962963
0 0.024479166666666666 0.12824074074074074 0.025 0.021296296296296296
0 0.011979166666666667 0.1486111111111111 0.022916666666666665 0.020370370370370372
0 0.042708333333333334 0.15787037037037038 0.035416666666666666 0.03425925925925926
0 0.07890625 0.10555555555555556 0.04791666666666667 0.01574074074074074
0 0.06197916666666667 0.09166666666666666 0.035416666666666666 0.018518518518518517
0 0.06354166666666666 0.07268518518518519 0.028125 0.019444444444444445
0 0.08776041666666666 0.08518518518518518 0.028125 0.020370370370370372
0 0.1421875 0.05555555555555555 0.019791666666666666 0.017592592592592594
0 0.11692708333333333 0.05462962962962963 0.042708333333333334 0.016666666666666666
0 0.06927083333333334 0.05324074074074074 0.0453125 0.028703703703703703
0 0.0734375 0.03425925925925926 0.03229166666666667 0.010185185185185186
0 0.11510416666666666 0.02824074074074074 0.04895833333333333 0.027777777777777776
0 0.10729166666666666 0.04212962962962963 0.03854166666666667 0.013888888888888888
0 0.08463541666666667 0.014814814814814815 0.0328125 0.022222222222222223
0 0.049479166666666664 0.031018518518518518 0.030729166666666665 0.044444444444444446
0 0.03411458333333333 0.02546296296296296 0.0328125 0.05092592592592592
0 0.01953125 0.014814814814814815 0.021354166666666667 0.02962962962962963
0 0.0036458333333333334 0.027314814814814816 0.007291666666666667 0.05462962962962963
0 0.15651041666666668 0.013425925925925926 0.034895833333333334 0.026851851851851852
0 0.11822916666666666 0.07685185185185185 0.029166666666666667 0.021296296296296296
0 0.12890625 0.09074074074074075 0.03854166666666667 0.03611111111111111
0 0.11927083333333334 0.10231481481481482 0.016666666666666666 0.023148148148148147
0 0.22369791666666666 0.07824074074074074 0.059375 0.049074074074074076
0 0.24296875 0.1087962962962963 0.0671875 0.062037037037037036
0 0.28046875 0.06851851851851852 0.05520833333333333 0.03796296296296296
0 0.31197916666666664 0.1111111111111111 0.06666666666666667 0.06851851851851852
0 0.35989583333333336 0.10092592592592593 0.040625 0.06111111111111111
0 0.3653645833333333 0.06296296296296296 0.0578125 0.05
0 0.32447916666666665 0.06759259259259259 0.03125 0.03981481481481482
0 0.34453125 0.03148148148148148 0.058854166666666666 0.019444444444444445
0 0.3177083333333333 0.028703703703703703 0.04114583333333333 0.046296296296296294
0 0.27708333333333335 0.033796296296296297 0.04791666666666667 0.05277777777777778
0 0.23776041666666667 0.03333333333333333 0.0359375 0.04351851851851852
0 0.20390625 0.16342592592592592 0.071875 0.06481481481481481
0 0.39921875 0.05648148148148148 0.04635416666666667 0.06018518518518518
0 0.4 0.0125 0.04479166666666667 0.023148148148148147
0 0.44817708333333334 0.014814814814814815 0.0453125 0.02962962962962963
0 0.4700520833333333 0.05787037037037037 0.06302083333333333 0.03888888888888889
0 0.5122395833333333 0.13657407407407407 0.04739583333333333 0.06574074074074074
0 0.5057291666666667 0.09814814814814815 0.065625 0.05092592592592592
0 0.5455729166666666 0.08842592592592592 0.04583333333333333 0.04259259259259259
0 0.57734375 0.10277777777777777 0.052083333333333336 0.026851851851851852
0 0.5809895833333333 0.06111111111111111 0.04739583333333333 0.05092592592592592
0 0.5494791666666666 0.017592592592592594 0.057291666666666664 0.027777777777777776
0 0.5997395833333333 0.024537037037037038 0.05416666666666667 0.040740740740740744
0 0.56484375 0.19537037037037036 0.05625 0.07037037037037037
0 0.5026041666666666 0.2263888888888889 0.06041666666666667 0.08055555555555556
0 0.5236979166666667 0.40879629629629627 0.059895833333333336 0.12407407407407407
0 0.5911458333333334 0.4439814814814815 0.06614583333333333 0.12222222222222222
0 0.6372395833333333 0.49953703703703706 0.07291666666666667 0.13240740740740742
0 0.7190104166666667 0.5986111111111111 0.08541666666666667 0.18055555555555555
0 0.8080729166666667 0.5953703703703703 0.10416666666666667 0.16296296296296298
0 0.40651041666666665 0.5171296296296296 0.058854166666666666 0.12777777777777777
0 0.042708333333333334 0.6652777777777777 0.07395833333333333 0.16203703703703703
0 0.08489583333333334 0.7041666666666667 0.0765625 0.1398148148148148
0 0.2513020833333333 0.7981481481481482 0.09166666666666666 0.17962962962962964
0 0.33307291666666666 0.7685185185185185 0.090625 0.11574074074074074
0 0.41171875 0.8402777777777778 0.13958333333333334 0.10092592592592593
0 0.021875 0.9199074074074074 0.04375 0.10833333333333334
0 0.10182291666666667 0.9902777777777778 0.04010416666666667 0.019444444444444445
0 0.9833333333333333 0.65 0.03333333333333333 0.14629629629629629
0 0.99375 0.4203703703703704 0.0125 0.11481481481481481
0 0.9723958333333333 0.2708333333333333 0.0484375 0.08611111111111111
0 0.9388020833333334 0.24305555555555555 0.058854166666666666 0.05277777777777778
0 0.89765625 0.22546296296296298 0.04114583333333333 0.05185185185185185
0 0.8580729166666666 0.2023148148148148 0.05677083333333333 0.05462962962962963
0 0.9354166666666667 0.19907407407407407 0.05572916666666667 0.046296296296296294
0 0.9518229166666666 0.12685185185185185 0.021875 0.017592592592592594
0 0.89453125 0.12175925925925926 0.040625 0.07685185185185185
0 0.8557291666666667 0.10138888888888889 0.04114583333333333 0.058333333333333334
0 0.9026041666666667 0.07916666666666666 0.0390625 0.06481481481481481
0 0.8604166666666667 0.05 0.04479166666666667 0.041666666666666664
0 0.8236979166666667 0.02824074074074074 0.04635416666666667 0.05185185185185185
0 0.7986979166666667 0.012962962962962963 0.03958333333333333 0.025925925925925925
0 0.8955729166666667 0.052314814814814814 0.027604166666666666 0.016666666666666666
0 0.91875 0.05416666666666667 0.013541666666666667 0.021296296296296296
0 0.91796875 0.15787037037037038 0.034375 0.025925925925925925