0 0.8908854166666667 0.8597222222222223 0.1171875 0.16574074074074074
0 0.9640625 0.2833333333333333 0.071875 0.12685185185185185
0 0.8578125 0.5388888888888889 0.09635416666666667 0.07685185185185185
0 0.8255208333333334 0.5675925925925925 0.07760416666666667 0.06574074074074074
0 0.8651041666666667 0.6203703703703703 0.10364583333333334 0.09166666666666666
0 0.8106770833333333 0.6861111111111111 0.0984375 0.1037037037037037
0 0.7416666666666667 0.4648148148148148 0.059895833333333336 0.08518518518518518
0 0.69921875 0.4888888888888889 0.06041666666666667 0.09259259259259259
0 0.7611979166666667 0.5458333333333333 0.075 0.08981481481481482
0 0.7442708333333333 0.6541666666666667 0.06354166666666666 0.07407407407407407
0 0.7341145833333333 0.7430555555555556 0.08229166666666667 0.15185185185185185
0 0.6776041666666667 0.7731481481481481 0.07916666666666666 0.13333333333333333
0 0.6736979166666667 0.6967592592592593 0.0875 0.09074074074074075
0 0.6627604166666666 0.6129629629629629 0.09947916666666666 0.1175925925925926
0 0.6802083333333333 0.5527777777777778 0.08177083333333333 0.12037037037037036
0 0.6161458333333333 0.5254629629629629 0.07083333333333333 0.11574074074074074
0 0.5643229166666667 0.49027777777777776 0.07604166666666666 0.08611111111111111
0 0.771875 0.8768518518518519 0.07864583333333333 0.13796296296296295
0 0.7734375 0.9490740740740741 0.11197916666666667 0.10185185185185185
0 0.6950520833333333 0.8870370370370371 0.08802083333333334 0.14537037037037037
0 0.6833333333333333 0.9675925925925926 0.06770833333333333 0.06481481481481481
0 0.6190104166666667 0.9560185185185185 0.13177083333333334 0.08796296296296297
0 0.5841145833333333 0.8027777777777778 0.06875 0.17314814814814813
0 0.6223958333333334 0.8578703703703704 0.08229166666666667 0.15462962962962962
0 0.51015625 0.9472222222222222 0.0890625 0.10555555555555556
0 0.41041666666666665 0.9648148148148148 0.1203125 0.07037037037037037
0 0.3380208333333333 0.9078703703703703 0.08489583333333334 0.09259259259259259
0 0.30104166666666665 0.9555555555555556 0.078125 0.08888888888888889
0 0.5088541666666667 0.8393518518518519 0.10885416666666667 0.12314814814814815
0 0.41796875 0.7476851851851852 0.075 0.09351851851851851
0 0.40729166666666666 0.8092592592592592 0.0984375 0.11666666666666667
0 0.34427083333333336 0.8291666666666667 0.0921875 0.09074074074074075
0 0.40729166666666666 0.8972222222222223 0.07604166666666666 0.09814814814814815
0 0.4625 0.8824074074074074 0.10729166666666666 0.07962962962962963
0 0.44895833333333335 0.6037037037037037 0.084375 0.06851851851851852
0 0.47161458333333334 0.5625 0.07135416666666666 0.07592592592592592
0 0.5072916666666667 0.7069444444444445 0.07760416666666667 0.08148148148148149
0 0.4453125 0.6958333333333333 0.0796875 0.09814814814814815
0 0.48125 0.6291666666666667 0.05364583333333333 0.10740740740740741
0 0.528125 0.6541666666666667 0.057291666666666664 0.1111111111111111
0 0.55390625 0.5763888888888888 0.05677083333333333 0.08055555555555556
0 0.5791666666666667 0.6587962962962963 0.05625 0.12407407407407407
0 0.48776041666666664 0.7643518518518518 0.12083333333333333 0.0712962962962963
0 0.10885416666666667 0.9652777777777778 0.11145833333333334 0.06944444444444445
0 0.06354166666666666 0.8675925925925926 0.10416666666666667 0.16574074074074074
0 0.10729166666666666 0.7837962962962963 0.09635416666666667 0.18518518518518517
0 0.20026041666666666 0.8726851851851852 0.0796875 0.17592592592592593
0 0.26796875 0.8953703703703704 0.04791666666666667 0.14444444444444443
0 0.24505208333333334 0.8046296296296296 0.06927083333333334 0.0962962962962963
0 0.18880208333333334 0.7439814814814815 0.078125 0.1287037037037037
0 0.26067708333333334 0.7310185185185185 0.07135416666666666 0.09166666666666666
0 0.31302083333333336 0.7569444444444444 0.06875 0.1111111111111111
0 0.3609375 0.7217592592592592 0.0625 0.11018518518518519
0 0.35520833333333335 0.6472222222222223 0.08541666666666667 0.08611111111111111
0 0.2643229166666667 0.6652777777777777 0.10052083333333334 0.09814814814814815
0 0.33307291666666666 0.5884259259259259 0.10885416666666667 0.09166666666666666
0 0.32005208333333335 0.5069444444444444 0.11979166666666667 0.1
0 0.21328125 0.5888888888888889 0.09479166666666666 0.1388888888888889
0 0.18359375 0.5027777777777778 0.07083333333333333 0.17037037037037037
0 0.27890625 0.5606481481481481 0.071875 0.09351851851851851
0 0.44114583333333335 0.41805555555555557 0.1109375 0.13425925925925927
0 0.2760416666666667 0.3731481481481482 0.11822916666666666 0.15648148148148147
0 0.28177083333333336 0.2810185185185185 0.0828125 0.09907407407407408
0 0.95 0.12222222222222222 0.04895833333333333 0.06574074074074074
0 0.9841145833333333 0.10694444444444444 0.03177083333333333 0.07314814814814814
0 0.9848958333333333 0.17453703703703705 0.030208333333333334 0.09351851851851851
0 0.9369791666666667 0.06759259259259259 0.03802083333333333 0.06111111111111111
0 0.9658854166666667 0.05 0.025 0.044444444444444446
0 0.9520833333333333 0.026851851851851852 0.03697916666666667 0.053703703703703705
0 0.88671875 0.01898148148148148 0.035416666666666666 0.03796296296296296
0 0.9200520833333333 0.022222222222222223 0.0296875 0.044444444444444446
0 0.5307291666666667 0.2574074074074074 0.0796875 0.08518518518518518
0 0.5932291666666667 0.27314814814814814 0.09322916666666667 0.09259259259259259
0 0.6713541666666667 0.26805555555555555 0.05416666666666667 0.08796296296296297
0 0.7302083333333333 0.2861111111111111 0.058854166666666666 0.075
0 0.7044270833333334 0.22962962962962963 0.03177083333333333 0.04259259259259259
0 0.7453125 0.2449074074074074 0.05625 0.08425925925925926
0 0.75625 0.19027777777777777 0.030729166666666665 0.07037037037037037
0 0.7856770833333333 0.22592592592592592 0.0453125 0.08611111111111111
0 0.6359375 0.19814814814814816 0.05416666666666667 0.0962962962962963
0 0.6768229166666667 0.15555555555555556 0.04375 0.05
0 0.71484375 0.17407407407407408 0.05625 0.05092592592592592
0 0.6981770833333333 0.2023148148148148 0.05572916666666667 0.04722222222222222
0 0.3260416666666667 0.2537037037037037 0.06458333333333334 0.07592592592592592
0 0.31588541666666664 0.18703703703703703 0.07135416666666666 0.1
0 0.40338541666666666 0.16111111111111112 0.053125 0.06851851851851852
0 0.4375 0.14629629629629629 0.04479166666666667 0.0787037037037037
0 0.4783854166666667 0.1648148148148148 0.08229166666666667 0.13425925925925927
0 0.5375 0.027777777777777776 0.0484375 0.05555555555555555
0 0.56953125 0.01574074074074074 0.04739583333333333 0.03148148148148148
0 0.46848958333333335 0.053703703703703705 0.049479166666666664 0.04722222222222222
0 0.4895833333333333 0.025 0.03958333333333333 0.05
0 0.3734375 0.10324074074074074 0.05572916666666667 0.06481481481481481
0 0.4 0.06805555555555555 0.0375 0.06759259259259259
0 0.4315104166666667 0.06666666666666667 0.042708333333333334 0.062037037037037036
0 0.4140625 0.03333333333333333 0.050520833333333334 0.03333333333333333
0 0.45078125 0.024074074074074074 0.0484375 0.02962962962962963
0 0.35833333333333334 0.012962962962962963 0.03958333333333333 0.025925925925925925
0 0.35130208333333335 0.033796296296296297 0.053125 0.05092592592592592
0 0.01171875 0.6986111111111111 0.0234375 0.08796296296296297
0 0.029166666666666667 0.6305555555555555 0.049479166666666664 0.10833333333333334
0 0.11484375 0.5712962962962963 0.0671875 0.1712962962962963
0 0.027083333333333334 0.5398148148148149 0.0515625 0.08518518518518518
0 0.13411458333333334 0.25 0.0484375 0.1037037037037037
0 0.17369791666666667 0.24212962962962964 0.057291666666666664 0.07777777777777778
0 0.15703125 0.35509259259259257 0.0859375 0.15185185185185185
0 0.04505208333333333 0.4 0.06041666666666667 0.08055555555555556
0 0.06536458333333334 0.425462962962963 0.0625 0.05555555555555555
0 0.06171875 0.4736111111111111 0.049479166666666664 0.06296296296296296
0 0.17135416666666667 0.14629629629629629 0.051041666666666666 0.07222222222222222
0 0.21666666666666667 0.13333333333333333 0.059375 0.07314814814814814
0 0.25 0.09351851851851851 0.04479166666666667 0.044444444444444446
0 0.20989583333333334 0.09074074074074075 0.04114583333333333 0.046296296296296294
0 0.11197916666666667 0.18287037037037038 0.07604166666666666 0.07037037037037037
0 0.08828125 0.15046296296296297 0.046875 0.05
0 0.10755208333333334 0.10324074074074074 0.034895833333333334 0.04814814814814815
0 0.12942708333333333 0.1300925925925926 0.044270833333333336 0.05648148148148148
0 0.058854166666666666 0.29305555555555557 0.05260416666666667 0.05092592592592592
0 0.08984375 0.2884259259259259 0.035416666666666666 0.04722222222222222
0 0.09661458333333334 0.3523148148148148 0.065625 0.08055555555555556
0 0.01953125 0.23564814814814813 0.0390625 0.04537037037037037
0 0.013020833333333334 0.27870370370370373 0.026041666666666668 0.06944444444444445
0 0.04505208333333333 0.18194444444444444 0.043229166666666666 0.05277777777777778
0 0.01328125 0.1550925925925926 0.0265625 0.04537037037037037
0 0.015104166666666667 0.20092592592592592 0.030208333333333334 0.05185185185185185
0 0.014583333333333334 0.12731481481481483 0.029166666666666667 0.06666666666666667
0 0.05677083333333333 0.10416666666666667 0.042708333333333334 0.06944444444444445
0 0.15677083333333333 0.09027777777777778 0.0453125 0.06388888888888888
0 0.18671875 0.07962962962962963 0.030729166666666665 0.053703703703703705
0 0.13046875 0.05694444444444444 0.030208333333333334 0.037037037037037035
0 0.10885416666666667 0.024074074074074074 0.035416666666666666 0.04814814814814815
0 0.08776041666666666 0.03148148148148148 0.027083333333333334 0.06296296296296296
0 0.06614583333333333 0.02962962962962963 0.025520833333333333 0.05925925925925926
0 0.043229166666666666 0.026851851851851852 0.025 0.05
0 0.2825520833333333 0.05740740740740741 0.042708333333333334 0.07314814814814814