0 0.06822916666666666 0.3199074074074074 0.10364583333333334 0.14907407407407408
0 0.2833333333333333 0.34305555555555556 0.06666666666666667 0.11388888888888889
0 0.30755208333333334 0.20324074074074075 0.0734375 0.06574074074074074
0 0.178125 0.1986111111111111 0.043229166666666666 0.10555555555555556
0 0.13828125 0.20787037037037037 0.034895833333333334 0.12685185185185185
0 0.10651041666666666 0.1865740740740741 0.0421875 0.10185185185185185
0 0.22682291666666668 0.20324074074074075 0.046875 0.09444444444444444
0 0.2833333333333333 0.15 0.035416666666666666 0.03981481481481482
0 0.30234375 0.1259259259259259 0.065625 0.040740740740740744
0 0.26927083333333335 0.10972222222222222 0.018229166666666668 0.028703703703703703
0 0.28515625 0.08425925925925926 0.015625 0.03888888888888889
0 0.32083333333333336 0.0912037037037037 0.0421875 0.028703703703703703
0 0.33151041666666664 0.10416666666666667 0.017708333333333333 0.019444444444444445
0 0.3463541666666667 0.11851851851851852 0.026041666666666668 0.026851851851851852
0 0.3341145833333333 0.1574074074074074 0.06145833333333333 0.06296296296296296
0 0.41432291666666665 0.1884259259259259 0.06875 0.10740740740740741
0 0.33828125 0.2902777777777778 0.05364583333333333 0.08518518518518518
0 0.3885416666666667 0.29259259259259257 0.059375 0.08333333333333333
0 0.45260416666666664 0.41574074074074074 0.08541666666666667 0.10648148148148148
0 0.509375 0.6106481481481482 0.08385416666666666 0.15648148148148147
0 0.5825520833333333 0.3537037037037037 0.11197916666666667 0.16111111111111112
0 0.5544270833333333 0.2587962962962963 0.0703125 0.0962962962962963
0 0.2552083333333333 0.08287037037037037 0.04895833333333333 0.041666666666666664
0 0.38723958333333336 0.04722222222222222 0.06822916666666666 0.04814814814814815
0 0.38619791666666664 0.07962962962962963 0.06614583333333333 0.062037037037037036
0 0.40234375 0.02546296296296296 0.025520833333333333 0.028703703703703703
0 0.4328125 0.05092592592592592 0.021875 0.06018518518518518
0 0.46484375 0.01990740740740741 0.0171875 0.021296296296296296
0 0.46901041666666665 0.038425925925925926 0.046875 0.046296296296296294
0 0.20833333333333334 0.10972222222222222 0.08385416666666666 0.06388888888888888
0 0.30390625 0.04351851851851852 0.050520833333333334 0.06944444444444445
0 0.2669270833333333 0.043055555555555555 0.03229166666666667 0.06018518518518518
0 0.23515625 0.04490740740740741 0.03333333333333333 0.05185185185185185
0 0.26458333333333334 0.1837962962962963 0.0453125 0.06388888888888888
0 0.5770833333333333 0.8518518518518519 0.1140625 0.2111111111111111
0 0.5875 0.725 0.16145833333333334 0.2111111111111111
0 0.8005208333333333 0.2967592592592593 0.10104166666666667 0.14537037037037037
0 0.7880208333333333 0.5935185185185186 0.09791666666666667 0.23796296296296296
0 0.9153645833333334 0.5370370370370371 0.08489583333333334 0.13333333333333333
0 0.9622395833333334 0.475462962962963 0.057291666666666664 0.07037037037037037
0 0.9796875 0.5430555555555555 0.040625 0.11666666666666667
0 0.94765625 0.3314814814814815 0.0671875 0.1175925925925926
0 0.9234375 0.24351851851851852 0.0640625 0.07037037037037037
0 0.9578125 0.2212962962962963 0.0546875 0.07037037037037037
0 0.9502604166666667 0.11574074074074074 0.057291666666666664 0.07962962962962963
0 0.7119791666666667 0.17962962962962964 0.06145833333333333 0.09722222222222222
0 0.6486979166666667 0.15324074074074073 0.06666666666666667 0.10740740740740741
0 0.61171875 0.1824074074074074 0.06302083333333333 0.06111111111111111
0 0.5984375 0.23148148148148148 0.0546875 0.08703703703703704
0 0.6703125 0.07314814814814814 0.07447916666666667 0.12962962962962962
0 0.6815104166666667 0.04814814814814815 0.06145833333333333 0.075
0 0.7635416666666667 0.07222222222222222 0.03854166666666667 0.04537037037037037
0 0.7966145833333333 0.09675925925925925 0.0375 0.06481481481481481
0 0.8630208333333333 0.0962962962962963 0.06041666666666667 0.06388888888888888
0 0.8119791666666667 0.04490740740740741 0.025520833333333333 0.025925925925925925
0 0.7901041666666667 0.03518518518518519 0.018229166666666668 0.020370370370370372
0 0.7859375 0.016203703703703703 0.025520833333333333 0.023148148148148147
0 0.9049479166666666 0.03518518518518519 0.034895833333333334 0.025925925925925925
0 0.9161458333333333 0.006944444444444444 0.019791666666666666 0.013888888888888888
0 0.9276041666666667 0.019444444444444445 0.0265625 0.025
0 0.8703125 0.03611111111111111 0.022395833333333334 0.025
0 0.8411458333333334 0.03518518518518519 0.023958333333333335 0.03425925925925926
0 0.7638020833333333 0.044444444444444446 0.028645833333333332 0.020370370370370372
0 0.7309895833333333 0.07222222222222222 0.03333333333333333 0.05648148148148148
0 0.728125 0.1287037037037037 0.0390625 0.06666666666666667
0 0.47369791666666666 0.14074074074074075 0.027083333333333334 0.03518518518518519
0 0.5213541666666667 0.08796296296296297 0.043229166666666666 0.03981481481481482
0 0.4752604166666667 0.1037037037037037 0.059375 0.037037037037037035
0 0.46953125 0.18518518518518517 0.05572916666666667 0.05277777777777778
0 0.5138020833333333 0.1388888888888889 0.013020833333333334 0.012037037037037037
0 0.4315104166666667 0.10462962962962963 0.021354166666666667 0.03611111111111111
0 0.53828125 0.044444444444444446 0.04479166666666667 0.041666666666666664
0 0.9635416666666666 0.04027777777777778 0.0484375 0.053703703703703705