0 0.044270833333333336 0.10601851851851851 0.04739583333333333 0.053703703703703705
0 0.0609375 0.08333333333333333 0.05572916666666667 0.03518518518518519
0 0.05651041666666667 0.06111111111111111 0.0640625 0.037037037037037035
0 0.0421875 0.05277777777777778 0.043229166666666666 0.03518518518518519
0 0.10442708333333334 0.03333333333333333 0.044270833333333336 0.046296296296296294
0 0.12916666666666668 0.020833333333333332 0.040625 0.041666666666666664
0 0.121875 0.12222222222222222 0.050520833333333334 0.06111111111111111
0 0.17447916666666666 0.12731481481481483 0.071875 0.06759259259259259
0 0.09453125 0.18472222222222223 0.0640625 0.06388888888888888
0 0.020572916666666666 0.2 0.04114583333333333 0.06018518518518518
0 0.046875 0.25046296296296294 0.059895833333333336 0.06574074074074074
0 0.013020833333333334 0.2935185185185185 0.026041666666666668 0.05740740740740741
0 0.05 0.36574074074074076 0.065625 0.10092592592592593
0 0.04739583333333333 0.30092592592592593 0.0328125 0.05277777777777778
0 0.19375 0.20925925925925926 0.04791666666666667 0.09537037037037037
0 0.228125 0.3143518518518518 0.03958333333333333 0.13148148148148148
0 0.25 0.3736111111111111 0.08645833333333333 0.17962962962962964
0 0.2609375 0.20462962962962963 0.0515625 0.11296296296296296
0 0.15807291666666667 0.06388888888888888 0.03125 0.05740740740740741
0 0.18255208333333334 0.0875 0.0484375 0.023148148148148147
0 0.18828125 0.07083333333333333 0.0359375 0.01574074074074074
0 0.18932291666666667 0.052314814814814814 0.04010416666666667 0.025
0 0.18255208333333334 0.028703703703703703 0.04583333333333333 0.023148148148148147
0 0.23567708333333334 0.09027777777777778 0.0546875 0.03518518518518519
0 0.228125 0.0699074074074074 0.040625 0.017592592592592594
0 0.22265625 0.05740740740740741 0.03229166666666667 0.020370370370370372
0 0.2640625 0.053703703703703705 0.046875 0.03888888888888889
0 0.26015625 0.027777777777777776 0.03854166666666667 0.028703703703703703
0 0.23203125 0.027777777777777776 0.03802083333333333 0.032407407407407406
0 0.2986979166666667 0.024537037037037038 0.0265625 0.04537037037037037
0 0.340625 0.13425925925925927 0.07760416666666667 0.1425925925925926
0 0.34453125 0.08611111111111111 0.058333333333333334 0.07037037037037037
0 0.35520833333333335 0.04953703703703704 0.04114583333333333 0.06296296296296296
0 0.3921875 0.041666666666666664 0.034895833333333334 0.05740740740740741
0 0.36171875 0.016203703703703703 0.0359375 0.023148148148148147
0 0.428125 0.0699074074074074 0.057291666666666664 0.05
0 0.43203125 0.024537037037037038 0.04114583333333333 0.040740740740740744
0 0.49765625 0.05694444444444444 0.0625 0.053703703703703705
0 0.4822916666666667 0.03796296296296296 0.05625 0.04537037037037037
0 0.49947916666666664 0.020833333333333332 0.0328125 0.03888888888888889
0 0.534375 0.013888888888888888 0.036458333333333336 0.025
0 0.5497395833333333 0.06759259259259259 0.042708333333333334 0.06481481481481481
0 0.5752604166666667 0.03287037037037037 0.0390625 0.049074074074074076
0 0.5994791666666667 0.03981481481481482 0.0375 0.041666666666666664
0 0.48098958333333336 0.11851851851851852 0.06354166666666666 0.05555555555555555
0 0.5091145833333334 0.1425925925925926 0.07447916666666667 0.062037037037037036
0 0.6458333333333334 0.04212962962962963 0.044270833333333336 0.04722222222222222
0 0.78515625 0.07037037037037037 0.06354166666666666 0.0787037037037037
0 0.8161458333333333 0.01574074074074074 0.03697916666666667 0.03148148148148148
0 0.9109375 0.02962962962962963 0.03958333333333333 0.05925925925925926
0 0.9453125 0.020833333333333332 0.042708333333333334 0.02962962962962963
0 0.9596354166666666 0.06851851851851852 0.028125 0.058333333333333334
0 0.9361979166666666 0.06666666666666667 0.021354166666666667 0.06759259259259259
0 0.9825520833333333 0.11481481481481481 0.023958333333333335 0.04814814814814815
0 0.9658854166666667 0.10648148148148148 0.027604166666666666 0.018518518518518517
0 0.9697916666666667 0.14351851851851852 0.041666666666666664 0.058333333333333334
0 0.9770833333333333 0.18055555555555555 0.04583333333333333 0.1
0 0.9796875 0.2689814814814815 0.040625 0.08055555555555556
0 0.9442708333333333 0.35555555555555557 0.06197916666666667 0.15092592592592594
0 0.8752604166666667 0.6902777777777778 0.08177083333333333 0.17962962962962964
0 0.7651041666666667 0.5995370370370371 0.109375 0.1398148148148148
0 0.7106770833333333 0.5013888888888889 0.09635416666666667 0.11203703703703703
0 0.7338541666666667 0.22175925925925927 0.052083333333333336 0.10648148148148148
0 0.7130208333333333 0.20601851851851852 0.025 0.09722222222222222
0 0.5861979166666667 0.6189814814814815 0.11770833333333333 0.11203703703703703
0 0.45026041666666666 0.8004629629629629 0.10625 0.1527777777777778
0 0.37552083333333336 0.638425925925926 0.07239583333333334 0.11018518518518519
0 0.34765625 0.850925925925926 0.09270833333333334 0.15833333333333333
0 0.49661458333333336 0.9388888888888889 0.0953125 0.12222222222222222
0 0.7236979166666667 0.9444444444444444 0.09635416666666667 0.1111111111111111
0 0.06979166666666667 0.6319444444444444 0.07760416666666667 0.14814814814814814
0 0.10260416666666666 0.7611111111111111 0.1 0.15555555555555556
0 0.1046875 0.8375 0.13385416666666666 0.2388888888888889
0 0.038802083333333334 0.7787037037037037 0.043229166666666666 0.1824074074074074