0 0.23828125 0.018055555555555554 0.029166666666666667 0.030555555555555555
0 0.26666666666666666 0.027777777777777776 0.0359375 0.04722222222222222
0 0.25494791666666666 0.06481481481481481 0.027604166666666666 0.037037037037037035
0 0.23776041666666667 0.09027777777777778 0.044270833333333336 0.03611111111111111
0 0.20104166666666667 0.024537037037037038 0.03854166666666667 0.013888888888888888
0 0.1375 0.040740740740740744 0.03958333333333333 0.04814814814814815
0 0.20026041666666666 0.027314814814814816 0.04479166666666667 0.021296296296296296
0 0.19166666666666668 0.059722222222222225 0.015104166666666667 0.027777777777777776
0 0.17473958333333334 0.11666666666666667 0.049479166666666664 0.05648148148148148
0 0.12265625 0.12824074074074074 0.06145833333333333 0.07962962962962963
0 0.07421875 0.10787037037037037 0.03802083333333333 0.05462962962962963
0 0.043229166666666666 0.10694444444444444 0.036458333333333336 0.0712962962962963
0 0.07057291666666667 0.06759259259259259 0.03802083333333333 0.03981481481481482
0 0.10286458333333333 0.03518518518518519 0.04010416666666667 0.062037037037037036
0 0.07552083333333333 0.025925925925925925 0.044270833333333336 0.037037037037037035
0 0.0328125 0.16111111111111112 0.04583333333333333 0.05555555555555555
0 0.0109375 0.20092592592592592 0.021875 0.05462962962962963
0 0.02109375 0.2763888888888889 0.04114583333333333 0.0712962962962963
0 0.013802083333333333 0.3282407407407407 0.027604166666666666 0.07777777777777778
0 0.09791666666666667 0.32685185185185184 0.06354166666666666 0.10462962962962963
0 0.22734375 0.15324074074074073 0.04583333333333333 0.06018518518518518
0 0.30130208333333336 0.21574074074074073 0.053125 0.075
0 0.28151041666666665 0.31574074074074077 0.07447916666666667 0.08888888888888889
0 0.25026041666666665 0.3824074074074074 0.0984375 0.175
0 0.16510416666666666 0.43425925925925923 0.04479166666666667 0.175
0 0.030989583333333334 0.513425925925926 0.06197916666666667 0.12962962962962962
0 0.015364583333333333 0.7046296296296296 0.030729166666666665 0.09074074074074075
0 0.053125 0.8476851851851852 0.09166666666666666 0.1037037037037037
0 0.2833333333333333 0.6837962962962963 0.08489583333333334 0.1962962962962963
0 0.428125 0.7055555555555556 0.084375 0.18425925925925926
0 0.3515625 0.8685185185185185 0.07552083333333333 0.18518518518518517
0 0.5252604166666667 0.8925925925925926 0.11822916666666666 0.21481481481481482
0 0.54765625 0.33240740740740743 0.10885416666666667 0.14722222222222223
0 0.6408854166666667 0.25787037037037036 0.09010416666666667 0.11851851851851852
0 0.5026041666666666 0.1337962962962963 0.058333333333333334 0.06018518518518518
0 0.4828125 0.11296296296296296 0.052083333333333336 0.04259259259259259
0 0.4625 0.09953703703703703 0.0578125 0.04722222222222222
0 0.50703125 0.07546296296296297 0.050520833333333334 0.041666666666666664
0 0.55546875 0.07777777777777778 0.033854166666666664 0.04814814814814815
0 0.40677083333333336 0.06111111111111111 0.06614583333333333 0.020370370370370372
0 0.41796875 0.08611111111111111 0.0609375 0.03888888888888889
0 0.3328125 0.09907407407407408 0.0359375 0.1037037037037037
0 0.37864583333333335 0.03657407407407407 0.044270833333333336 0.018518518518518517
0 0.39947916666666666 0.02824074074074074 0.0296875 0.03796296296296296
0 0.41510416666666666 0.04351851851851852 0.025520833333333333 0.02962962962962963
0 0.4315104166666667 0.037037037037037035 0.03333333333333333 0.028703703703703703
0 0.46796875 0.024074074074074074 0.0359375 0.012962962962962963
0 0.49557291666666664 0.034722222222222224 0.023958333333333335 0.03425925925925926
0 0.4666666666666667 0.06157407407407407 0.026041666666666668 0.030555555555555555
0 0.5260416666666666 0.04259259259259259 0.0359375 0.030555555555555555
0 0.5630208333333333 0.026851851851851852 0.05677083333333333 0.046296296296296294
0 0.6096354166666667 0.01990740740740741 0.0421875 0.03981481481481482
0 0.6596354166666667 0.0699074074074074 0.049479166666666664 0.07407407407407407
0 0.6341145833333334 0.04814814814814815 0.030729166666666665 0.06018518518518518
0 0.44140625 0.017592592592592594 0.015625 0.017592592592592594
0 0.6580729166666667 0.014351851851851852 0.0515625 0.028703703703703703
0 0.7307291666666667 0.016203703703703703 0.051041666666666666 0.032407407407407406
0 0.74140625 0.06435185185185185 0.041666666666666664 0.075
0 0.9130208333333333 0.016203703703703703 0.041666666666666664 0.032407407407407406
0 0.9299479166666667 0.027777777777777776 0.044270833333333336 0.026851851851851852
0 0.94375 0.05694444444444444 0.05260416666666667 0.03888888888888889
0 0.9419270833333333 0.10185185185185185 0.050520833333333334 0.028703703703703703
0 0.9466145833333334 0.1550925925925926 0.046875 0.06481481481481481
0 0.9893229166666667 0.10324074074074074 0.0203125 0.044444444444444446
0 0.98359375 0.14074074074074075 0.03177083333333333 0.025
0 0.9861979166666667 0.16898148148148148 0.0265625 0.05
0 0.9953125 0.20046296296296295 0.008333333333333333 0.06296296296296296
0 0.9755208333333333 0.27314814814814814 0.04791666666666667 0.053703703703703705