0 0.4671875 0.512962962962963 0.09583333333333334 0.18703703703703703
0 0.396875 0.3263888888888889 0.128125 0.1935185185185185
0 0.3966145833333333 0.17731481481481481 0.1109375 0.1425925925925926
0 0.7020833333333333 0.2050925925925926 0.084375 0.12222222222222222
0 0.7807291666666667 0.5365740740740741 0.09479166666666666 0.19537037037037036
0 0.615625 0.8694444444444445 0.10364583333333334 0.2462962962962963
0 0.7830729166666667 0.8597222222222223 0.11041666666666666 0.21203703703703702
0 0.9109375 0.65 0.10572916666666667 0.15833333333333333
0 0.9216145833333333 0.525 0.15677083333333333 0.13055555555555556
0 0.8794270833333333 0.4101851851851852 0.08072916666666667 0.1111111111111111
0 0.35078125 0.8805555555555555 0.09791666666666667 0.1685185185185185
0 0.39947916666666666 0.7342592592592593 0.1171875 0.15092592592592594
0 0.43671875 0.8231481481481482 0.09791666666666667 0.15833333333333333
0 0.5059895833333333 0.8037037037037037 0.08020833333333334 0.20462962962962963
0 0.221875 0.787962962962963 0.1421875 0.17592592592592593
0 0.1546875 0.5685185185185185 0.10104166666666667 0.18518518518518517
0 0.12317708333333334 0.7472222222222222 0.08854166666666667 0.23055555555555557
0 0.031510416666666666 0.9356481481481481 0.06302083333333333 0.1287037037037037
0 0.034895833333333334 0.3824074074074074 0.06979166666666667 0.16203703703703703
0 0.47994791666666664 0.11851851851851852 0.0609375 0.07777777777777778
0 0.5317708333333333 0.1087962962962963 0.04739583333333333 0.11481481481481481
0 0.6028645833333334 0.05 0.049479166666666664 0.05925925925925926
0 0.5903645833333333 0.02175925925925926 0.06302083333333333 0.04351851851851852
0 0.6463541666666667 0.044444444444444446 0.04114583333333333 0.07685185185185185
0 0.5565104166666667 0.04398148148148148 0.043229166666666666 0.06111111111111111
0 0.49140625 0.04675925925925926 0.046875 0.08148148148148149
0 0.36640625 0.06898148148148148 0.058854166666666666 0.11944444444444445
0 0.40625 0.05185185185185185 0.03958333333333333 0.06666666666666667
0 0.43697916666666664 0.04212962962962963 0.0453125 0.06481481481481481
0 0.05364583333333333 0.16712962962962963 0.0484375 0.0787037037037037
0 0.1328125 0.1287037037037037 0.04791666666666667 0.06574074074074074
0 0.0171875 0.18935185185185185 0.034375 0.0787037037037037
0 0.017447916666666667 0.2828703703703704 0.034895833333333334 0.07962962962962963
0 0.20546875 0.17083333333333334 0.08020833333333334 0.0787037037037037
0 0.24088541666666666 0.24583333333333332 0.03697916666666667 0.14907407407407408
0 0.1921875 0.05092592592592592 0.049479166666666664 0.03981481481481482
0 0.15416666666666667 0.07546296296296297 0.04010416666666667 0.03425925925925926
0 0.2078125 0.06157407407407407 0.0375 0.03611111111111111
0 0.26484375 0.053703703703703705 0.03697916666666667 0.03796296296296296
0 0.240625 0.08194444444444444 0.0578125 0.037037037037037035
0 0.22786458333333334 0.11851851851851852 0.05520833333333333 0.044444444444444446
0 0.05078125 0.1050925925925926 0.04010416666666667 0.05
0 0.029947916666666668 0.11990740740740741 0.034895833333333334 0.05462962962962963
0 0.08984375 0.0375 0.0359375 0.046296296296296294
0 0.1171875 0.03194444444444444 0.027083333333333334 0.03425925925925926
0 0.18072916666666666 0.017592592592592594 0.057291666666666664 0.03518518518518519
0 0.8328125 0.03657407407407407 0.0890625 0.07314814814814814
0 0.9674479166666666 0.09444444444444444 0.0453125 0.06666666666666667
0 0.9393229166666667 0.062037037037037036 0.03333333333333333 0.06388888888888888
0 0.975 0.052314814814814814 0.041666666666666664 0.03981481481481482
0 0.9348958333333334 0.02175925925925926 0.03697916666666667 0.04351851851851852
0 0.9799479166666667 0.16574074074074074 0.04010416666666667 0.0712962962962963