0 0.6744791666666666 0.5782407407407407 0.059375 0.09537037037037037
0 0.7203125 0.6162037037037037 0.05260416666666667 0.10925925925925926
0 0.784375 0.6171296296296296 0.06458333333333334 0.0962962962962963
0 0.8708333333333333 0.5907407407407408 0.04114583333333333 0.10740740740740741
0 0.7729166666666667 0.5291666666666667 0.06354166666666666 0.046296296296296294
0 0.79609375 0.4898148148148148 0.04739583333333333 0.046296296296296294
0 0.8356770833333333 0.487962962962963 0.05 0.053703703703703705
0 0.7440104166666667 0.48564814814814816 0.04791666666666667 0.06388888888888888
0 0.7049479166666667 0.4791666666666667 0.050520833333333334 0.0712962962962963
0 0.7302083333333333 0.4546296296296296 0.05572916666666667 0.02962962962962963
0 0.7697916666666667 0.4393518518518518 0.06145833333333333 0.05185185185185185
0 0.7986979166666667 0.42916666666666664 0.058333333333333334 0.04259259259259259
0 0.8083333333333333 0.39861111111111114 0.026041666666666668 0.018518518518518517
0 0.8091145833333333 0.3574074074074074 0.05 0.053703703703703705
0 0.7380208333333333 0.4 0.0765625 0.058333333333333334
0 0.7197916666666667 0.37453703703703706 0.06614583333333333 0.04259259259259259
0 0.7145833333333333 0.3458333333333333 0.06927083333333334 0.032407407407407406
0 0.7528645833333333 0.33425925925925926 0.049479166666666664 0.03333333333333333
0 0.7716145833333333 0.362962962962963 0.04635416666666667 0.03518518518518519
0 0.8690104166666667 0.4222222222222222 0.06822916666666666 0.05277777777777778
0 0.8796875 0.38981481481481484 0.057291666666666664 0.03611111111111111
0 0.8408854166666667 0.3907407407407407 0.053125 0.03981481481481482
0 0.9260416666666667 0.3851851851851852 0.058854166666666666 0.04722222222222222
0 0.9471354166666667 0.36898148148148147 0.03854166666666667 0.05740740740740741
0 0.9703125 0.3175925925925926 0.034895833333333334 0.044444444444444446
0 0.9861979166666667 0.35185185185185186 0.0265625 0.05925925925925926
0 0.9296875 0.30648148148148147 0.0484375 0.022222222222222223
0 0.8885416666666667 0.30416666666666664 0.026041666666666668 0.019444444444444445
0 0.8653645833333333 0.30092592592592593 0.007291666666666667 0.020370370370370372
0 0.8333333333333334 0.30416666666666664 0.028125 0.023148148148148147
0 0.81171875 0.27314814814814814 0.024479166666666666 0.012037037037037037
0 0.8109375 0.3199074074074074 0.021875 0.028703703703703703
0 0.8263020833333333 0.2865740740740741 0.0296875 0.025
0 0.85234375 0.26944444444444443 0.03125 0.021296296296296296
0 0.8700520833333333 0.2763888888888889 0.017708333333333333 0.022222222222222223
0 0.8489583333333334 0.2800925925925926 0.016145833333333335 0.020370370370370372
0 0.86953125 0.35555555555555557 0.044270833333333336 0.03333333333333333
0 0.9114583333333334 0.3458333333333333 0.030729166666666665 0.020370370370370372
0 0.9294270833333333 0.3287037037037037 0.018229166666666668 0.012037037037037037
0 0.8588541666666667 0.325 0.04479166666666667 0.04537037037037037
0 0.8338541666666667 0.32546296296296295 0.019270833333333334 0.023148148148148147
0 0.9614583333333333 0.5273148148148148 0.0390625 0.09444444444444444
0 0.9921875 0.5310185185185186 0.015625 0.07314814814814814
0 0.9875 0.26435185185185184 0.025 0.05185185185185185
0 0.97109375 0.22777777777777777 0.020833333333333332 0.05648148148148148
0 0.9494791666666667 0.2587962962962963 0.03177083333333333 0.05648148148148148
0 0.93671875 0.20787037037037037 0.01875 0.030555555555555555
0 0.8981770833333333 0.23287037037037037 0.03802083333333333 0.026851851851851852
0 0.8669270833333333 0.2310185185185185 0.0171875 0.020370370370370372
0 0.85 0.22268518518518518 0.008854166666666666 0.028703703703703703
0 0.8299479166666667 0.22407407407407406 0.0078125 0.017592592592592594
0 0.8184895833333333 0.22685185185185186 0.00625 0.017592592592592594
0 0.7940104166666667 0.22824074074074074 0.036458333333333336 0.017592592592592594
0 0.7716145833333333 0.2388888888888889 0.022395833333333334 0.04259259259259259
0 0.8315104166666667 0.24814814814814815 0.035416666666666666 0.040740740740740744
0 0.7833333333333333 0.26851851851851855 0.04583333333333333 0.02962962962962963
0 0.7807291666666667 0.3023148148148148 0.0328125 0.03611111111111111
0 0.7458333333333333 0.30324074074074076 0.04010416666666667 0.049074074074074076
0 0.7419270833333333 0.28055555555555556 0.044270833333333336 0.025
0 0.7140625 0.32037037037037036 0.03802083333333333 0.025
0 0.82421875 0.14722222222222223 0.030208333333333334 0.020370370370370372
0 0.8364583333333333 0.12268518518518519 0.020833333333333332 0.049074074074074076
0 0.8234375 0.11574074074074074 0.013020833333333334 0.030555555555555555
0 0.8145833333333333 0.1685185185185185 0.029166666666666667 0.05
0 0.7848958333333333 0.21064814814814814 0.03697916666666667 0.018518518518518517
0 0.8565104166666667 0.1884259259259259 0.019270833333333334 0.02962962962962963
0 0.8994791666666667 0.17037037037037037 0.028645833333333332 0.037037037037037035
0 0.92265625 0.17962962962962964 0.043229166666666666 0.019444444444444445
0 0.9497395833333333 0.17824074074074073 0.03333333333333333 0.030555555555555555
0 0.9143229166666667 0.20416666666666666 0.0296875 0.022222222222222223
0 0.99296875 0.1935185185185185 0.013541666666666667 0.032407407407407406
0 0.95546875 0.15185185185185185 0.0359375 0.025
0 0.8567708333333334 0.1675925925925926 0.025520833333333333 0.01574074074074074
0 0.8674479166666667 0.12638888888888888 0.025520833333333333 0.01574074074074074
0 0.87890625 0.13842592592592592 0.03854166666666667 0.012962962962962963
0 0.89296875 0.1259259259259259 0.022916666666666665 0.012962962962962963
0 0.9010416666666666 0.10972222222222222 0.0234375 0.011111111111111112
0 0.86875 0.1087962962962963 0.016666666666666666 0.010185185185185186
0 0.8466145833333333 0.08055555555555556 0.016145833333333335 0.03148148148148148
0 0.8375 0.08055555555555556 0.013020833333333334 0.026851851851851852
0 0.8315104166666667 0.09814814814814815 0.016666666666666666 0.025925925925925925
0 0.8552083333333333 0.05555555555555555 0.0140625 0.030555555555555555
0 0.87109375 0.034722222222222224 0.028125 0.03518518518518519
0 0.8791666666666667 0.02175925925925926 0.030208333333333334 0.030555555555555555
0 0.88515625 0.06388888888888888 0.022395833333333334 0.009259259259259259
0 0.8833333333333333 0.07592592592592592 0.020833333333333332 0.01574074074074074
0 0.9098958333333333 0.07777777777777778 0.025 0.017592592592592594
0 0.9630208333333333 0.058333333333333334 0.008854166666666666 0.018518518518518517
0 0.996875 0.11851851851851852 0.00625 0.025
0 0.71484375 0.11712962962962963 0.0140625 0.012037037037037037
0 0.7135416666666666 0.12916666666666668 0.014583333333333334 0.016666666666666666
0 0.7205729166666667 0.09953703703703703 0.014583333333333334 0.021296296296296296
0 0.7151041666666667 0.09027777777777778 0.0109375 0.011111111111111112
0 0.7125 0.14583333333333334 0.011979166666666667 0.018518518518518517
0 0.7184895833333333 0.1712962962962963 0.016666666666666666 0.020370370370370372
0 0.6911458333333333 0.1638888888888889 0.0140625 0.009259259259259259
0 0.6721354166666667 0.17731481481481481 0.013020833333333334 0.006481481481481481
0 0.671875 0.1884259259259259 0.014583333333333334 0.01574074074074074
0 0.6403645833333333 0.15694444444444444 0.011458333333333333 0.011111111111111112
0 0.6291666666666667 0.18333333333333332 0.0171875 0.01574074074074074
0 0.6153645833333333 0.14675925925925926 0.03125 0.03425925925925926
0 0.6776041666666667 0.09259259259259259 0.025520833333333333 0.037037037037037035
0 0.64921875 0.2337962962962963 0.016666666666666666 0.016666666666666666
0 0.6033854166666667 0.26064814814814813 0.016145833333333335 0.017592592592592594
0 0.6322916666666667 0.23564814814814813 0.01875 0.01574074074074074
0 0.55859375 0.2574074074074074 0.01875 0.022222222222222223
0 0.5333333333333333 0.2810185185185185 0.04791666666666667 0.032407407407407406
0 0.5783854166666667 0.29768518518518516 0.03697916666666667 0.041666666666666664
0 0.56171875 0.2865740740740741 0.03229166666666667 0.025925925925925925
0 0.6127604166666667 0.2814814814814815 0.041666666666666664 0.03981481481481482
0 0.6434895833333333 0.27361111111111114 0.030729166666666665 0.021296296296296296
0 0.6364583333333333 0.28703703703703703 0.0296875 0.03518518518518519
0 0.6705729166666666 0.2861111111111111 0.0296875 0.03333333333333333
0 0.6705729166666666 0.26666666666666666 0.03229166666666667 0.024074074074074074
0 0.5466145833333333 0.21805555555555556 0.03177083333333333 0.024074074074074074
0 0.5747395833333333 0.2111111111111111 0.020833333333333332 0.01574074074074074
0 0.6049479166666667 0.22916666666666666 0.013020833333333334 0.018518518518518517
0 0.55703125 0.2449074074074074 0.009895833333333333 0.012962962962962963
0 0.5208333333333334 0.26805555555555555 0.03958333333333333 0.037037037037037035
0 0.5138020833333333 0.25416666666666665 0.03697916666666667 0.03518518518518519
0 0.5200520833333333 0.3333333333333333 0.036458333333333336 0.041666666666666664
0 0.5119791666666667 0.3189814814814815 0.034375 0.021296296296296296
0 0.5552083333333333 0.3277777777777778 0.025520833333333333 0.03425925925925926
0 0.5997395833333333 0.33240740740740743 0.025520833333333333 0.019444444444444445
0 0.628125 0.3199074074074074 0.027083333333333334 0.018518518518518517
0 0.6354166666666666 0.32731481481481484 0.028645833333333332 0.030555555555555555
0 0.5736979166666667 0.3509259259259259 0.03177083333333333 0.03333333333333333
0 0.5486979166666667 0.3814814814814815 0.021875 0.012962962962962963
0 0.5604166666666667 0.4023148148148148 0.023958333333333335 0.028703703703703703
0 0.57578125 0.40324074074074073 0.019270833333333334 0.030555555555555555
0 0.62265625 0.3888888888888889 0.021354166666666667 0.025
0 0.6067708333333334 0.35648148148148145 0.019791666666666666 0.025
0 0.5236979166666667 0.4041666666666667 0.034375 0.02962962962962963
0 0.43020833333333336 0.38055555555555554 0.03125 0.03425925925925926
0 0.4627604166666667 0.37453703703703706 0.019791666666666666 0.025925925925925925
0 0.4348958333333333 0.425462962962963 0.04635416666666667 0.04537037037037037
0 0.47942708333333334 0.41805555555555557 0.035416666666666666 0.062037037037037036
0 0.4765625 0.36527777777777776 0.04010416666666667 0.04259259259259259
0 0.47890625 0.31574074074074077 0.0421875 0.041666666666666664
0 0.4625 0.2912037037037037 0.026041666666666668 0.041666666666666664
0 0.45078125 0.25972222222222224 0.0328125 0.046296296296296294
0 0.48072916666666665 0.25277777777777777 0.026041666666666668 0.049074074074074076
0 0.42552083333333335 0.2962962962962963 0.034375 0.05185185185185185
0 0.50625 0.22037037037037038 0.028125 0.03981481481481482
0 0.5231770833333333 0.19398148148148148 0.019791666666666666 0.044444444444444446
0 0.46458333333333335 0.10324074074074074 0.030729166666666665 0.049074074074074076
0 0.49765625 0.043055555555555555 0.025520833333333333 0.044444444444444446
0 0.51171875 0.12083333333333333 0.027604166666666666 0.02962962962962963
0 0.5369791666666667 0.10324074074074074 0.0265625 0.022222222222222223
0 0.4231770833333333 0.16527777777777777 0.03125 0.02962962962962963
0 0.39947916666666666 0.20787037037037037 0.025520833333333333 0.016666666666666666
0 0.42526041666666664 0.19953703703703704 0.01875 0.02962962962962963
0 0.4234375 0.25277777777777777 0.03229166666666667 0.030555555555555555
0 0.41119791666666666 0.34444444444444444 0.034895833333333334 0.04259259259259259
0 0.3984375 0.3592592592592593 0.036458333333333336 0.027777777777777776
0 0.36302083333333335 0.3638888888888889 0.04479166666666667 0.030555555555555555
0 0.36276041666666664 0.337037037037037 0.027083333333333334 0.023148148148148147
0 0.34036458333333336 0.3490740740740741 0.034895833333333334 0.023148148148148147
0 0.36614583333333334 0.4217592592592593 0.046875 0.0712962962962963
0 0.30755208333333334 0.4337962962962963 0.03125 0.07037037037037037
0 0.27734375 0.44027777777777777 0.025520833333333333 0.07592592592592592
0 0.24427083333333333 0.44027777777777777 0.034895833333333334 0.06944444444444445
0 0.21302083333333333 0.43425925925925923 0.03854166666666667 0.05648148148148148
0 0.215625 0.3106481481481482 0.03229166666666667 0.049074074074074076
0 0.2671875 0.3300925925925926 0.04375 0.04722222222222222
0 0.28046875 0.2587962962962963 0.0171875 0.03611111111111111
0 0.3138020833333333 0.2337962962962963 0.030729166666666665 0.03796296296296296
0 0.146875 0.38055555555555554 0.036458333333333336 0.04814814814814815
0 0.2950520833333333 0.2949074074074074 0.033854166666666664 0.027777777777777776
0 0.3260416666666667 0.28379629629629627 0.03229166666666667 0.030555555555555555
0 0.17890625 0.27824074074074073 0.0359375 0.041666666666666664
0 0.13984375 0.2763888888888889 0.010416666666666666 0.049074074074074076
0 0.11901041666666666 0.29444444444444445 0.03229166666666667 0.026851851851851852
0 0.08880208333333334 0.3337962962962963 0.0375 0.03148148148148148
0 0.08411458333333334 0.37083333333333335 0.034375 0.03333333333333333
0 0.039322916666666666 0.34305555555555556 0.0296875 0.02962962962962963
0 0.009114583333333334 0.37824074074074077 0.018229166666666668 0.05648148148148148
0 0.434375 0.1111111111111111 0.028645833333333332 0.037037037037037035
0 0.1140625 0.5416666666666666 0.05 0.05277777777777778
0 0.13177083333333334 0.5069444444444444 0.04583333333333333 0.040740740740740744
0 0.1234375 0.6060185185185185 0.059375 0.08333333333333333
0 0.21067708333333332 0.6111111111111112 0.06510416666666667 0.04722222222222222
0 0.2747395833333333 0.587037037037037 0.0578125 0.07407407407407407
0 0.2908854166666667 0.49027777777777776 0.06041666666666667 0.05277777777777778
0 0.2981770833333333 0.5268518518518519 0.0703125 0.05740740740740741
0 0.3424479166666667 0.49583333333333335 0.059895833333333336 0.06944444444444445
0 0.3375 0.600925925925926 0.05520833333333333 0.08981481481481482
0 0.37786458333333334 0.4912037037037037 0.03958333333333333 0.07407407407407407
0 0.3997395833333333 0.5 0.052083333333333336 0.07685185185185185
0 0.428125 0.5351851851851852 0.03854166666666667 0.07222222222222222
0 0.45729166666666665 0.5013888888888889 0.0359375 0.02962962962962963
0 0.47239583333333335 0.5388888888888889 0.043229166666666666 0.04722222222222222
0 0.5028645833333333 0.5046296296296297 0.03229166666666667 0.07685185185185185
0 0.490625 0.5791666666666667 0.03177083333333333 0.06111111111111111
0 0.44869791666666664 0.6046296296296296 0.059375 0.07685185185185185
0 0.39427083333333335 0.5949074074074074 0.0453125 0.06481481481481481
0 0.40989583333333335 0.6546296296296297 0.071875 0.06944444444444445
0 0.4703125 0.6861111111111111 0.06875 0.0712962962962963
0 0.44140625 0.7444444444444445 0.07708333333333334 0.12777777777777777
0 0.35260416666666666 0.7694444444444445 0.0765625 0.11851851851851852
0 0.18359375 0.6824074074074075 0.06302083333333333 0.07592592592592592
0 0.06901041666666667 0.6583333333333333 0.03854166666666667 0.07685185185185185
0 0.03359375 0.8291666666666667 0.0671875 0.09074074074074075
0 0.7484375 0.9226851851851852 0.0875 0.09259259259259259
0 0.775 0.9657407407407408 0.08802083333333334 0.06851851851851852
0 0.9520833333333333 0.8736111111111111 0.09479166666666666 0.10092592592592593
0 0.9583333333333334 0.9708333333333333 0.0796875 0.058333333333333334
0 0.5604166666666667 0.46296296296296297 0.046875 0.04259259259259259
0 0.5739583333333333 0.4462962962962963 0.035416666666666666 0.03148148148148148
0 0.5130208333333334 0.44722222222222224 0.058333333333333334 0.03981481481481482
0 0.5390625 0.49953703703703706 0.035416666666666666 0.058333333333333334
0 0.5315104166666667 0.5606481481481481 0.06354166666666666 0.05092592592592592
0 0.6169270833333333 0.4601851851851852 0.03958333333333333 0.05555555555555555
0 0.8940104166666667 0.27361111111111114 0.024479166666666666 0.012962962962962963