0 0.7705729166666667 0.9555555555555556 0.14947916666666666 0.08888888888888889
0 0.7786458333333334 0.8199074074074074 0.08385416666666666 0.13148148148148148
0 0.8958333333333334 0.7708333333333334 0.0578125 0.15555555555555556
0 0.9604166666666667 0.7925925925925926 0.07916666666666666 0.14074074074074075
0 0.7635416666666667 0.41805555555555557 0.09322916666666667 0.1675925925925926
0 0.5838541666666667 0.6393518518518518 0.13333333333333333 0.1712962962962963
0 0.5471354166666667 0.799074074074074 0.15520833333333334 0.1814814814814815
0 0.4453125 0.38657407407407407 0.06875 0.09537037037037037
0 0.40572916666666664 0.2791666666666667 0.05520833333333333 0.11018518518518519
0 0.44895833333333335 0.24675925925925926 0.0140625 0.03148148148148148
0 0.49765625 0.26851851851851855 0.03229166666666667 0.03981481481481482
0 0.5184895833333333 0.225 0.027604166666666666 0.03981481481481482
0 0.8294270833333334 0.3101851851851852 0.0640625 0.13055555555555556
0 0.8229166666666666 0.25972222222222224 0.08385416666666666 0.07592592592592592
0 0.9234375 0.26666666666666666 0.07395833333333333 0.06944444444444445
0 0.7502604166666667 0.3143518518518518 0.0796875 0.075
0 0.5861979166666667 0.500462962962963 0.08802083333333334 0.08796296296296297
0 0.5700520833333333 0.425 0.05416666666666667 0.09259259259259259
0 0.5341145833333333 0.3365740740740741 0.0421875 0.062037037037037036
0 0.5841145833333333 0.32175925925925924 0.026041666666666668 0.05092592592592592
0 0.609375 0.3060185185185185 0.03177083333333333 0.04814814814814815
0 0.6169270833333333 0.36574074074074076 0.0671875 0.07037037037037037
0 0.5109375 0.38796296296296295 0.03697916666666667 0.13055555555555556
0 0.49114583333333334 0.3300925925925926 0.05260416666666667 0.041666666666666664
0 0.47760416666666666 0.3050925925925926 0.06770833333333333 0.03796296296296296
0 0.4822916666666667 0.2652777777777778 0.053125 0.03981481481481482
0 0.6536458333333334 0.44305555555555554 0.07864583333333333 0.1
0 0.6549479166666666 0.24722222222222223 0.04583333333333333 0.07962962962962963
0 0.7158854166666667 0.2199074074074074 0.0484375 0.08981481481481482
0 0.8325520833333333 0.16712962962962963 0.046875 0.14074074074074075
0 0.9755208333333333 0.1574074074074074 0.04739583333333333 0.06111111111111111
0 0.8854166666666666 0.20416666666666666 0.05364583333333333 0.05462962962962963
0 0.8984375 0.08703703703703704 0.046875 0.07222222222222222
0 0.9861979166666667 0.05324074074074074 0.027604166666666666 0.07314814814814814
0 0.9184895833333333 0.04212962962962963 0.03958333333333333 0.08425925925925926
0 0.5697916666666667 0.23055555555555557 0.022916666666666665 0.026851851851851852
0 0.59453125 0.27361111111111114 0.040625 0.07407407407407407
0 0.60703125 0.24027777777777778 0.0296875 0.05462962962962963
0 0.521875 0.1935185185185185 0.034375 0.05648148148148148
0 0.4903645833333333 0.16898148148148148 0.03177083333333333 0.05740740740740741
0 0.5325520833333334 0.11388888888888889 0.0484375 0.040740740740740744
0 0.428125 0.1300925925925926 0.033854166666666664 0.10092592592592593
0 0.3997395833333333 0.12777777777777777 0.03802083333333333 0.09537037037037037
0 0.46067708333333335 0.12638888888888888 0.0359375 0.07314814814814814
0 0.6111979166666667 0.0699074074074074 0.0328125 0.06111111111111111
0 0.6338541666666667 0.043055555555555555 0.04010416666666667 0.05648148148148148
0 0.5572916666666666 0.07916666666666666 0.021354166666666667 0.03333333333333333
0 0.6888020833333334 0.10416666666666667 0.03802083333333333 0.06666666666666667
0 0.65234375 0.11666666666666667 0.03802083333333333 0.024074074074074074
0 0.6684895833333333 0.14814814814814814 0.05416666666666667 0.04814814814814815
0 0.5598958333333334 0.17962962962962964 0.034375 0.06388888888888888
0 0.59765625 0.18796296296296297 0.051041666666666666 0.07037037037037037
0 0.70859375 0.16712962962962963 0.0359375 0.03611111111111111
0 0.7401041666666667 0.13287037037037036 0.04635416666666667 0.05648148148148148
0 0.7674479166666667 0.11157407407407408 0.027083333333333334 0.041666666666666664
0 0.74375 0.056018518518518516 0.04791666666666667 0.037037037037037035
0 0.7265625 0.07916666666666666 0.04739583333333333 0.03611111111111111
0 0.7822916666666667 0.050462962962962966 0.035416666666666666 0.03425925925925926
0 0.7713541666666667 0.07268518518518519 0.043229166666666666 0.03611111111111111
0 0.6890625 0.02638888888888889 0.051041666666666666 0.03888888888888889
0 0.6731770833333334 0.055092592592592596 0.029166666666666667 0.05
0 0.515625 0.04953703703703704 0.035416666666666666 0.06666666666666667
0 0.3502604166666667 0.1527777777777778 0.049479166666666664 0.05092592592592592
0 0.21510416666666668 0.27824074074074073 0.06354166666666666 0.09074074074074075
0 0.16796875 0.2689814814814815 0.0390625 0.058333333333333334
0 0.25338541666666664 0.2212962962962963 0.06666666666666667 0.05555555555555555
0 0.28046875 0.1935185185185185 0.034375 0.05185185185185185
0 0.0375 0.12037037037037036 0.06822916666666666 0.12407407407407407
0 0.07369791666666667 0.07314814814814814 0.04010416666666667 0.12037037037037036
0 0.10911458333333333 0.05277777777777778 0.05572916666666667 0.10555555555555556
0 0.16744791666666667 0.032407407407407406 0.040625 0.05648148148148148
0 0.19583333333333333 0.5050925925925925 0.0890625 0.13425925925925927