0 0.11536458333333334 0.21712962962962962 0.03177083333333333 0.03796296296296296
0 0.14479166666666668 0.18194444444444444 0.0328125 0.030555555555555555
0 0.18802083333333333 0.17314814814814813 0.035416666666666666 0.05185185185185185
0 0.25078125 0.16574074074074074 0.019270833333333334 0.05555555555555555
0 0.27682291666666664 0.16527777777777777 0.022916666666666665 0.03796296296296296
0 0.30911458333333336 0.16435185185185186 0.021354166666666667 0.04537037037037037
0 0.10104166666666667 0.19444444444444445 0.03125 0.02962962962962963
0 0.06953125 0.2152777777777778 0.0453125 0.046296296296296294
0 0.01875 0.27037037037037037 0.03697916666666667 0.08796296296296297
0 0.05416666666666667 0.2564814814814815 0.033854166666666664 0.04537037037037037
0 0.06927083333333334 0.3111111111111111 0.046875 0.05555555555555555
0 0.015625 0.20925925925925926 0.014583333333333334 0.009259259259259259
0 0.07604166666666666 0.21481481481481482 0.029166666666666667 0.05092592592592592
0 0.008333333333333333 0.287962962962963 0.016666666666666666 0.06111111111111111
0 0.034895833333333334 0.2222222222222222 0.019270833333333334 0.03518518518518519
0 0.4080729166666667 0.07453703703703704 0.034375 0.03611111111111111
0 0.39140625 0.0412037037037037 0.022916666666666665 0.037037037037037035
0 0.3802083333333333 0.047685185185185185 0.016145833333333335 0.012037037037037037
0 0.36692708333333335 0.07731481481481481 0.021354166666666667 0.03425925925925926
0 0.37161458333333336 0.10648148148148148 0.024479166666666666 0.04537037037037037
0 0.34270833333333334 0.10740740740740741 0.025 0.03611111111111111
0 0.46640625 0.020370370370370372 0.029166666666666667 0.03888888888888889
0 0.4348958333333333 0.016203703703703703 0.011458333333333333 0.032407407407407406
0 0.41458333333333336 0.022222222222222223 0.018229166666666668 0.044444444444444446
0 0.4856770833333333 0.1310185185185185 0.035416666666666666 0.023148148148148147
0 0.5234375 0.11388888888888889 0.030208333333333334 0.03518518518518519
0 0.5075520833333333 0.11944444444444445 0.0234375 0.020370370370370372
0 0.4861979166666667 0.10648148148148148 0.0234375 0.021296296296296296
0 0.4125 0.10185185185185185 0.0171875 0.013888888888888888
0 0.3848958333333333 0.16620370370370371 0.03697916666666667 0.014814814814814815
0 0.4083333333333333 0.20046296296296295 0.0328125 0.032407407407407406
0 0.3919270833333333 0.18564814814814815 0.027083333333333334 0.012037037037037037
0 0.38359375 0.2337962962962963 0.027604166666666666 0.030555555555555555
0 0.3572916666666667 0.24351851851851852 0.033854166666666664 0.02962962962962963
0 0.3151041666666667 0.2449074074074074 0.04635416666666667 0.027777777777777776
0 0.3221354166666667 0.2773148148148148 0.0296875 0.04814814814814815
0 0.35989583333333336 0.2777777777777778 0.0421875 0.03981481481481482
0 0.39609375 0.25416666666666665 0.027083333333333334 0.05092592592592592
0 0.37109375 0.3162037037037037 0.0484375 0.03425925925925926
0 0.37473958333333335 0.3365740740740741 0.028645833333333332 0.05462962962962963
0 0.31197916666666664 0.3277777777777778 0.06770833333333333 0.05648148148148148
0 0.26223958333333336 0.35 0.040625 0.046296296296296294
0 0.23645833333333333 0.37222222222222223 0.034895833333333334 0.05277777777777778
0 0.24192708333333332 0.324537037037037 0.0453125 0.037037037037037035
0 0.20989583333333334 0.32175925925925924 0.044270833333333336 0.06111111111111111
0 0.246875 0.4439814814814815 0.06927083333333334 0.07592592592592592
0 0.30572916666666666 0.40185185185185185 0.0546875 0.030555555555555555
0 0.32838541666666665 0.4462962962962963 0.0671875 0.05092592592592592
0 0.3020833333333333 0.37175925925925923 0.036458333333333336 0.023148148148148147
0 0.27421875 0.387037037037037 0.0421875 0.03148148148148148
0 0.18645833333333334 0.3902777777777778 0.04635416666666667 0.06944444444444445
0 0.10286458333333333 0.4925925925925926 0.06614583333333333 0.09907407407407408
0 0.09036458333333333 0.4689814814814815 0.057291666666666664 0.09351851851851851
0 0.13203125 0.5657407407407408 0.08385416666666666 0.05555555555555555
0 0.13203125 0.5148148148148148 0.04375 0.06944444444444445
0 0.017708333333333333 0.5412037037037037 0.035416666666666666 0.07685185185185185
0 0.3567708333333333 0.41388888888888886 0.041666666666666664 0.025925925925925925
0 0.3541666666666667 0.38425925925925924 0.05260416666666667 0.022222222222222223
0 0.33098958333333334 0.3726851851851852 0.05520833333333333 0.022222222222222223
0 0.41822916666666665 0.4351851851851852 0.052083333333333336 0.06759259259259259
0 0.38645833333333335 0.45925925925925926 0.029166666666666667 0.0824074074074074
0 0.3859375 0.4078703703703704 0.044270833333333336 0.06388888888888888
0 0.4315104166666667 0.37962962962962965 0.04479166666666667 0.026851851851851852
0 0.40911458333333334 0.3597222222222222 0.05625 0.03796296296296296
0 0.40729166666666666 0.33055555555555555 0.022916666666666665 0.018518518518518517
0 0.38958333333333334 0.29444444444444445 0.059895833333333336 0.02962962962962963
0 0.4434895833333333 0.2569444444444444 0.043229166666666666 0.058333333333333334
0 0.48072916666666665 0.25324074074074077 0.030729166666666665 0.053703703703703705
0 0.4171875 0.28379629629629627 0.04583333333333333 0.040740740740740744
0 0.46145833333333336 0.2935185185185185 0.04479166666666667 0.020370370370370372
0 0.45677083333333335 0.31527777777777777 0.04479166666666667 0.025925925925925925
0 0.47265625 0.33194444444444443 0.06927083333333334 0.05185185185185185
0 0.47734375 0.27685185185185185 0.016145833333333335 0.010185185185185186
0 0.48776041666666664 0.28888888888888886 0.011979166666666667 0.01574074074074074
0 0.5158854166666667 0.2898148148148148 0.021875 0.019444444444444445
0 0.5239583333333333 0.25 0.018229166666666668 0.019444444444444445
0 0.53203125 0.31296296296296294 0.034375 0.022222222222222223
0 0.5471354166666667 0.29814814814814816 0.035416666666666666 0.017592592592592594
0 0.5411458333333333 0.26990740740740743 0.049479166666666664 0.016666666666666666
0 0.5299479166666666 0.2361111111111111 0.0390625 0.01574074074074074
0 0.5473958333333333 0.25 0.03125 0.01574074074074074
0 0.52734375 0.21851851851851853 0.027604166666666666 0.027777777777777776
0 0.5403645833333334 0.2074074074074074 0.043229166666666666 0.025925925925925925
0 0.5114583333333333 0.25324074074074077 0.029166666666666667 0.037037037037037035
0 0.48463541666666665 0.2101851851851852 0.04635416666666667 0.027777777777777776
0 0.46380208333333334 0.21435185185185185 0.0421875 0.040740740740740744
0 0.46067708333333335 0.18888888888888888 0.013020833333333334 0.018518518518518517
0 0.47630208333333335 0.17916666666666667 0.019791666666666666 0.02962962962962963
0 0.49453125 0.18194444444444444 0.011458333333333333 0.03425925925925926
0 0.5140625 0.1763888888888889 0.0109375 0.019444444444444445
0 0.52734375 0.16805555555555557 0.010416666666666666 0.037037037037037035
0 0.5744791666666667 0.17222222222222222 0.022395833333333334 0.025925925925925925
0 0.5817708333333333 0.2023148148148148 0.040625 0.016666666666666666
0 0.5752604166666667 0.24768518518518517 0.027604166666666666 0.018518518518518517
0 0.5955729166666667 0.23194444444444445 0.024479166666666666 0.02962962962962963
0 0.6052083333333333 0.24212962962962964 0.021875 0.044444444444444446
0 0.6315104166666666 0.21157407407407408 0.036458333333333336 0.022222222222222223
0 0.5703125 0.32083333333333336 0.0515625 0.013888888888888888
0 0.5661458333333333 0.34305555555555556 0.0234375 0.026851851851851852
0 0.5369791666666667 0.3625 0.0390625 0.014814814814814815
0 0.5322916666666667 0.3888888888888889 0.035416666666666666 0.024074074074074074
0 0.5106770833333333 0.4074074074074074 0.03854166666666667 0.05648148148148148
0 0.4739583333333333 0.3875 0.05416666666666667 0.03981481481481482
0 0.46041666666666664 0.425462962962963 0.0421875 0.041666666666666664
0 0.50703125 0.47962962962962963 0.04739583333333333 0.08888888888888889
0 0.4591145833333333 0.48009259259259257 0.03697916666666667 0.0787037037037037
0 0.4125 0.5106481481481482 0.0515625 0.13333333333333333
0 0.39505208333333336 0.6046296296296296 0.0734375 0.0712962962962963
0 0.4859375 0.5740740740740741 0.096875 0.0787037037037037
0 0.5682291666666667 0.6055555555555555 0.09322916666666667 0.2111111111111111
0 0.5848958333333333 0.512962962962963 0.06458333333333334 0.07592592592592592
0 0.44947916666666665 0.6958333333333333 0.06822916666666666 0.1574074074074074
0 0.32708333333333334 0.6851851851851852 0.06927083333333334 0.10833333333333334
0 0.2518229166666667 0.774074074074074 0.07447916666666667 0.1388888888888889
0 0.38776041666666666 0.788425925925926 0.06927083333333334 0.16574074074074074
0 0.33984375 0.9212962962962963 0.08489583333333334 0.1574074074074074
0 0.23802083333333332 0.9689814814814814 0.06770833333333333 0.062037037037037036
0 0.62109375 0.4064814814814815 0.0484375 0.07962962962962963
0 0.6369791666666667 0.3351851851851852 0.04479166666666667 0.07037037037037037
0 0.6565104166666667 0.3074074074074074 0.040625 0.032407407407407406
0 0.6708333333333333 0.2912037037037037 0.04583333333333333 0.041666666666666664
0 0.6760416666666667 0.27685185185185185 0.04791666666666667 0.037037037037037035
0 0.6973958333333333 0.2689814814814815 0.06354166666666666 0.025
0 0.6979166666666666 0.23472222222222222 0.025 0.03888888888888889
0 0.6755208333333333 0.2412037037037037 0.027083333333333334 0.01574074074074074
0 0.734375 0.29907407407407405 0.029166666666666667 0.022222222222222223
0 0.7432291666666667 0.2851851851851852 0.033854166666666664 0.03425925925925926
0 0.75625 0.24074074074074073 0.025 0.021296296296296296
0 0.7369791666666666 0.24444444444444444 0.025 0.017592592592592594
0 0.7653645833333333 0.2675925925925926 0.0171875 0.023148148148148147
0 0.7666666666666667 0.28935185185185186 0.028125 0.019444444444444445
0 0.7674479166666667 0.30462962962962964 0.0390625 0.023148148148148147
0 0.76640625 0.3384259259259259 0.03958333333333333 0.049074074074074076
0 0.6942708333333333 0.3398148148148148 0.04635416666666667 0.05555555555555555
0 0.7380208333333333 0.3680555555555556 0.03958333333333333 0.05185185185185185
0 0.6796875 0.40694444444444444 0.052083333333333336 0.06944444444444445
0 0.7229166666666667 0.45416666666666666 0.08489583333333334 0.09074074074074075
0 0.7299479166666667 0.4060185185185185 0.05260416666666667 0.053703703703703705
0 0.7721354166666666 0.42824074074074076 0.043229166666666666 0.06481481481481481
0 0.8130208333333333 0.4064814814814815 0.07447916666666667 0.08425925925925926
0 0.80703125 0.35138888888888886 0.04010416666666667 0.037037037037037035
0 0.8026041666666667 0.2777777777777778 0.03802083333333333 0.019444444444444445
0 0.7986979166666667 0.2625 0.0359375 0.018518518518518517
0 0.8247395833333333 0.2638888888888889 0.030729166666666665 0.019444444444444445
0 0.8419270833333333 0.2916666666666667 0.027604166666666666 0.03518518518518519
0 0.8015625 0.300462962962963 0.018229166666666668 0.027777777777777776
0 0.8174479166666667 0.29814814814814816 0.0171875 0.012962962962962963
0 0.8244791666666667 0.31851851851851853 0.0375 0.03333333333333333
0 0.8010416666666667 0.23148148148148148 0.018229166666666668 0.017592592592592594
0 0.8096354166666667 0.21666666666666667 0.0125 0.017592592592592594
0 0.74453125 0.2273148148148148 0.021354166666666667 0.006481481481481481
0 0.7651041666666667 0.22361111111111112 0.014583333333333334 0.01574074074074074
0 0.7138020833333333 0.20879629629629629 0.010416666666666666 0.013888888888888888
0 0.7328125 0.20601851851851852 0.027604166666666666 0.020370370370370372
0 0.7822916666666667 0.1962962962962963 0.020833333333333332 0.021296296296296296
0 0.7921875 0.17824074074074073 0.016666666666666666 0.014814814814814815
0 0.8026041666666667 0.1884259259259259 0.015625 0.012037037037037037
0 0.8283854166666667 0.2 0.03333333333333333 0.04259259259259259
0 0.81484375 0.2351851851851852 0.014583333333333334 0.012037037037037037
0 0.8208333333333333 0.2490740740740741 0.01875 0.012037037037037037
0 0.8278645833333333 0.2361111111111111 0.010416666666666666 0.012962962962962963
0 0.7625 0.16203703703703703 0.0359375 0.06759259259259259
0 0.7674479166666667 0.12731481481481483 0.03229166666666667 0.07592592592592592
0 0.7807291666666667 0.10972222222222222 0.030729166666666665 0.06574074074074074
0 0.78203125 0.08564814814814815 0.026041666666666668 0.03611111111111111
0 0.60078125 0.1111111111111111 0.025520833333333333 0.013888888888888888
0 0.5869791666666667 0.10416666666666667 0.0484375 0.02962962962962963
0 0.5942708333333333 0.1287037037037037 0.0484375 0.022222222222222223
0 0.5486979166666667 0.1425925925925926 0.021354166666666667 0.025925925925925925
0 0.5453125 0.13194444444444445 0.027083333333333334 0.024074074074074074
0 0.57734375 0.15324074074074073 0.0421875 0.012037037037037037
0 0.59765625 0.14722222222222223 0.03697916666666667 0.030555555555555555
0 0.6213541666666667 0.10555555555555556 0.015625 0.013888888888888888
0 0.6114583333333333 0.075 0.015104166666666667 0.012962962962962963
0 0.5796875 0.06851851851851852 0.018229166666666668 0.016666666666666666
0 0.6291666666666667 0.18981481481481483 0.028125 0.026851851851851852
0 0.5973958333333333 0.18888888888888888 0.029166666666666667 0.022222222222222223
0 0.665625 0.17592592592592593 0.033854166666666664 0.040740740740740744
0 0.6760416666666667 0.14074074074074075 0.034375 0.024074074074074074
0 0.63046875 0.1259259259259259 0.016145833333333335 0.010185185185185186
0 0.6497395833333334 0.12962962962962962 0.0109375 0.022222222222222223
0 0.6411458333333333 0.15462962962962962 0.0171875 0.020370370370370372
0 0.5502604166666667 0.09583333333333334 0.035416666666666666 0.030555555555555555
0 0.5572916666666666 0.06851851851851852 0.019791666666666666 0.03425925925925926
0 0.5268229166666667 0.05787037037037037 0.025 0.028703703703703703
0 0.5919270833333333 0.05324074074074074 0.028125 0.03148148148148148
0 0.6075520833333333 0.06481481481481481 0.03333333333333333 0.02962962962962963
0 0.6341145833333334 0.03796296296296296 0.016666666666666666 0.021296296296296296
0 0.6393229166666666 0.059722222222222225 0.015625 0.017592592592592594
0 0.65390625 0.09444444444444444 0.027604166666666666 0.020370370370370372
0 0.6619791666666667 0.04675925925925926 0.015104166666666667 0.01574074074074074
0 0.725 0.09814814814814815 0.013541666666666667 0.021296296296296296
0 0.7067708333333333 0.09259259259259259 0.023958333333333335 0.025925925925925925
0 0.7223958333333333 0.07083333333333333 0.0140625 0.013888888888888888
0 0.70546875 0.053703703703703705 0.014583333333333334 0.009259259259259259
0 0.7067708333333333 0.07175925925925926 0.011979166666666667 0.012037037037037037
0 0.7450520833333333 0.0587962962962963 0.013020833333333334 0.008333333333333333
0 0.815625 0.03935185185185185 0.01875 0.044444444444444446
0 0.85859375 0.1736111111111111 0.04791666666666667 0.03796296296296296
0 0.83359375 0.14814814814814814 0.035416666666666666 0.027777777777777776
0 0.8278645833333333 0.12777777777777777 0.017708333333333333 0.012962962962962963
0 0.85234375 0.12083333333333333 0.022395833333333334 0.027777777777777776
0 0.8598958333333333 0.14166666666666666 0.022395833333333334 0.025925925925925925
0 0.87421875 0.14166666666666666 0.0125 0.022222222222222223
0 0.884375 0.13657407407407407 0.008333333333333333 0.009259259259259259
0 0.8895833333333333 0.19027777777777777 0.0234375 0.037037037037037035
0 0.8697916666666666 0.20787037037037037 0.033854166666666664 0.03611111111111111
0 0.8838541666666667 0.22546296296296298 0.03958333333333333 0.037037037037037035
0 0.9315104166666667 0.1962962962962963 0.04895833333333333 0.05462962962962963
0 0.9700520833333334 0.1537037037037037 0.01875 0.03425925925925926
0 0.9296875 0.14351851851851852 0.0296875 0.016666666666666666
0 0.9153645833333334 0.1625 0.022916666666666665 0.021296296296296296
0 0.93671875 0.10694444444444444 0.034375 0.019444444444444445
0 0.90703125 0.07731481481481481 0.011458333333333333 0.007407407407407408
0 0.8359375 0.10416666666666667 0.015104166666666667 0.025
0 0.8208333333333333 0.09074074074074075 0.0375 0.014814814814814815
0 0.9822916666666667 0.1425925925925926 0.019270833333333334 0.03425925925925926
0 0.9833333333333333 0.20277777777777778 0.03177083333333333 0.028703703703703703
0 0.9869791666666666 0.21666666666666667 0.026041666666666668 0.019444444444444445
0 0.9794270833333333 0.24074074074074073 0.04114583333333333 0.026851851851851852
0 0.9260416666666667 0.24768518518518517 0.03697916666666667 0.037037037037037035
0 0.9447916666666667 0.24212962962962964 0.030729166666666665 0.03981481481481482
0 0.9822916666666667 0.27824074074074073 0.035416666666666666 0.04259259259259259
0 0.9416666666666667 0.28935185185185186 0.03958333333333333 0.04351851851851852
0 0.8822916666666667 0.2935185185185185 0.04114583333333333 0.03981481481481482
0 0.86640625 0.3416666666666667 0.06927083333333334 0.062037037037037036
0 0.9197916666666667 0.3384259259259259 0.06145833333333333 0.05740740740740741
0 0.9796875 0.34953703703703703 0.040625 0.07314814814814814
0 0.9096354166666667 0.4439814814814815 0.06614583333333333 0.06944444444444445
0 0.9677083333333333 0.5527777777777778 0.06458333333333334 0.08333333333333333
0 0.9924479166666667 0.612037037037037 0.015104166666666667 0.08518518518518518
0 0.8390625 0.7449074074074075 0.0578125 0.12962962962962962
0 0.9283854166666666 0.8143518518518519 0.10729166666666666 0.10092592592592593
0 0.9802083333333333 0.8342592592592593 0.03958333333333333 0.125
0 0.98671875 0.9287037037037037 0.0265625 0.10648148148148148
0 0.74765625 0.9629629629629629 0.09947916666666666 0.07407407407407407
0 0.6885416666666667 0.8222222222222222 0.09635416666666667 0.11944444444444445