0 0.6241244791666667 0.7349157407407407 0.6102270833333333 0.716624074074074 0.5931953125 0.7098851851851852 0.5719604166666666 0.7098851851851852 0.5589317708333332 0.6911824074074074 0.5428197916666666 0.6934712962962962 0.5381744791666667 0.7016787037037037 0.5396463541666667 0.7139888888888889 0.550725 0.7246574074074074 0.5465703125 0.7394296296296295 0.5451854166666668 0.7525601851851852 0.5502635416666667 0.7796425925925926 0.559034375 0.7897740740740741 0.5654973958333334 0.7968768518518518 0.575653125 0.7993101851851852 0.5959651041666666 0.7837462962962963 0.6033510416666666 0.778000925925926 0.6102755208333334 0.7821046296296297 0.6162765625 0.787849074074074 0.6222781249999999 0.7944148148148148 0.6296640625 0.7886703703703704 0.6384348958333333 0.787849074074074 0.6444364583333333 0.7837462962962963 0.6448979166666666 0.7812842592592593 0.6615166666666668 0.7837462962962963 0.6545921875 0.7706148148148149 0.6336307291666666 0.7585861111111112 0.6241244791666667 0.7349157407407407
0 0.5244125 0.8395518518518519 0.5236046875 0.8477592592592593 0.529903125 0.851862037037037 0.5373380208333334 0.8608898148148147 0.5424156250000001 0.8699166666666667 0.5461088541666667 0.8871509259259259 0.552571875 0.8912546296296295 0.5641125 0.8887925925925926 0.5742682291666666 0.8887925925925926 0.5885791666666667 0.8969990740740741 0.6051973958333333 0.9043851851851852 0.6195083333333333 0.8977444444444445 0.6361270833333333 0.878900925925926 0.6439744791666667 0.86725 0.6518223958333333 0.8567287037037038 0.65366875 0.8405268518518518 0.6550536458333334 0.8223175925925925 0.6638244791666666 0.804262962962963 0.6629015625 0.7919527777777777 0.6552411458333334 0.7821046296296297 0.645359375 0.7788222222222223 0.6352036458333333 0.787849074074074 0.6218161458333333 0.7886703703703704 0.6111989583333333 0.7755388888888889 0.5955609375 0.7773861111111111 0.5754729166666667 0.793799074074074 0.5658145833333333 0.8049296296296296 0.5591645833333333 0.8157527777777778 0.5488786458333333 0.8214972222222222 0.5436276041666667 0.8242666666666666 0.5331833333333333 0.828062962962963 0.5331833333333333 0.8264212962962962 0.52764375 0.8297037037037037 0.5244125 0.8395518518518519
0 0.426546875 0.5613425925925926 0.43485572916666665 0.5638046296296296 0.44188125 0.5777564814814815 0.45309062499999997 0.5995555555555555 0.4613994791666666 0.6212518518518518 0.469478125 0.6393074074074074 0.4657854166666667 0.6581824074074074 0.45655260416666665 0.6672314814814815 0.4634770833333333 0.6729546296296297 0.4727098958333333 0.671312962962963 0.48055729166666666 0.6631064814814814 0.48009583333333333 0.6401277777777777 0.4851734375 0.6253555555555556 0.4897901041666667 0.6155074074074075 0.49936875000000003 0.6138657407407407 0.5091786458333334 0.612225 0.5170260416666667 0.6007351851851852 0.5223348958333334 0.5966314814814815 0.53518125 0.5974527777777778 0.5368765625 0.5818592592592593 0.5262588541666667 0.5695490740740742 0.5133333333333333 0.550674074074074 0.5045619791666667 0.5400055555555555 0.4980994791666667 0.5257398148148148 0.48840520833333334 0.5186675925925925 0.47317135416666667 0.5186675925925925 0.45839895833333333 0.5203092592592592 0.44547343749999996 0.5301574074074075 0.4339328125 0.5252333333333333 0.4256234375 0.5301574074074075 0.4140828125 0.550674074074074 0.4113130208333333 0.5654462962962963 0.416390625 0.5780638888888888 0.426546875 0.5613425925925926
0 0.7869791666666667 0.6069444444444444 0.078125 0.1712962962962963
0 0.9234375 0.5449074074074074 0.11197916666666667 0.11018518518518519
0 0.96015625 0.4962962962962963 0.06354166666666666 0.06944444444444445
0 0.9760416666666667 0.5638888888888889 0.04791666666666667 0.10740740740740741
0 0.94453125 0.3365740740740741 0.06458333333333334 0.0824074074074074
0 0.9502604166666667 0.27361111111111114 0.0890625 0.06481481481481481
0 0.9598958333333333 0.2388888888888889 0.0625 0.08055555555555556
0 0.9671875 0.19027777777777777 0.059895833333333336 0.0787037037037037
0 0.8015625 0.35462962962962963 0.1140625 0.13796296296296295
0 0.8005208333333333 0.29583333333333334 0.0609375 0.06481481481481481
0 0.40911458333333334 0.4564814814814815 0.10104166666666667 0.11296296296296296
0 0.4635416666666667 0.41944444444444445 0.10729166666666666 0.08333333333333333
0 0.5572916666666666 0.2986111111111111 0.06875 0.14907407407407408
0 0.60078125 0.25046296296296294 0.050520833333333334 0.07407407407407407
0 0.6174479166666667 0.2023148148148148 0.07083333333333333 0.075
0 0.6559895833333333 0.16666666666666666 0.05520833333333333 0.07592592592592592
0 0.7096354166666666 0.1884259259259259 0.04583333333333333 0.075
0 0.7263020833333333 0.1398148148148148 0.058854166666666666 0.06111111111111111
0 0.7966145833333333 0.10277777777777777 0.027083333333333334 0.08148148148148149
0 0.8286458333333333 0.11203703703703703 0.0359375 0.06574074074074074
0 0.86953125 0.10694444444444444 0.03958333333333333 0.06018518518518518
0 0.92421875 0.08472222222222223 0.0453125 0.03518518518518519
0 0.8864583333333333 0.0587962962962963 0.035416666666666666 0.03981481481481482
0 0.9028645833333333 0.04351851851851852 0.027604166666666666 0.03518518518518519
0 0.92421875 0.033796296296296297 0.03125 0.049074074074074076
0 0.9604166666666667 0.055092592592592596 0.035416666666666666 0.06481481481481481
0 0.8203125 0.04027777777777778 0.03958333333333333 0.03518518518518519
0 0.7893229166666667 0.04351851851851852 0.025520833333333333 0.02962962962962963
0 0.7825520833333334 0.022222222222222223 0.0265625 0.022222222222222223
0 0.7671875 0.07361111111111111 0.036458333333333336 0.04351851851851852
0 0.825 0.06620370370370371 0.036458333333333336 0.032407407407407406
0 0.8533854166666667 0.044444444444444446 0.027083333333333334 0.05462962962962963
0 0.8869791666666667 0.025 0.036458333333333336 0.03888888888888889
0 0.7380208333333333 0.0375 0.023958333333333335 0.041666666666666664
0 0.7015625 0.05324074074074074 0.0328125 0.05925925925925926
0 0.7330729166666666 0.06851851851851852 0.033854166666666664 0.07037037037037037
0 0.6684895833333333 0.08055555555555556 0.0703125 0.12129629629629629
0 0.6158854166666666 0.11296296296296296 0.0828125 0.05740740740740741
0 0.6216145833333333 0.06481481481481481 0.051041666666666666 0.044444444444444446
0 0.5041666666666667 0.2689814814814815 0.049479166666666664 0.09166666666666666
0 0.43828125 0.29768518518518516 0.06458333333333334 0.09537037037037037
0 0.3921875 0.29259259259259257 0.065625 0.1
0 0.28932291666666665 0.34444444444444444 0.0625 0.09722222222222222
0 0.34140625 0.2875 0.06770833333333333 0.08981481481481482
0 0.30416666666666664 0.2199074074074074 0.07447916666666667 0.06388888888888888
0 0.26953125 0.1884259259259259 0.0546875 0.05555555555555555
0 0.22994791666666667 0.20185185185185187 0.053125 0.0787037037037037
0 0.18020833333333333 0.2074074074074074 0.05 0.09814814814814815
0 0.13854166666666667 0.20555555555555555 0.03802083333333333 0.1037037037037037
0 0.09817708333333333 0.20925925925925926 0.043229166666666666 0.11018518518518519
0 0.08229166666666667 0.33796296296296297 0.0890625 0.1398148148148148
0 0.26328125 0.1550925925925926 0.052083333333333336 0.03333333333333333
0 0.2596354166666667 0.13657407407407407 0.052083333333333336 0.04351851851851852
0 0.22421875 0.11805555555555555 0.04479166666666667 0.05185185185185185
0 0.23984375 0.05 0.0515625 0.06574074074074074
0 0.27317708333333335 0.04722222222222222 0.03333333333333333 0.07592592592592592
0 0.3098958333333333 0.05185185185185185 0.043229166666666666 0.07222222222222222
0 0.3421875 0.024537037037037038 0.05416666666666667 0.049074074074074076
0 0.31692708333333336 0.10046296296296296 0.05260416666666667 0.03333333333333333
0 0.28958333333333336 0.08518518518518518 0.04114583333333333 0.028703703703703703
0 0.32265625 0.12731481481481483 0.0578125 0.027777777777777776
0 0.35130208333333335 0.13657407407407407 0.033854166666666664 0.03425925925925926
0 0.3338541666666667 0.17592592592592593 0.058333333333333334 0.05740740740740741
0 0.3932291666666667 0.06435185185185185 0.06927083333333334 0.05925925925925926
0 0.39427083333333335 0.09490740740740741 0.05260416666666667 0.07407407407407407
0 0.4125 0.14212962962962963 0.0484375 0.07407407407407407
0 0.41067708333333336 0.1935185185185185 0.050520833333333334 0.08333333333333333
0 0.45546875 0.1439814814814815 0.0578125 0.03333333333333333
0 0.46953125 0.19212962962962962 0.05677083333333333 0.06851851851851852
0 0.5 0.1550925925925926 0.028125 0.04351851851851852
0 0.4934895833333333 0.12638888888888888 0.06197916666666667 0.017592592592592594
0 0.43385416666666665 0.1037037037037037 0.040625 0.04259259259259259
0 0.4505208333333333 0.058333333333333334 0.04583333333333333 0.06851851851851852
0 0.40598958333333335 0.021296296296296296 0.034895833333333334 0.04259259259259259
0 0.45651041666666664 0.024074074074074074 0.049479166666666664 0.03425925925925926
0 0.4940104166666667 0.075 0.06927083333333334 0.040740740740740744
0 0.5473958333333333 0.05092592592592592 0.07135416666666666 0.040740740740740744
0 0.50625 0.09953703703703703 0.0640625 0.037037037037037035
0 0.515625 0.12685185185185185 0.04791666666666667 0.04537037037037037
0 0.5541666666666667 0.08935185185185185 0.06041666666666667 0.05648148148148148
0 0.5036458333333333 0.037037037037037035 0.04583333333333333 0.04259259259259259
0 0.5276041666666667 0.1824074074074074 0.07916666666666666 0.0962962962962963
0 0.03307291666666667 0.07083333333333333 0.06302083333333333 0.08333333333333333
0 0.09296875 0.0712962962962963 0.049479166666666664 0.09351851851851851
0 0.0796875 0.15833333333333333 0.035416666666666666 0.06481481481481481
0 0.18932291666666667 0.08425925925925926 0.044270833333333336 0.03981481481481482
0 0.21041666666666667 0.022685185185185187 0.04479166666666667 0.03796296296296296