0 0.16588541666666667 0.3111111111111111 0.10572916666666667 0.11574074074074074
0 0.7765625 0.5222222222222223 0.18333333333333332 0.15555555555555556
0 0.9153645833333334 0.18981481481481483 0.1171875 0.21574074074074073
0 0.8046875 0.0837962962962963 0.06875 0.1675925925925926
0 0.66015625 0.29305555555555557 0.11041666666666666 0.22870370370370371
0 0.5864583333333333 0.29074074074074074 0.09635416666666667 0.10648148148148148
0 0.5161458333333333 0.30648148148148147 0.1015625 0.18703703703703703
0 0.57890625 0.2050925925925926 0.0609375 0.10833333333333334
0 0.38984375 0.8402777777777778 0.12864583333333332 0.23333333333333334
0 0.8026041666666667 0.6597222222222222 0.09791666666666667 0.19907407407407407
0 0.9557291666666666 0.6921296296296297 0.08854166666666667 0.24259259259259258
0 0.6919270833333333 0.8018518518518518 0.16822916666666668 0.20185185185185187
0 0.81328125 0.8875 0.18229166666666666 0.18796296296296297
0 0.7330729166666666 0.9259259259259259 0.12760416666666666 0.14814814814814814
0 0.17239583333333333 0.9527777777777777 0.09375 0.09444444444444444
0 0.61640625 0.1111111111111111 0.09166666666666666 0.09814814814814815
0 0.5419270833333333 0.10416666666666667 0.06822916666666666 0.06111111111111111
0 0.46927083333333336 0.10694444444444444 0.08020833333333334 0.05925925925925926
0 0.4942708333333333 0.16064814814814815 0.05520833333333333 0.11296296296296296
0 0.42994791666666665 0.16203703703703703 0.0703125 0.09444444444444444
0 0.5471354166666667 0.17083333333333334 0.06770833333333333 0.1175925925925926
0 0.3919270833333333 0.05277777777777778 0.06666666666666667 0.1037037037037037
0 0.46145833333333336 0.07361111111111111 0.07916666666666666 0.06574074074074074
0 0.4635416666666667 0.032407407407407406 0.07864583333333333 0.06481481481481481
0 0.5552083333333333 0.027777777777777776 0.06302083333333333 0.05555555555555555
0 0.6049479166666667 0.022685185185185187 0.0546875 0.04537037037037037
0 0.5283854166666667 0.0625 0.04895833333333333 0.03981481481481482
0 0.6989583333333333 0.06759259259259259 0.08125 0.13425925925925927
0 0.21276041666666667 0.05324074074074074 0.078125 0.10648148148148148
0 0.015364583333333333 0.06759259259259259 0.030729166666666665 0.10462962962962963
0 0.12760416666666666 0.06527777777777778 0.08541666666666667 0.08518518518518518