0 0.08177083333333333 0.0625 0.05364583333333333 0.041666666666666664
0 0.0734375 0.024537037037037038 0.042708333333333334 0.02962962962962963
0 0.05755208333333333 0.11527777777777778 0.0296875 0.046296296296296294
0 0.026822916666666665 0.12638888888888888 0.024479166666666666 0.05185185185185185
0 0.027604166666666666 0.05 0.026041666666666668 0.03148148148148148
0 0.011197916666666667 0.037037037037037035 0.022395833333333334 0.040740740740740744
0 0.01640625 0.19444444444444445 0.0328125 0.05555555555555555
0 0.02265625 0.10555555555555556 0.027604166666666666 0.017592592592592594
0 0.13411458333333334 0.17453703703703705 0.06197916666666667 0.07777777777777778
0 0.18671875 0.1287037037037037 0.046875 0.06111111111111111
0 0.21744791666666666 0.11388888888888889 0.0359375 0.07407407407407407
0 0.18671875 0.26481481481481484 0.07916666666666666 0.09259259259259259
0 0.10755208333333334 0.23703703703703705 0.043229166666666666 0.06666666666666667
0 0.07395833333333333 0.19768518518518519 0.06614583333333333 0.06666666666666667
0 0.04869791666666667 0.24953703703703703 0.05625 0.06296296296296296
0 0.15885416666666666 0.025 0.046875 0.05
0 0.35260416666666666 0.018055555555555554 0.024479166666666666 0.03611111111111111
0 0.41432291666666665 0.0375 0.027604166666666666 0.05740740740740741
0 0.44114583333333335 0.03981481481481482 0.035416666666666666 0.04814814814814815
0 0.42239583333333336 0.07777777777777778 0.058333333333333334 0.026851851851851852
0 0.40286458333333336 0.10833333333333334 0.0421875 0.03796296296296296
0 0.43697916666666664 0.12638888888888888 0.03854166666666667 0.06851851851851852
0 0.48072916666666665 0.13055555555555556 0.034895833333333334 0.07962962962962963
0 0.39479166666666665 0.1375 0.04010416666666667 0.040740740740740744
0 0.41458333333333336 0.1675925925925926 0.0671875 0.040740740740740744
0 0.36171875 0.2050925925925926 0.040625 0.12222222222222222
0 0.39140625 0.21064814814814814 0.041666666666666664 0.07314814814814814
0 0.43515625 0.22314814814814815 0.04895833333333333 0.0712962962962963
0 0.48411458333333335 0.1962962962962963 0.050520833333333334 0.04537037037037037
0 0.4864583333333333 0.2310185185185185 0.05260416666666667 0.05277777777777778
0 0.5184895833333333 0.2388888888888889 0.071875 0.08333333333333333
0 0.5395833333333333 0.1425925925925926 0.04010416666666667 0.06018518518518518
0 0.51796875 0.1361111111111111 0.024479166666666666 0.05
0 0.6231770833333333 0.030555555555555555 0.049479166666666664 0.06111111111111111
0 0.6591145833333333 0.026851851851851852 0.03177083333333333 0.053703703703703705
0 0.696875 0.02962962962962963 0.0234375 0.05925925925925926
0 0.7294270833333333 0.041666666666666664 0.0375 0.08333333333333333
0 0.7643229166666666 0.030555555555555555 0.03125 0.06111111111111111
0 0.7744791666666667 0.06527777777777778 0.053125 0.07685185185185185
0 0.77265625 0.12546296296296297 0.04583333333333333 0.06944444444444445
0 0.7627604166666667 0.16712962962962963 0.034895833333333334 0.10462962962962963
0 0.8005208333333333 0.1537037037037037 0.8067708333333333 0.1712962962962963 0.8119791666666667 0.16944444444444445 0.8114583333333333 0.15925925925925927 0.8145833333333333 0.15 0.821875 0.1398148148148148 0.8298947916666666 0.12924814814814814 0.8370786458333334 0.1129 0.8396651041666666 0.10370462962962963 0.8463541666666666 0.08796296296296297 0.8510416666666667 0.07592592592592592 0.8484375 0.0712962962962963 0.8296875 0.07685185185185185 0.8260416666666667 0.08425925925925926 0.8196182291666666 0.08888888888888889 0.8088541666666667 0.08981481481481482 0.7927083333333333 0.09722222222222222 0.7916666666666666 0.10648148148148148 0.79375 0.12222222222222222 0.8015625 0.14537037037037037 0.8005208333333333 0.1537037037037037
0 0.85859375 0.1425925925925926 0.04791666666666667 0.06388888888888888
0 0.8502604166666666 0.18564814814814815 0.057291666666666664 0.037037037037037035
0 0.8578125 0.24305555555555555 0.0625 0.05462962962962963
0 0.8911458333333333 0.21666666666666667 0.046875 0.05555555555555555
0 0.9010416666666666 0.15833333333333333 0.03177083333333333 0.08611111111111111
0 0.9286458333333333 0.22361111111111112 0.028645833333333332 0.13518518518518519
0 0.9627604166666667 0.2388888888888889 0.029166666666666667 0.09722222222222222
0 0.8911458333333333 0.06388888888888888 0.028645833333333332 0.032407407407407406
0 0.89140625 0.0375 0.04114583333333333 0.03611111111111111
0 0.9270833333333334 0.06759259259259259 0.034375 0.032407407407407406
0 0.9815104166666667 0.10833333333333334 0.03697916666666667 0.037037037037037035
0 0.9731770833333333 0.08287037037037037 0.050520833333333334 0.027777777777777776
0 0.9471354166666667 0.04212962962962963 0.022395833333333334 0.04537037037037037
0 0.9677083333333333 0.04537037037037037 0.027083333333333334 0.05092592592592592
0 0.9921875 0.050462962962962966 0.014583333333333334 0.03148148148148148
0 0.93984375 0.11064814814814815 0.0265625 0.03333333333333333
0 0.971875 0.13333333333333333 0.034895833333333334 0.04814814814814815
0 0.98515625 0.26851851851851855 0.028645833333333332 0.026851851851851852
0 0.9611979166666667 0.3106481481481482 0.049479166666666664 0.06296296296296296
0 0.9393229166666667 0.3388888888888889 0.033854166666666664 0.07592592592592592
0 0.90390625 0.3212962962962963 0.0515625 0.03333333333333333
0 0.8830729166666667 0.3486111111111111 0.06927083333333334 0.046296296296296294
0 0.93125 0.3773148148148148 0.04010416666666667 0.06759259259259259
0 0.7924479166666667 0.37916666666666665 0.06875 0.0712962962962963
0 0.73203125 0.29259259259259257 0.052083333333333336 0.04351851851851852
0 0.7552083333333334 0.32546296296296295 0.051041666666666666 0.062037037037037036
0 0.11458333333333333 0.4513888888888889 0.0515625 0.1527777777777778
0 0.17630208333333333 0.5444444444444444 0.0828125 0.12037037037037036
0 0.23776041666666667 0.5504629629629629 0.0609375 0.1398148148148148
0 0.03125 0.9328703703703703 0.059375 0.13425925925925927
0 0.29453125 0.8828703703703704 0.125 0.1287037037037037
0 0.5690104166666666 0.2388888888888889 0.035416666666666666 0.09074074074074075
0 0.625 0.2324074074074074 0.07552083333333333 0.08148148148148149
0 0.5513020833333333 0.31666666666666665 0.06927083333333334 0.07314814814814814
0 0.6046875 0.31296296296296294 0.0578125 0.06296296296296296
0 0.6125 0.38564814814814813 0.09479166666666666 0.09537037037037037
0 0.6674479166666667 0.3875 0.03229166666666667 0.10833333333333334
0 0.70859375 0.4101851851851852 0.04375 0.10462962962962963
0 0.6174479166666667 0.44074074074074077 0.05677083333333333 0.07222222222222222
0 0.6747395833333333 0.4875 0.0875 0.09166666666666666
0 0.6520833333333333 0.5425925925925926 0.10364583333333334 0.10462962962962963
0 0.5276041666666667 0.4305555555555556 0.05677083333333333 0.13425925925925927
0 0.8609375 0.3958333333333333 0.05416666666666667 0.05648148148148148
0 0.89375 0.4388888888888889 0.04895833333333333 0.05092592592592592
0 0.9263020833333333 0.4398148148148148 0.06458333333333334 0.07592592592592592
0 0.9734375 0.42685185185185187 0.04583333333333333 0.03611111111111111
0 0.9604166666666667 0.49398148148148147 0.06875 0.07222222222222222
0 0.9278645833333333 0.5236111111111111 0.030729166666666665 0.053703703703703705
0 0.9770833333333333 0.549537037037037 0.0421875 0.08703703703703704
0 0.87421875 0.687037037037037 0.065625 0.06481481481481481
0 0.92109375 0.6796296296296296 0.046875 0.07407407407407407
0 0.8916666666666667 0.6203703703703703 0.05 0.05648148148148148
0 0.8098958333333334 0.6824074074074075 0.0703125 0.10648148148148148
0 0.7856770833333333 0.7546296296296297 0.06614583333333333 0.22314814814814815
0 0.9752604166666666 0.6953703703703704 0.03697916666666667 0.07314814814814814
0 0.9408854166666667 0.6305555555555555 0.03854166666666667 0.07777777777777778
0 0.9419270833333333 0.9328703703703703 0.11197916666666667 0.13425925925925927
0 0.9377604166666667 0.8212962962962963 0.06770833333333333 0.09814814814814815
0 0.98203125 0.7578703703703704 0.0359375 0.053703703703703705
0 0.7994791666666666 0.43148148148148147 0.06302083333333333 0.0712962962962963
0 0.809375 0.4740740740740741 0.057291666666666664 0.06759259259259259