0 0.0640625 0.034722222222222224 0.04895833333333333 0.014814814814814815
0 0.052083333333333336 0.10601851851851851 0.0546875 0.018518518518518517
0 0.08203125 0.10185185185185185 0.026041666666666668 0.027777777777777776
0 0.037760416666666664 0.12453703703703704 0.04375 0.014814814814814815
0 0.025260416666666667 0.16666666666666666 0.044270833333333336 0.046296296296296294
0 0.08359375 0.14814814814814814 0.058333333333333334 0.037037037037037035
0 0.05703125 0.07546296296296297 0.036458333333333336 0.032407407407407406
0 0.04375 0.2023148148148148 0.041666666666666664 0.03518518518518519
0 0.08125 0.19444444444444445 0.04114583333333333 0.046296296296296294
0 0.14401041666666667 0.2064814814814815 0.04791666666666667 0.1
0 0.19921875 0.1476851851851852 0.06822916666666666 0.07685185185185185
0 0.18229166666666666 0.075 0.03802083333333333 0.08703703703703704
0 0.2265625 0.04953703703703704 0.04635416666666667 0.08981481481481482
0 0.26588541666666665 0.06527777777777778 0.058333333333333334 0.046296296296296294
0 0.30625 0.08703703703703704 0.06041666666666667 0.06481481481481481
0 0.31614583333333335 0.04583333333333333 0.042708333333333334 0.032407407407407406
0 0.04505208333333333 0.23055555555555557 0.03333333333333333 0.044444444444444446
0 0.009895833333333333 0.26296296296296295 0.0171875 0.03981481481481482
0 0.028385416666666666 0.26157407407407407 0.0140625 0.013888888888888888
0 0.02578125 0.2814814814814815 0.0515625 0.041666666666666664
0 0.04739583333333333 0.32916666666666666 0.09114583333333333 0.05462962962962963
0 0.08385416666666666 0.4726851851851852 0.078125 0.1287037037037037
0 0.029947916666666668 0.48333333333333334 0.05677083333333333 0.11203703703703703
0 0.04010416666666667 0.6430555555555556 0.07708333333333334 0.14351851851851852
0 0.020833333333333332 0.7972222222222223 0.041666666666666664 0.15
0 0.019010416666666665 0.9282407407407407 0.03802083333333333 0.08981481481481482
0 0.28541666666666665 0.774074074074074 0.065625 0.175
0 0.28125 0.9162037037037037 0.1421875 0.16574074074074074
0 0.36822916666666666 0.787962962962963 0.07708333333333334 0.14629629629629629
0 0.4356770833333333 0.8467592592592592 0.0875 0.2175925925925926
0 0.3768229166666667 0.9555555555555556 0.1390625 0.08888888888888889
0 0.5736979166666667 0.7458333333333333 0.1359375 0.1398148148148148
0 0.6986979166666667 0.8847222222222222 0.13802083333333334 0.18981481481481483
0 0.5856770833333333 0.425462962962963 0.065625 0.10925925925925926
0 0.64296875 0.4810185185185185 0.07395833333333333 0.11388888888888889
0 0.8067708333333333 0.449537037037037 0.058333333333333334 0.11944444444444445
0 0.97421875 0.6185185185185185 0.0515625 0.13148148148148148
0 0.9630208333333333 0.35509259259259257 0.04479166666666667 0.11203703703703703
0 0.99453125 0.3787037037037037 0.0109375 0.08333333333333333
0 0.971875 0.24675925925925926 0.0390625 0.07777777777777778
0 0.9005208333333333 0.25277777777777777 0.046875 0.05277777777777778
0 0.9354166666666667 0.22407407407407406 0.058333333333333334 0.05925925925925926
0 0.8989583333333333 0.1962962962962963 0.06145833333333333 0.05648148148148148
0 0.8432291666666667 0.16666666666666666 0.06927083333333334 0.05277777777777778
0 0.9408854166666667 0.17222222222222222 0.06822916666666666 0.04537037037037037
0 0.8614583333333333 0.07222222222222222 0.06614583333333333 0.04722222222222222
0 0.87578125 0.11481481481481481 0.042708333333333334 0.046296296296296294
0 0.9106770833333333 0.1162037037037037 0.03697916666666667 0.07222222222222222
0 0.9471354166666667 0.12175925925925926 0.0453125 0.05740740740740741
0 0.9856770833333334 0.09444444444444444 0.028645833333333332 0.05185185185185185
0 0.8453125 0.026851851851851852 0.051041666666666666 0.040740740740740744
0 0.9010416666666666 0.03657407407407407 0.05416666666666667 0.02962962962962963
0 0.8161458333333333 0.011574074074074073 0.029166666666666667 0.023148148148148147
0 0.59453125 0.009722222222222222 0.05260416666666667 0.019444444444444445
0 0.5817708333333333 0.03888888888888889 0.06302083333333333 0.06111111111111111
0 0.5239583333333333 0.06296296296296296 0.06354166666666666 0.049074074074074076
0 0.4908854166666667 0.07916666666666666 0.041666666666666664 0.05
0 0.5044270833333333 0.11435185185185186 0.053125 0.07222222222222222
0 0.5559895833333334 0.17824074074074073 0.071875 0.06388888888888888
0 0.45703125 0.03888888888888889 0.0640625 0.04722222222222222
0 0.3893229166666667 0.05416666666666667 0.04114583333333333 0.06296296296296296
0 0.35520833333333335 0.08101851851851852 0.04895833333333333 0.05462962962962963
0 0.3489583333333333 0.013888888888888888 0.05 0.027777777777777776
0 0.3846354166666667 0.020833333333333332 0.05260416666666667 0.023148148148148147