0 0.8890625 0.022685185185185187 0.051041666666666666 0.04537037037037037
0 0.9184895833333333 0.04212962962962963 0.044270833333333336 0.041666666666666664
0 0.9244791666666666 0.018518518518518517 0.0296875 0.037037037037037035
0 0.9505208333333334 0.02962962962962963 0.03125 0.05925925925925926
0 0.9065104166666667 0.07037037037037037 0.050520833333333334 0.06018518518518518
0 0.94765625 0.08472222222222223 0.025520833333333333 0.06574074074074074
0 0.9859375 0.11527777777777778 0.028125 0.06388888888888888
0 0.9690104166666667 0.11296296296296296 0.0234375 0.04259259259259259
0 0.97109375 0.18055555555555555 0.04635416666666667 0.07407407407407407
0 0.7388020833333333 0.05787037037037037 0.05416666666666667 0.06759259259259259
0 0.7119791666666667 0.07222222222222222 0.03333333333333333 0.06388888888888888
0 0.6744791666666666 0.02361111111111111 0.051041666666666666 0.04722222222222222
0 0.52890625 0.0412037037037037 0.050520833333333334 0.058333333333333334
0 0.4908854166666667 0.01898148148148148 0.0453125 0.03796296296296296
0 0.46901041666666665 0.0375 0.0546875 0.05092592592592592
0 0.44557291666666665 0.07361111111111111 0.06041666666666667 0.06111111111111111
0 0.43515625 0.14537037037037037 0.04791666666666667 0.07037037037037037
0 0.39453125 0.1550925925925926 0.05572916666666667 0.08425925925925926
0 0.3684895833333333 0.09861111111111111 0.051041666666666666 0.06666666666666667
0 0.39114583333333336 0.03425925925925926 0.050520833333333334 0.06851851851851852
0 0.43854166666666666 0.020370370370370372 0.051041666666666666 0.040740740740740744
0 0.3138020833333333 0.2152777777777778 0.09791666666666667 0.1648148148148148
0 0.3221354166666667 0.13518518518518519 0.06770833333333333 0.09722222222222222
0 0.3502604166666667 0.038425925925925926 0.04479166666666667 0.05277777777777778
0 0.5471354166666667 0.24675925925925926 0.096875 0.08611111111111111
0 0.5934895833333333 0.1763888888888889 0.07239583333333334 0.08148148148148149
0 0.63515625 0.22268518518518518 0.057291666666666664 0.08518518518518518
0 0.6692708333333334 0.2523148148148148 0.03854166666666667 0.08981481481481482
0 0.70234375 0.2962962962962963 0.07135416666666666 0.09537037037037037
0 0.7260416666666667 0.24861111111111112 0.07760416666666667 0.08518518518518518
0 0.7861979166666667 0.22777777777777777 0.05677083333333333 0.07592592592592592
0 0.7234375 0.1597222222222222 0.05416666666666667 0.04722222222222222
0 0.7565104166666666 0.18287037037037038 0.0546875 0.06666666666666667
0 0.6786458333333333 0.1884259259259259 0.06458333333333334 0.041666666666666664
0 0.6552083333333333 0.16111111111111112 0.05520833333333333 0.04537037037037037
0 0.66640625 0.12916666666666668 0.030729166666666665 0.03888888888888889
0 0.6880208333333333 0.13287037037037036 0.034375 0.03518518518518519
0 0.8736979166666666 0.6347222222222222 0.10572916666666667 0.09074074074074075
0 0.8682291666666667 0.5259259259259259 0.09166666666666666 0.06481481481481481
0 0.8700520833333333 0.5703703703703704 0.10416666666666667 0.07777777777777778
0 0.8192708333333333 0.6041666666666666 0.052083333333333336 0.1037037037037037
0 0.7791666666666667 0.6138888888888889 0.06458333333333334 0.1425925925925926
0 0.7854166666666667 0.5287037037037037 0.06354166666666666 0.07592592592592592
0 0.7111979166666667 0.44166666666666665 0.07447916666666667 0.12129629629629629
0 0.7052083333333333 0.5555555555555556 0.04635416666666667 0.09351851851851851
0 0.7401041666666667 0.6046296296296296 0.043229166666666666 0.09814814814814815
0 0.6794270833333333 0.6314814814814815 0.049479166666666664 0.09444444444444444
0 0.7125 0.6472222222222223 0.029166666666666667 0.062037037037037036
0 0.5567708333333333 0.4740740740740741 0.08333333333333333 0.0962962962962963
0 0.61171875 0.5310185185185186 0.06614583333333333 0.09907407407407408
0 0.65546875 0.5564814814814815 0.05 0.12129629629629629
0 0.7283854166666667 0.7347222222222223 0.13802083333333334 0.07037037037037037
0 0.66328125 0.7111111111111111 0.08697916666666666 0.07685185185185185
0 0.759375 0.8143518518518519 0.11510416666666666 0.1
0 0.7645833333333333 0.8814814814814815 0.0890625 0.09537037037037037
0 0.7763020833333333 0.9574074074074074 0.10416666666666667 0.08518518518518518
0 0.6700520833333333 0.9523148148148148 0.09479166666666666 0.09537037037037037
0 0.6908854166666667 0.8953703703703704 0.071875 0.125
0 0.6125 0.8935185185185185 0.08072916666666667 0.1638888888888889
0 0.6666666666666666 0.8009259259259259 0.06875 0.11574074074074074
0 0.5729166666666666 0.7949074074074074 0.078125 0.1675925925925926
0 0.4265625 0.5912037037037037 0.07864583333333333 0.1175925925925926
0 0.4609375 0.5537037037037037 0.0734375 0.08888888888888889
0 0.5299479166666666 0.5402777777777777 0.08489583333333334 0.07222222222222222
0 0.5333333333333333 0.5902777777777778 0.052083333333333336 0.06388888888888888
0 0.6325520833333333 0.6708333333333333 0.0671875 0.08703703703703704
0 0.5708333333333333 0.6787037037037037 0.0796875 0.10740740740740741
0 0.43203125 0.687037037037037 0.07552083333333333 0.08148148148148149
0 0.49661458333333336 0.6944444444444444 0.07864583333333333 0.09166666666666666
0 0.5286458333333334 0.6569444444444444 0.06927083333333334 0.05555555555555555
0 0.478125 0.6287037037037037 0.0734375 0.09351851851851851
0 0.49635416666666665 0.7708333333333334 0.08385416666666666 0.053703703703703705
0 0.42552083333333335 0.7509259259259259 0.0625 0.09814814814814815
0 0.36484375 0.7518518518518519 0.08645833333333333 0.09444444444444444
0 0.2703125 0.45740740740740743 0.13697916666666668 0.09722222222222222
0 0.365625 0.5342592592592592 0.07552083333333333 0.11481481481481481
0 0.315625 0.5101851851851852 0.0796875 0.08703703703703704
0 0.29921875 0.5800925925925926 0.09322916666666667 0.08703703703703704
0 0.28515625 0.6666666666666666 0.10520833333333333 0.09351851851851851
0 0.3736979166666667 0.6291666666666667 0.0875 0.058333333333333334
0 0.36875 0.6921296296296297 0.0671875 0.07962962962962963
0 0.49557291666666664 0.8333333333333334 0.08854166666666667 0.07777777777777778
0 0.42291666666666666 0.812037037037037 0.08697916666666666 0.08703703703703704
0 0.4205729166666667 0.9041666666666667 0.078125 0.10740740740740741
0 0.49270833333333336 0.8842592592592593 0.0953125 0.07407407407407407
0 0.5171875 0.9592592592592593 0.10885416666666667 0.08148148148148149
0 0.4265625 0.9768518518518519 0.06979166666666667 0.046296296296296294
0 0.4153645833333333 0.9416666666666667 0.05572916666666667 0.04814814814814815
0 0.3489583333333333 0.9203703703703704 0.08020833333333334 0.08148148148148149
0 0.36692708333333335 0.9787037037037037 0.03958333333333333 0.04259259259259259
0 0.26536458333333335 0.8763888888888889 0.0640625 0.14444444444444443
0 0.31302083333333336 0.7694444444444445 0.059375 0.0962962962962963
0 0.33958333333333335 0.8291666666666667 0.0984375 0.08148148148148149
0 0.26276041666666666 0.7435185185185185 0.11145833333333334 0.08981481481481482
0 0.17760416666666667 0.725462962962963 0.075 0.08888888888888889
0 0.20078125 0.8689814814814815 0.0703125 0.13240740740740742
0 0.23958333333333334 0.799074074074074 0.08125 0.0824074074074074
0 0.12005208333333334 0.8467592592592592 0.09895833333333333 0.08703703703703704
0 0.1515625 0.9467592592592593 0.09479166666666666 0.10555555555555556
0 0.2328125 0.9648148148148148 0.09166666666666666 0.07037037037037037
0 0.3109375 0.9518518518518518 0.0578125 0.0962962962962963
0 0.09791666666666667 0.9648148148148148 0.103125 0.07037037037037037
0 0.19244791666666666 0.5337962962962963 0.07552083333333333 0.11388888888888889
0 0.19817708333333334 0.6208333333333333 0.09375 0.1259259259259259
0 0.0796875 0.711574074074074 0.09166666666666666 0.12222222222222222
0 0.029427083333333333 0.6643518518518519 0.058854166666666666 0.125
0 0.15546875 0.5328703703703703 0.04791666666666667 0.1361111111111111
0 0.010416666666666666 0.6041666666666666 0.020833333333333332 0.07592592592592592
0 0.09166666666666666 0.4125 0.071875 0.06574074074074074
0 0.07395833333333333 0.4462962962962963 0.07552083333333333 0.05555555555555555
0 0.096875 0.5157407407407407 0.09635416666666667 0.08148148148148149
0 0.04479166666666667 0.5657407407407408 0.0640625 0.08425925925925926
0 0.027083333333333334 0.49907407407407406 0.05416666666666667 0.06851851851851852
0 0.18645833333333334 0.2324074074074074 0.06197916666666667 0.075
0 0.13046875 0.2351851851851852 0.0515625 0.07314814814814814
0 0.15416666666666667 0.28703703703703703 0.06510416666666667 0.08796296296296297
0 0.13046875 0.19074074074074074 0.065625 0.06944444444444445
0 0.13385416666666666 0.1449074074074074 0.04739583333333333 0.03518518518518519
0 0.17265625 0.1449074074074074 0.04583333333333333 0.06111111111111111
0 0.215625 0.11898148148148148 0.03697916666666667 0.06759259259259259
0 0.0484375 0.2152777777777778 0.04739583333333333 0.05648148148148148
0 0.05911458333333333 0.18425925925925926 0.042708333333333334 0.06574074074074074
0 0.07682291666666667 0.0962962962962963 0.040625 0.049074074074074076
0 0.029166666666666667 0.16203703703703703 0.030208333333333334 0.05925925925925926
0 0.09895833333333333 0.3347222222222222 0.041666666666666664 0.09722222222222222
0 0.01796875 0.3143518518518518 0.0359375 0.06759259259259259
0 0.03697916666666667 0.3106481481481482 0.0390625 0.05925925925925926
0 0.05546875 0.33287037037037037 0.0375 0.03425925925925926
0 0.09869791666666666 0.27824074074074073 0.04010416666666667 0.05462962962962963
0 0.06015625 0.2763888888888889 0.0375 0.05462962962962963
0 0.009895833333333333 0.399537037037037 0.019791666666666666 0.07314814814814814
0 0.049479166666666664 0.36944444444444446 0.04895833333333333 0.07592592592592592
0 0.10989583333333333 0.03518518518518519 0.04739583333333333 0.04537037037037037
0 0.08151041666666667 0.053703703703703705 0.046875 0.04814814814814815
0 0.25 0.011574074074074073 0.022916666666666665 0.023148148148148147
0 0.24921875 0.03657407407407407 0.019270833333333334 0.024074074074074074
0 0.2752604166666667 0.012037037037037037 0.018229166666666668 0.019444444444444445
0 0.26197916666666665 0.024074074074074074 0.014583333333333334 0.018518518518518517
0 0.29401041666666666 0.014814814814814815 0.015625 0.023148148148148147
0 0.26015625 0.06574074074074074 0.026041666666666668 0.024074074074074074
0 0.2513020833333333 0.10092592592592593 0.04895833333333333 0.053703703703703705
0 0.18046875 0.022222222222222223 0.051041666666666666 0.02962962962962963
0 0.20234375 0.030555555555555555 0.0359375 0.021296296296296296
0 0.12421875 0.058333333333333334 0.04010416666666667 0.024074074074074074
0 0.11979166666666667 0.0763888888888889 0.0375 0.025
0 0.14583333333333334 0.10740740740740741 0.03802083333333333 0.025925925925925925
0 0.16953125 0.08657407407407407 0.025 0.044444444444444446
0 0.19114583333333332 0.09537037037037037 0.029166666666666667 0.05925925925925926