0 0.8901041666666667 0.12083333333333333 0.057291666666666664 0.07407407407407407
0 0.9247395833333333 0.07962962962962963 0.035416666666666666 0.037037037037037035
0 0.9390625 0.05462962962962963 0.03854166666666667 0.04259259259259259
0 0.8828125 0.027314814814814816 0.04479166666666667 0.05462962962962963
0 0.928125 0.021296296296296296 0.041666666666666664 0.04259259259259259
0 0.9770833333333333 0.20092592592592592 0.04583333333333333 0.09074074074074075
0 0.9473958333333333 0.11296296296296296 0.04635416666666667 0.06759259259259259
0 0.7447916666666666 0.020833333333333332 0.04479166666666667 0.040740740740740744
0 0.74140625 0.05324074074074074 0.06458333333333334 0.062037037037037036
0 0.7700520833333333 0.09166666666666666 0.04739583333333333 0.08333333333333333
0 0.7794270833333333 0.19814814814814816 0.059895833333333336 0.07314814814814814
0 0.7614583333333333 0.2351851851851852 0.050520833333333334 0.06944444444444445
0 0.67265625 0.11296296296296296 0.06822916666666666 0.07962962962962963
0 0.59921875 0.2861111111111111 0.0859375 0.10462962962962963
0 0.5502604166666667 0.24212962962962964 0.08177083333333333 0.07314814814814814
0 0.5947916666666667 0.2050925925925926 0.046875 0.06481481481481481
0 0.6059895833333333 0.17546296296296296 0.06197916666666667 0.046296296296296294
0 0.6489583333333333 0.17685185185185184 0.034375 0.03425925925925926
0 0.6875 0.2611111111111111 0.065625 0.08425925925925926
0 0.7361979166666667 0.1884259259259259 0.04791666666666667 0.04537037037037037
0 0.7703125 0.4587962962962963 0.09375 0.0962962962962963
0 0.9 0.5199074074074074 0.08229166666666667 0.062037037037037036
0 0.91328125 0.575925925925926 0.12447916666666667 0.11296296296296296
0 0.8440104166666667 0.5916666666666667 0.0625 0.08703703703703704
0 0.82265625 0.5291666666666667 0.071875 0.06851851851851852
0 0.9268229166666667 0.7222222222222222 0.09583333333333334 0.13333333333333333
0 0.8786458333333333 0.6347222222222222 0.0734375 0.07962962962962963
0 0.8372395833333334 0.6810185185185185 0.0859375 0.1111111111111111
0 0.7979166666666667 0.7162037037037037 0.071875 0.09351851851851851
0 0.7361979166666667 0.6675925925925926 0.07864583333333333 0.0712962962962963
0 0.7700520833333333 0.6212962962962963 0.05260416666666667 0.09537037037037037
0 0.79609375 0.5875 0.07447916666666667 0.09444444444444444
0 0.7361979166666667 0.5236111111111111 0.08489583333333334 0.05925925925925926
0 0.63828125 0.6527777777777778 0.08854166666666667 0.10092592592592593
0 0.6966145833333334 0.6134259259259259 0.08385416666666666 0.08333333333333333
0 0.57578125 0.45185185185185184 0.10989583333333333 0.09537037037037037
0 0.6479166666666667 0.5064814814814815 0.06822916666666666 0.05462962962962963
0 0.5786458333333333 0.5115740740740741 0.078125 0.07962962962962963
0 0.5770833333333333 0.5712962962962963 0.07239583333333334 0.06851851851851852
0 0.6213541666666667 0.5898148148148148 0.058854166666666666 0.04537037037037037
0 0.6815104166666667 0.5560185185185185 0.06822916666666666 0.0787037037037037
0 0.7966145833333333 0.8439814814814814 0.09322916666666667 0.14907407407407408
0 0.7440104166666667 0.8740740740740741 0.0828125 0.11574074074074074
0 0.8203125 0.9601851851851851 0.10416666666666667 0.07962962962962963
0 0.6309895833333333 0.9652777777777778 0.10885416666666667 0.06944444444444445
0 0.6765625 0.8675925925925926 0.06770833333333333 0.12777777777777777
0 0.6635416666666667 0.774074074074074 0.06875 0.08333333333333333
0 0.7260416666666667 0.7930555555555555 0.07604166666666666 0.08148148148148149
0 0.7252604166666666 0.7319444444444444 0.0703125 0.06944444444444445
0 0.6140625 0.9 0.08177083333333333 0.09722222222222222
0 0.42916666666666664 0.8157407407407408 0.084375 0.09351851851851851
0 0.47994791666666664 0.7680555555555556 0.07083333333333333 0.15555555555555556
0 0.5322916666666667 0.7648148148148148 0.06302083333333333 0.10555555555555556
0 0.6049479166666667 0.8101851851851852 0.059375 0.09166666666666666
0 0.5322916666666667 0.8703703703703703 0.08854166666666667 0.10277777777777777
0 0.48411458333333335 0.9421296296296297 0.08958333333333333 0.09722222222222222
0 0.41510416666666666 0.9481481481481482 0.08541666666666667 0.1037037037037037
0 0.5473958333333333 0.9402777777777778 0.0734375 0.11944444444444445
0 0.14791666666666667 0.9013888888888889 0.103125 0.11481481481481481
0 0.17578125 0.8268518518518518 0.08541666666666667 0.10740740740740741
0 0.3333333333333333 0.937037037037037 0.13645833333333332 0.1175925925925926
0 0.2625 0.9092592592592592 0.0890625 0.10740740740740741
0 0.26145833333333335 0.8083333333333333 0.07708333333333334 0.09722222222222222
0 0.26796875 0.7199074074074074 0.071875 0.08796296296296297
0 0.41171875 0.8652777777777778 0.08020833333333334 0.08333333333333333
0 0.31692708333333336 0.7925925925925926 0.058854166666666666 0.11296296296296296
0 0.3651041666666667 0.6865740740740741 0.0828125 0.08703703703703704
0 0.365625 0.7953703703703704 0.0609375 0.09351851851851851
0 0.37057291666666664 0.7421296296296296 0.07083333333333333 0.07592592592592592
0 0.5703125 0.6949074074074074 0.10885416666666667 0.15833333333333333
0 0.625 0.687962962962963 0.06875 0.07962962962962963
0 0.46484375 0.6930555555555555 0.09947916666666666 0.09351851851851851
0 0.48411458333333335 0.6166666666666667 0.08072916666666667 0.09722222222222222
0 0.47161458333333334 0.48564814814814816 0.10625 0.075
0 0.5026041666666666 0.5236111111111111 0.05260416666666667 0.1
0 0.328125 0.49074074074074076 0.09322916666666667 0.07962962962962963
0 0.3611979166666667 0.5305555555555556 0.09583333333333334 0.06481481481481481
0 0.3484375 0.5921296296296297 0.05416666666666667 0.07777777777777778
0 0.403125 0.5685185185185185 0.0546875 0.062037037037037036
0 0.4236979166666667 0.6226851851851852 0.0703125 0.07685185185185185
0 0.38255208333333335 0.6458333333333334 0.06666666666666667 0.08148148148148149
0 0.23463541666666668 0.6138888888888889 0.08125 0.09907407407407408
0 0.18046875 0.6532407407407408 0.07395833333333333 0.1
0 0.17291666666666666 0.7337962962962963 0.09114583333333333 0.09907407407407408
0 0.21953125 0.7509259259259259 0.07708333333333334 0.08888888888888889
0 0.09557291666666666 0.712037037037037 0.09166666666666666 0.14074074074074075
0 0.16770833333333332 0.5143518518518518 0.0609375 0.08518518518518518
0 0.10416666666666667 0.625 0.06822916666666666 0.06666666666666667
0 0.04583333333333333 0.5097222222222222 0.07083333333333333 0.04814814814814815
0 0.029947916666666668 0.5569444444444445 0.059895833333333336 0.07314814814814814
0 0.026302083333333334 0.6282407407407408 0.05260416666666667 0.08148148148148149
0 0.09166666666666666 0.4356481481481482 0.08958333333333333 0.08333333333333333
0 0.09765625 0.3662037037037037 0.059895833333333336 0.07592592592592592
0 0.12265625 0.3162037037037037 0.044270833333333336 0.08518518518518518
0 0.04375 0.37777777777777777 0.0671875 0.06574074074074074
0 0.03333333333333333 0.23194444444444445 0.059375 0.075
0 0.13932291666666666 0.2337962962962963 0.04791666666666667 0.07685185185185185
0 0.11614583333333334 0.19074074074074074 0.06458333333333334 0.06759259259259259
0 0.048177083333333336 0.19074074074074074 0.04583333333333333 0.06666666666666667
0 0.07239583333333334 0.17083333333333334 0.0296875 0.06944444444444445
0 0.08151041666666667 0.30092592592592593 0.03177083333333333 0.06666666666666667
0 0.05 0.3282407407407407 0.044270833333333336 0.05555555555555555
0 0.0234375 0.3282407407407407 0.04479166666666667 0.09722222222222222
0 0.16536458333333334 0.29398148148148145 0.042708333333333334 0.08703703703703704
0 0.18828125 0.24259259259259258 0.042708333333333334 0.08148148148148149
0 0.44557291666666665 0.1597222222222222 0.059895833333333336 0.09351851851851851
0 0.39088541666666665 0.14953703703703702 0.04895833333333333 0.11481481481481481
0 0.44453125 0.07546296296296297 0.057291666666666664 0.07407407407407407
0 0.47213541666666664 0.041666666666666664 0.05677083333333333 0.049074074074074076
0 0.5348958333333333 0.0375 0.04479166666666667 0.05925925925925926
0 0.39609375 0.03333333333333333 0.0375 0.05462962962962963
0 0.38046875 0.04583333333333333 0.04791666666666667 0.046296296296296294
0 0.37447916666666664 0.09074074074074075 0.06822916666666666 0.06296296296296296
0 0.33567708333333335 0.07361111111111111 0.050520833333333334 0.06296296296296296
0 0.22265625 0.1287037037037037 0.04010416666666667 0.06574074074074074
0 0.06953125 0.05694444444444444 0.059375 0.05185185185185185
0 0.11197916666666667 0.02824074074074074 0.03125 0.04814814814814815
0 0.15078125 0.16342592592592592 0.065625 0.05462962962962963
0 0.17291666666666666 0.14027777777777778 0.04583333333333333 0.05648148148148148
0 0.06588541666666667 0.10601851851851851 0.022916666666666665 0.046296296296296294
0 0.10026041666666667 0.09444444444444444 0.06197916666666667 0.03425925925925926
0 0.125 0.1125 0.035416666666666666 0.03611111111111111