0 0.1140625 0.4810185185185185 0.06666666666666667 0.07685185185185185
0 0.16432291666666668 0.5212962962962963 0.08333333333333333 0.09444444444444444
0 0.20390625 0.46574074074074073 0.05520833333333333 0.06574074074074074
0 0.25703125 0.5259259259259259 0.11041666666666666 0.09351851851851851
0 0.09322916666666667 0.5611111111111111 0.11041666666666666 0.10185185185185185
0 0.36822916666666666 0.6768518518518518 0.10833333333333334 0.16203703703703703
0 0.4484375 0.5972222222222222 0.10729166666666666 0.10740740740740741
0 0.3765625 0.24583333333333332 0.08645833333333333 0.07685185185185185
0 0.0734375 0.2 0.06041666666666667 0.07777777777777778
0 0.15182291666666667 0.16296296296296298 0.05416666666666667 0.13518518518518519
0 0.18046875 0.10185185185185185 0.0609375 0.07222222222222222
0 0.21458333333333332 0.059722222222222225 0.06510416666666667 0.053703703703703705
0 0.07473958333333333 0.05925925925925926 0.06197916666666667 0.05462962962962963
0 0.03671875 0.11712962962962963 0.0625 0.06481481481481481
0 0.03229166666666667 0.05740740740740741 0.0484375 0.03796296296296296
0 0.029947916666666668 0.2671296296296296 0.04895833333333333 0.10185185185185185
0 0.05416666666666667 0.2847222222222222 0.03802083333333333 0.10462962962962963
0 0.09192708333333334 0.3300925925925926 0.0796875 0.09351851851851851
0 0.025260416666666667 0.37592592592592594 0.050520833333333334 0.125
0 0.390625 0.1824074074074074 0.07864583333333333 0.08888888888888889
0 0.40859375 0.12037037037037036 0.07447916666666667 0.053703703703703705
0 0.38177083333333334 0.08981481481481482 0.075 0.05185185185185185
0 0.46979166666666666 0.09212962962962963 0.05260416666666667 0.08148148148148149
0 0.5223958333333333 0.09305555555555556 0.04583333333333333 0.06851851851851852
0 0.48072916666666665 0.16666666666666666 0.05677083333333333 0.06944444444444445
0 0.4825520833333333 0.23935185185185184 0.06197916666666667 0.09722222222222222
0 0.56953125 0.21296296296296297 0.0515625 0.09444444444444444
0 0.5302083333333333 0.1865740740740741 0.051041666666666666 0.09907407407407408
0 0.6088541666666667 0.18287037037037038 0.04895833333333333 0.06851851851851852
0 0.6229166666666667 0.35555555555555557 0.059895833333333336 0.1175925925925926
0 0.6799479166666667 0.3736111111111111 0.05 0.1111111111111111
0 0.7244791666666667 0.3773148148148148 0.0703125 0.12777777777777777
0 0.6591145833333333 0.4263888888888889 0.0578125 0.05648148148148148
0 0.68359375 0.47962962962962963 0.11041666666666666 0.09351851851851851
0 0.6588541666666666 0.6046296296296296 0.08541666666666667 0.15925925925925927
0 0.7440104166666667 0.6106481481481482 0.06510416666666667 0.12777777777777777
0 0.7479166666666667 0.5370370370370371 0.0484375 0.08518518518518518
0 0.8078125 0.6527777777777778 0.0640625 0.13148148148148148
0 0.9015625 0.611574074074074 0.08020833333333334 0.1537037037037037
0 0.7197916666666667 0.8393518518518519 0.1015625 0.2101851851851852
0 0.92265625 0.8037037037037037 0.071875 0.18796296296296297
0 0.9567708333333333 0.7388888888888889 0.04583333333333333 0.05092592592592592
0 0.6325520833333333 0.2263888888888889 0.059375 0.058333333333333334
0 0.5825520833333333 0.31157407407407406 0.053125 0.058333333333333334
0 0.8703125 0.1050925925925926 0.0453125 0.11481481481481481
0 0.9299479166666667 0.16898148148148148 0.051041666666666666 0.1175925925925926
0 0.9661458333333334 0.16111111111111112 0.029166666666666667 0.07685185185185185
0 0.9890625 0.20324074074074075 0.021875 0.11388888888888889
0 0.9299479166666667 0.45694444444444443 0.05677083333333333 0.08888888888888889
0 0.9125 0.37037037037037035 0.052083333333333336 0.07037037037037037
0 0.9828125 0.3731481481481482 0.034375 0.04259259259259259
0 0.9786458333333333 0.46944444444444444 0.042708333333333334 0.07962962962962963
0 0.8700520833333333 0.36898148148148147 0.06041666666666667 0.10277777777777777
0 0.9036458333333334 0.2800925925925926 0.06041666666666667 0.04814814814814815
0 0.9177083333333333 0.30416666666666664 0.0671875 0.05092592592592592
0 0.7955729166666666 0.047685185185185185 0.050520833333333334 0.09537037037037037
0 0.35989583333333336 0.016203703703703703 0.051041666666666666 0.032407407407407406