0 0.058333333333333334 0.9157407407407407 0.0984375 0.1685185185185185
0 0.06145833333333333 0.5259259259259259 0.06197916666666667 0.11018518518518519
0 0.17526041666666667 0.475 0.06510416666666667 0.12962962962962962
0 0.35703125 0.2833333333333333 0.06770833333333333 0.09722222222222222
0 0.05572916666666667 0.42777777777777776 0.06927083333333334 0.10462962962962963
0 0.016666666666666666 0.500462962962963 0.03333333333333333 0.10092592592592593
0 0.0078125 0.35138888888888886 0.015625 0.07407407407407407
0 0.04609375 0.34953703703703703 0.059375 0.07037037037037037
0 0.03567708333333333 0.30648148148148147 0.06302083333333333 0.041666666666666664
0 0.10260416666666666 0.3263888888888889 0.05260416666666667 0.10092592592592593
0 0.03723958333333333 0.23935185185185184 0.035416666666666666 0.05277777777777778
0 0.06302083333333333 0.21342592592592594 0.04479166666666667 0.058333333333333334
0 0.18489583333333334 0.23472222222222222 0.03697916666666667 0.07685185185185185
0 0.14166666666666666 0.24722222222222223 0.043229166666666666 0.075
0 0.11328125 0.16805555555555557 0.04010416666666667 0.026851851851851852
0 0.07213541666666666 0.15694444444444444 0.021875 0.023148148148148147
0 0.08046875 0.1388888888888889 0.0125 0.019444444444444445
0 0.03411458333333333 0.14444444444444443 0.033854166666666664 0.05
0 0.06354166666666666 0.10092592592592593 0.03802083333333333 0.05740740740740741
0 0.045572916666666664 0.04814814814814815 0.014583333333333334 0.01574074074074074
0 0.09036458333333333 0.05462962962962963 0.023958333333333335 0.03981481481481482
0 0.1359375 0.07222222222222222 0.04583333333333333 0.03981481481481482
0 0.12578125 0.09722222222222222 0.042708333333333334 0.028703703703703703
0 0.09791666666666667 0.12175925925925926 0.03802083333333333 0.03148148148148148
0 0.09661458333333334 0.1486111111111111 0.019270833333333334 0.017592592592592594
0 0.15885416666666666 0.09074074074074075 0.0265625 0.026851851851851852
0 0.17578125 0.07731481481481481 0.022395833333333334 0.023148148148148147
0 0.19375 0.05416666666666667 0.019791666666666666 0.028703703703703703
0 0.19895833333333332 0.03611111111111111 0.029166666666666667 0.022222222222222223
0 0.16302083333333334 0.04027777777777778 0.036458333333333336 0.02962962962962963
0 0.11328125 0.023148148148148147 0.023958333333333335 0.046296296296296294
0 0.08854166666666667 0.025925925925925925 0.034375 0.04351851851851852
0 0.19947916666666668 0.014351851851851852 0.049479166666666664 0.028703703703703703
0 0.209375 0.07592592592592592 0.03854166666666667 0.044444444444444446
0 0.20546875 0.11574074074074074 0.03958333333333333 0.037037037037037035
0 0.17161458333333332 0.1162037037037037 0.03958333333333333 0.028703703703703703
0 0.20052083333333334 0.16574074074074074 0.05364583333333333 0.021296296296296296
0 0.17682291666666666 0.18611111111111112 0.023958333333333335 0.032407407407407406
0 0.24557291666666667 0.032407407407407406 0.0359375 0.032407407407407406
0 0.26666666666666666 0.05185185185185185 0.028125 0.041666666666666664
0 0.31171875 0.15324074074074073 0.0421875 0.13796296296296295
0 0.34036458333333336 0.08333333333333333 0.04895833333333333 0.05555555555555555
0 0.4270833333333333 0.13564814814814816 0.06197916666666667 0.06574074074074074
0 0.49765625 0.14814814814814814 0.06197916666666667 0.06759259259259259
0 0.48072916666666665 0.10648148148148148 0.049479166666666664 0.028703703703703703
0 0.46119791666666665 0.08287037037037037 0.051041666666666666 0.03611111111111111
0 0.4427083333333333 0.055092592592592596 0.030208333333333334 0.020370370370370372
0 0.41380208333333335 0.08888888888888889 0.0515625 0.03796296296296296
0 0.5578125 0.0763888888888889 0.044270833333333336 0.05925925925925926
0 0.559375 0.018518518518518517 0.042708333333333334 0.037037037037037035
0 0.6755208333333333 0.22453703703703703 0.07395833333333333 0.11944444444444445
0 0.7161458333333334 0.225 0.041666666666666664 0.07592592592592592
0 0.7552083333333334 0.06342592592592593 0.06979166666666667 0.07592592592592592
0 0.6671875 0.06574074074074074 0.04895833333333333 0.04537037037037037
0 0.625 0.05462962962962963 0.052083333333333336 0.04722222222222222
0 0.6671875 0.03194444444444444 0.04114583333333333 0.030555555555555555
0 0.6497395833333334 0.020833333333333332 0.040625 0.03518518518518519
0 0.6096354166666667 0.02546296296296296 0.046875 0.04259259259259259
0 0.846875 0.16064814814814815 0.0703125 0.075
0 0.8091145833333333 0.12962962962962962 0.042708333333333334 0.07037037037037037
0 0.8984375 0.06805555555555555 0.04114583333333333 0.06574074074074074
0 0.9390625 0.07916666666666666 0.03802083333333333 0.07314814814814814
0 0.97265625 0.08333333333333333 0.030729166666666665 0.09814814814814815
0 0.9729166666666667 0.17777777777777778 0.03958333333333333 0.06759259259259259
0 0.975 0.13518518518518519 0.05 0.046296296296296294
0 0.9520833333333333 0.032407407407407406 0.030208333333333334 0.05740740740740741
0 0.9255208333333333 0.022685185185185187 0.0234375 0.04537037037037037
0 0.7927083333333333 0.012037037037037037 0.03229166666666667 0.024074074074074074
0 0.7528645833333333 0.009259259259259259 0.03854166666666667 0.018518518518518517
0 0.5046875 0.03009259259259259 0.05364583333333333 0.04814814814814815
0 0.50078125 0.06851851851851852 0.057291666666666664 0.062037037037037036
0 0.4549479166666667 0.030555555555555555 0.044270833333333336 0.03425925925925926
0 0.37057291666666664 0.05092592592592592 0.0484375 0.10185185185185185
0 0.25755208333333335 0.25462962962962965 0.05416666666666667 0.12407407407407407
0 0.22291666666666668 0.3287037037037037 0.04479166666666667 0.08611111111111111
0 0.9140625 0.45740740740740743 0.1109375 0.14629629629629629