0 0.03515625 0.16898148148148148 0.04375 0.02962962962962963
0 0.06614583333333333 0.09583333333333334 0.034375 0.040740740740740744
0 0.08802083333333334 0.2587962962962963 0.035416666666666666 0.027777777777777776
0 0.06171875 0.26666666666666666 0.0234375 0.025925925925925925
0 0.07942708333333333 0.2865740740740741 0.041666666666666664 0.022222222222222223
0 0.04348958333333333 0.3351851851851852 0.042708333333333334 0.028703703703703703
0 0.06927083333333334 0.3375 0.0171875 0.025
0 0.10442708333333334 0.31712962962962965 0.018229166666666668 0.032407407407407406
0 0.09921875 0.29768518518518516 0.021354166666666667 0.025
0 0.13255208333333332 0.3287037037037037 0.0265625 0.026851851851851852
0 0.08255208333333333 0.36666666666666664 0.03854166666666667 0.04259259259259259
0 0.09635416666666667 0.37916666666666665 0.0140625 0.025
0 0.1109375 0.37175925925925923 0.022395833333333334 0.027777777777777776
0 0.13776041666666666 0.3611111111111111 0.018229166666666668 0.017592592592592594
0 0.13072916666666667 0.37592592592592594 0.01875 0.018518518518518517
0 0.14270833333333333 0.38842592592592595 0.022916666666666665 0.016666666666666666
0 0.14270833333333333 0.4 0.03958333333333333 0.014814814814814815
0 0.14765625 0.41388888888888886 0.04583333333333333 0.017592592592592594
0 0.10546875 0.42083333333333334 0.016666666666666666 0.021296296296296296
0 0.08177083333333333 0.4 0.022395833333333334 0.021296296296296296
0 0.05520833333333333 0.4115740740740741 0.015625 0.022222222222222223
0 0.04791666666666667 0.449537037037037 0.034895833333333334 0.040740740740740744
0 0.05416666666666667 0.4777777777777778 0.043229166666666666 0.06296296296296296
0 0.01484375 0.43194444444444446 0.0296875 0.027777777777777776
0 0.08072916666666667 0.43657407407407406 0.030208333333333334 0.04537037037037037
0 0.07994791666666666 0.4861111111111111 0.04635416666666667 0.05648148148148148
0 0.016666666666666666 0.4791666666666667 0.026041666666666668 0.06666666666666667
0 0.11744791666666667 0.4666666666666667 0.03854166666666667 0.08796296296296297
0 0.0734375 0.538425925925926 0.0359375 0.04351851851851852
0 0.11171875 0.5462962962962963 0.033854166666666664 0.05277777777777778
0 0.04609375 0.5796296296296296 0.019791666666666666 0.09351851851851851
0 0.026302083333333334 0.5703703703703704 0.011458333333333333 0.05740740740740741
0 0.01171875 0.5791666666666667 0.011979166666666667 0.032407407407407406
0 0.030989583333333334 0.6731481481481482 0.04479166666666667 0.053703703703703705
0 0.06354166666666666 0.6 0.015625 0.03518518518518519
0 0.0765625 0.5810185185185185 0.027604166666666666 0.028703703703703703
0 0.0796875 0.6287037037037037 0.025520833333333333 0.027777777777777776
0 0.12942708333333333 0.6300925925925925 0.052083333333333336 0.09259259259259259
0 0.01484375 0.7296296296296296 0.0296875 0.05462962962962963
0 0.146875 0.4375 0.022916666666666665 0.03333333333333333
0 0.16848958333333333 0.42407407407407405 0.035416666666666666 0.04814814814814815
0 0.17057291666666666 0.38333333333333336 0.026041666666666668 0.013888888888888888
0 0.17890625 0.39490740740740743 0.026041666666666668 0.01574074074074074
0 0.16640625 0.36018518518518516 0.021875 0.030555555555555555
0 0.15989583333333332 0.32037037037037036 0.020833333333333332 0.04351851851851852
0 0.18255208333333334 0.32592592592592595 0.020833333333333332 0.020370370370370372
0 0.19921875 0.3509259259259259 0.0265625 0.016666666666666666
0 0.2015625 0.3388888888888889 0.03125 0.014814814814814815
0 0.20390625 0.3277777777777778 0.027604166666666666 0.013888888888888888
0 0.02265625 0.38472222222222224 0.0453125 0.05
0 0.12317708333333334 0.26990740740740743 0.021875 0.014814814814814815
0 0.12421875 0.28194444444444444 0.022916666666666665 0.014814814814814815
0 0.11510416666666666 0.25787037037037036 0.017708333333333333 0.024074074074074074
0 0.15052083333333333 0.24814814814814815 0.0359375 0.03888888888888889
0 0.19322916666666667 0.24722222222222223 0.019270833333333334 0.010185185185185186
0 0.19661458333333334 0.25787037037037036 0.025 0.009259259259259259
0 0.19713541666666667 0.27175925925925926 0.022395833333333334 0.012962962962962963
0 0.16875 0.2828703703703704 0.027604166666666666 0.03148148148148148
0 0.24114583333333334 0.2773148148148148 0.0125 0.017592592592592594
0 0.21796875 0.2967592592592593 0.030729166666666665 0.011111111111111112
0 0.00703125 0.18611111111111112 0.0125 0.028703703703703703
0 0.06380208333333333 0.10740740740740741 0.0328125 0.053703703703703705
0 0.12239583333333333 0.11712962962962963 0.024479166666666666 0.05462962962962963
0 0.21432291666666667 0.15416666666666667 0.027083333333333334 0.04259259259259259
0 0.19479166666666667 0.19074074074074074 0.0203125 0.011111111111111112
0 0.1875 0.21666666666666667 0.011458333333333333 0.020370370370370372
0 0.140625 0.18425925925925926 0.019270833333333334 0.03518518518518519
0 0.15572916666666667 0.18009259259259258 0.0125 0.04259259259259259
0 0.17890625 0.17083333333333334 0.028645833333333332 0.032407407407407406
0 0.10833333333333334 0.23796296296296296 0.023958333333333335 0.02962962962962963
0 0.12552083333333333 0.22685185185185186 0.026041666666666668 0.030555555555555555
0 0.14427083333333332 0.22453703703703703 0.028125 0.022222222222222223
0 0.1390625 0.20833333333333334 0.03125 0.027777777777777776
0 0.12317708333333334 0.1884259259259259 0.021875 0.022222222222222223
0 0.08541666666666667 0.24074074074074073 0.03125 0.019444444444444445
0 0.03567708333333333 0.23287037037037037 0.028645833333333332 0.025925925925925925
0 0.005989583333333334 0.2111111111111111 0.011979166666666667 0.013888888888888888
0 0.21796875 0.2 0.029166666666666667 0.04814814814814815
0 0.24947916666666667 0.19537037037037036 0.014583333333333334 0.03796296296296296
0 0.259375 0.17824074074074073 0.0125 0.03518518518518519
0 0.26875 0.1685185185185185 0.0140625 0.025925925925925925
0 0.2546875 0.24027777777777778 0.03697916666666667 0.01574074074074074
0 0.25416666666666665 0.2689814814814815 0.016666666666666666 0.019444444444444445
0 0.18203125 0.23564814814814813 0.0171875 0.017592592592592594
0 0.30052083333333335 0.14675925925925926 0.009375 0.013888888888888888
0 0.31354166666666666 0.13796296296296295 0.016145833333333335 0.011111111111111112
0 0.3111979166666667 0.15046296296296297 0.013541666666666667 0.014814814814814815
0 0.27057291666666666 0.2050925925925926 0.035416666666666666 0.040740740740740744
0 0.32109375 0.2625 0.030208333333333334 0.05555555555555555
0 0.32317708333333334 0.23425925925925925 0.0296875 0.028703703703703703
0 0.31223958333333335 0.30416666666666664 0.04583333333333333 0.03796296296296296
0 0.25364583333333335 0.34814814814814815 0.04010416666666667 0.046296296296296294
0 0.27317708333333335 0.3023148148148148 0.0296875 0.040740740740740744
0 0.2864583333333333 0.3509259259259259 0.05260416666666667 0.03425925925925926
0 0.2765625 0.38055555555555554 0.05416666666666667 0.037037037037037035
0 0.26536458333333335 0.4115740740740741 0.05364583333333333 0.04722222222222222
0 0.2453125 0.6 0.059375 0.10925925925925926
0 0.26588541666666665 0.49537037037037035 0.044270833333333336 0.07222222222222222
0 0.3184895833333333 0.48842592592592593 0.0546875 0.058333333333333334
0 0.3125 0.44583333333333336 0.06875 0.04722222222222222
0 0.33619791666666665 0.5643518518518519 0.06666666666666667 0.12777777777777777
0 0.35390625 0.49212962962962964 0.029166666666666667 0.03333333333333333
0 0.35182291666666665 0.4324074074074074 0.030729166666666665 0.023148148148148147
0 0.4231770833333333 0.4861111111111111 0.06302083333333333 0.1175925925925926
0 0.40989583333333335 0.6268518518518519 0.05677083333333333 0.13703703703703704
0 0.2375 0.8337962962962963 0.11979166666666667 0.12777777777777777
0 0.3567708333333333 0.4023148148148148 0.08177083333333333 0.06666666666666667
0 0.35625 0.35648148148148145 0.021875 0.020370370370370372
0 0.37135416666666665 0.3106481481481482 0.023958333333333335 0.024074074074074074
0 0.34739583333333335 0.29583333333333334 0.026041666666666668 0.019444444444444445
0 0.40208333333333335 0.3458333333333333 0.0359375 0.04259259259259259
0 0.421875 0.37083333333333335 0.06145833333333333 0.05740740740740741
0 0.45026041666666666 0.3851851851851852 0.036458333333333336 0.0824074074074074
0 0.44557291666666665 0.31527777777777777 0.027083333333333334 0.053703703703703705
0 0.39010416666666664 0.2013888888888889 0.03958333333333333 0.06481481481481481
0 0.4317708333333333 0.23564814814814813 0.022916666666666665 0.012037037037037037
0 0.42890625 0.2569444444444444 0.023958333333333335 0.014814814814814815
0 0.4239583333333333 0.2824074074074074 0.019791666666666666 0.017592592592592594
0 0.4674479166666667 0.32314814814814813 0.034375 0.03518518518518519
0 0.50703125 0.3263888888888889 0.05 0.06018518518518518
0 0.47552083333333334 0.3527777777777778 0.05520833333333333 0.03611111111111111
0 0.5075520833333333 0.2851851851851852 0.0484375 0.03611111111111111
0 0.5463541666666667 0.25833333333333336 0.0484375 0.040740740740740744
0 0.52421875 0.20879629629629629 0.040625 0.03148148148148148
0 0.5080729166666667 0.24537037037037038 0.033854166666666664 0.03981481481481482
0 0.5794270833333334 0.19675925925925927 0.051041666666666666 0.040740740740740744
0 0.58359375 0.17731481481481481 0.03697916666666667 0.03518518518518519
0 0.5848958333333333 0.21805555555555556 0.04583333333333333 0.040740740740740744
0 0.578125 0.2722222222222222 0.0546875 0.04722222222222222
0 0.584375 0.31157407407407406 0.06510416666666667 0.06388888888888888
0 0.5955729166666667 0.37453703703703706 0.0796875 0.10092592592592593
0 0.65078125 0.425 0.06822916666666666 0.09166666666666666
0 0.6463541666666667 0.5203703703703704 0.07916666666666666 0.1
0 0.7408854166666666 0.5740740740740741 0.07291666666666667 0.12222222222222222
0 0.7809895833333333 0.6305555555555555 0.065625 0.09074074074074075
0 0.55 0.8305555555555556 0.09895833333333333 0.09537037037037037
0 0.5705729166666667 0.9125 0.065625 0.1361111111111111
0 0.37734375 0.9666666666666667 0.0765625 0.06666666666666667
0 0.46927083333333336 0.9898148148148148 0.0453125 0.020370370370370372
0 0.584375 0.1439814814814815 0.026041666666666668 0.03333333333333333
0 0.6388020833333333 0.0763888888888889 0.019270833333333334 0.023148148148148147
0 0.6408854166666667 0.06388888888888888 0.03125 0.026851851851851852
0 0.6356770833333333 0.09907407407407408 0.03802083333333333 0.04722222222222222
0 0.65703125 0.1361111111111111 0.034375 0.02962962962962963
0 0.6268229166666667 0.14722222222222223 0.0296875 0.028703703703703703
0 0.6638020833333333 0.18194444444444444 0.034895833333333334 0.040740740740740744
0 0.6859375 0.14027777777777778 0.028125 0.028703703703703703
0 0.7346354166666667 0.1175925925925926 0.018229166666666668 0.014814814814814815
0 0.77734375 0.16018518518518518 0.0390625 0.030555555555555555
0 0.790625 0.14074074074074075 0.026041666666666668 0.026851851851851852
0 0.8 0.1814814814814815 0.0328125 0.026851851851851852
0 0.8247395833333333 0.1986111111111111 0.03125 0.037037037037037035
0 0.8375 0.2412037037037037 0.0328125 0.046296296296296294
0 0.8252604166666667 0.22824074074074074 0.020833333333333332 0.02962962962962963
0 0.8067708333333333 0.24305555555555555 0.027083333333333334 0.03333333333333333
0 0.7994791666666666 0.21574074074074073 0.008854166666666666 0.018518518518518517
0 0.7856770833333333 0.2101851851851852 0.016145833333333335 0.018518518518518517
0 0.7544270833333333 0.22083333333333333 0.03333333333333333 0.018518518518518517
0 0.7591145833333334 0.23981481481481481 0.051041666666666666 0.02962962962962963
0 0.7880208333333333 0.2689814814814815 0.05677083333333333 0.05092592592592592
0 0.7651041666666667 0.30324074074074076 0.042708333333333334 0.041666666666666664
0 0.7921875 0.3282407407407407 0.035416666666666666 0.05092592592592592
0 0.7453125 0.2023148148148148 0.022916666666666665 0.026851851851851852
0 0.7158854166666667 0.20416666666666666 0.034895833333333334 0.026851851851851852
0 0.7278645833333334 0.22685185185185186 0.04375 0.040740740740740744
0 0.6450520833333333 0.2388888888888889 0.04114583333333333 0.037037037037037035
0 0.6736979166666667 0.2564814814814815 0.052083333333333336 0.03425925925925926
0 0.6932291666666667 0.3 0.0375 0.08148148148148149
0 0.7125 0.3351851851851852 0.0546875 0.1037037037037037
0 0.78125 0.3921296296296296 0.05364583333333333 0.07222222222222222
0 0.8611979166666667 0.2814814814814815 0.04895833333333333 0.04537037037037037
0 0.8684895833333334 0.2449074074074074 0.030208333333333334 0.02962962962962963
0 0.8963541666666667 0.2759259259259259 0.028645833333333332 0.027777777777777776
0 0.8770833333333333 0.3060185185185185 0.05677083333333333 0.023148148148148147
0 0.8994791666666667 0.3236111111111111 0.04479166666666667 0.04722222222222222
0 0.85859375 0.33287037037037037 0.046875 0.030555555555555555
0 0.8736979166666666 0.3638888888888889 0.0546875 0.041666666666666664
0 0.8942708333333333 0.4064814814814815 0.05625 0.05925925925925926
0 0.9338541666666667 0.425462962962963 0.028125 0.07962962962962963
0 0.9604166666666667 0.43287037037037035 0.043229166666666666 0.07962962962962963
0 0.9333333333333333 0.36435185185185187 0.042708333333333334 0.03333333333333333
0 0.9822916666666667 0.5087962962962963 0.035416666666666666 0.08981481481481482
0 0.96640625 0.4759259259259259 0.03802083333333333 0.06944444444444445
0 0.959375 0.6606481481481481 0.07239583333333334 0.07222222222222222
0 0.9888020833333333 0.6884259259259259 0.022395833333333334 0.09259259259259259
0 0.8481770833333333 0.8087962962962963 0.051041666666666666 0.10925925925925926
0 0.8653645833333333 0.9342592592592592 0.14322916666666666 0.12222222222222222
0 0.9893229166666667 0.7981481481481482 0.021354166666666667 0.10092592592592593
0 0.46458333333333335 0.16712962962962963 0.015104166666666667 0.016666666666666666
0 0.4583333333333333 0.21157407407407408 0.0203125 0.017592592592592594
0 0.4822916666666667 0.18703703703703703 0.0171875 0.016666666666666666
0 0.46588541666666666 0.18564814814814815 0.022395833333333334 0.016666666666666666
0 0.5072916666666667 0.15416666666666667 0.0140625 0.012037037037037037
0 0.5158854166666667 0.1699074074074074 0.0140625 0.012037037037037037
0 0.509375 0.18472222222222223 0.01875 0.017592592592592594
0 0.46328125 0.1425925925925926 0.011979166666666667 0.017592592592592594
0 0.43359375 0.13148148148148148 0.025520833333333333 0.017592592592592594
0 0.403125 0.125 0.015104166666666667 0.016666666666666666
0 0.44114583333333335 0.1875 0.0109375 0.023148148148148147
0 0.41484375 0.16944444444444445 0.019270833333333334 0.01574074074074074
0 0.353125 0.18333333333333332 0.03333333333333333 0.05740740740740741
0 0.396875 0.15601851851851853 0.013541666666666667 0.014814814814814815
0 0.3763020833333333 0.14537037037037037 0.016145833333333335 0.012962962962962963
0 0.37942708333333336 0.2847222222222222 0.04375 0.022222222222222223
0 0.45807291666666666 0.28055555555555556 0.043229166666666666 0.02962962962962963
0 0.46640625 0.2652777777777778 0.034375 0.016666666666666666
0 0.39609375 0.24722222222222223 0.0375 0.02962962962962963
0 0.5692708333333333 0.11898148148148148 0.016666666666666666 0.04259259259259259
0 0.5473958333333333 0.12731481481481483 0.008854166666666666 0.008333333333333333
0 0.55 0.1425925925925926 0.015104166666666667 0.011111111111111112
0 0.9291666666666667 0.15694444444444444 0.019791666666666666 0.05555555555555555
0 0.9520833333333333 0.11018518518518519 0.027604166666666666 0.027777777777777776
0 0.9572916666666667 0.13564814814814816 0.025520833333333333 0.024074074074074074
0 0.98203125 0.13472222222222222 0.024479166666666666 0.030555555555555555
0 0.9921875 0.19814814814814816 0.015625 0.06111111111111111
0 0.9533854166666667 0.23564814814814813 0.0328125 0.05185185185185185
0 0.8807291666666667 0.15046296296296297 0.019791666666666666 0.027777777777777776
0 0.9135416666666667 0.09444444444444444 0.0359375 0.027777777777777776
0 0.83671875 0.062037037037037036 0.03177083333333333 0.025925925925925925
0 0.8244791666666667 0.15092592592592594 0.028125 0.021296296296296296
0 0.7125 0.0763888888888889 0.026041666666666668 0.024074074074074074
0 0.728125 0.09953703703703703 0.036458333333333336 0.023148148148148147
0 0.70703125 0.1449074074074074 0.027083333333333334 0.06018518518518518
0 0.8979166666666667 0.17083333333333334 0.0375 0.03333333333333333
0 0.48463541666666665 0.21481481481481482 0.03125 0.032407407407407406
0 0.5244791666666667 0.1412037037037037 0.009375 0.019444444444444445
0 0.5119791666666667 0.13564814814814816 0.013541666666666667 0.011111111111111112