0 0.029947916666666668 0.1287037037037037 0.03333333333333333 0.06666666666666667
0 0.05677083333333333 0.10833333333333334 0.0421875 0.05
0 0.06640625 0.07407407407407407 0.05572916666666667 0.049074074074074076
0 0.10729166666666666 0.027777777777777776 0.034895833333333334 0.05555555555555555
0 0.17890625 0.025925925925925925 0.05364583333333333 0.05185185185185185
0 0.18697916666666667 0.1111111111111111 0.0484375 0.05925925925925926
0 0.17265625 0.0712962962962963 0.03125 0.028703703703703703
0 0.209375 0.07453703703703704 0.0421875 0.03425925925925926
0 0.2375 0.08796296296296297 0.052083333333333336 0.06574074074074074
0 0.2203125 0.052314814814814814 0.028125 0.030555555555555555
0 0.24166666666666667 0.034722222222222224 0.03958333333333333 0.026851851851851852
0 0.2708333333333333 0.05092592592592592 0.042708333333333334 0.026851851851851852
0 0.2791666666666667 0.029166666666666667 0.034895833333333334 0.026851851851851852
0 0.25390625 0.011574074074074073 0.0546875 0.023148148148148147
0 0.01875 0.17824074074074073 0.0375 0.05555555555555555
0 0.01171875 0.21944444444444444 0.0234375 0.06296296296296296
0 0.020833333333333332 0.3212962962962963 0.041666666666666664 0.10185185185185185
0 0.15 0.35138888888888886 0.058854166666666666 0.1175925925925926
0 0.22916666666666666 0.2953703703703704 0.050520833333333334 0.1361111111111111
0 0.2799479166666667 0.30833333333333335 0.09791666666666667 0.16203703703703703
0 0.30364583333333334 0.2351851851851852 0.07864583333333333 0.12222222222222222
0 0.321875 0.12453703703703704 0.04791666666666667 0.06388888888888888
0 0.3450520833333333 0.07175925925925926 0.05625 0.05092592592592592
0 0.40651041666666665 0.06018518518518518 0.03854166666666667 0.05462962962962963
0 0.3921875 0.032407407407407406 0.0453125 0.025925925925925925
0 0.35442708333333334 0.04351851851851852 0.042708333333333334 0.032407407407407406
0 0.465625 0.050462962962962966 0.03125 0.06111111111111111
0 0.4791666666666667 0.11944444444444445 0.06510416666666667 0.06388888888888888
0 0.43671875 0.050462962962962966 0.030208333333333334 0.05
0 0.4044270833333333 0.012962962962962963 0.035416666666666666 0.017592592592592594
0 0.4322916666666667 0.014814814814814815 0.030729166666666665 0.021296296296296296
0 0.49166666666666664 0.025 0.03854166666666667 0.041666666666666664
0 0.5205729166666667 0.03287037037037037 0.03177083333333333 0.04259259259259259
0 0.5635416666666667 0.04722222222222222 0.042708333333333334 0.046296296296296294
0 0.5807291666666666 0.032407407407407406 0.03229166666666667 0.03981481481481482
0 0.59453125 0.020833333333333332 0.03854166666666667 0.03148148148148148
0 0.6114583333333333 0.05416666666666667 0.0390625 0.05462962962962963
0 0.6283854166666667 0.012962962962962963 0.0328125 0.025925925925925925
0 0.6473958333333333 0.04212962962962963 0.035416666666666666 0.04722222222222222
0 0.634375 0.1935185185185185 0.040625 0.0824074074074074
0 0.6888020833333334 0.21944444444444444 0.0671875 0.053703703703703705
0 0.7122395833333334 0.16157407407407406 0.03854166666666667 0.08055555555555556
0 0.6609375 0.4527777777777778 0.09322916666666667 0.09722222222222222
0 0.6861979166666666 0.5578703703703703 0.05364583333333333 0.16666666666666666
0 0.7447916666666666 0.5476851851851852 0.05260416666666667 0.11944444444444445
0 0.43463541666666666 0.524537037037037 0.08958333333333333 0.10462962962962963
0 0.29140625 0.612037037037037 0.0734375 0.12777777777777777
0 0.09635416666666667 0.5638888888888889 0.10052083333333334 0.18611111111111112
0 0.12682291666666667 0.7518518518518519 0.0984375 0.1425925925925926
0 0.19296875 0.8083333333333333 0.11302083333333333 0.11296296296296296
0 0.07864583333333333 0.9231481481481482 0.115625 0.1537037037037037
0 0.05286458333333333 0.9842592592592593 0.10572916666666667 0.03148148148148148
0 0.38385416666666666 0.7583333333333333 0.11666666666666667 0.1361111111111111
0 0.44453125 0.8305555555555556 0.11822916666666666 0.14444444444444443
0 0.8802083333333334 0.31296296296296294 0.059375 0.1398148148148148
0 0.8658854166666666 0.13518518518518519 0.04635416666666667 0.10092592592592593
0 0.89609375 0.05277777777777778 0.03802083333333333 0.06851851851851852
0 0.9510416666666667 0.05925925925925926 0.04635416666666667 0.03611111111111111
0 0.9377604166666667 0.0787037037037037 0.0515625 0.02962962962962963
0 0.94765625 0.09953703703703703 0.027604166666666666 0.02962962962962963
0 0.9690104166666667 0.1 0.046875 0.03611111111111111
0 0.96640625 0.1375 0.0234375 0.03888888888888889
0 0.98125 0.11666666666666667 0.016666666666666666 0.027777777777777776
0 0.99296875 0.16435185185185186 0.0125 0.0712962962962963
0 0.95703125 0.19583333333333333 0.049479166666666664 0.06574074074074074
0 0.9833333333333333 0.17592592592592593 0.030208333333333334 0.07685185185185185
0 0.9111979166666667 0.01898148148148148 0.0515625 0.03796296296296296