0 0.78828125 0.5787037037037037 0.08854166666666667 0.1574074074074074
0 0.88359375 0.41203703703703703 0.09010416666666667 0.1574074074074074
0 0.903125 0.2222222222222222 0.059895833333333336 0.12685185185185185
0 0.6984375 0.21064814814814814 0.07395833333333333 0.1037037037037037
0 0.640625 0.20972222222222223 0.0765625 0.10185185185185185
0 0.7479166666666667 0.07962962962962963 0.06510416666666667 0.07592592592592592
0 0.4791666666666667 0.5194444444444445 0.078125 0.13148148148148148
0 0.6372395833333333 0.7949074074074074 0.1390625 0.16666666666666666
0 0.453125 0.8300925925925926 0.10572916666666667 0.13240740740740742
0 0.4015625 0.7245370370370371 0.1328125 0.10648148148148148
0 0.34375 0.8138888888888889 0.1078125 0.13425925925925927
0 0.20572916666666666 0.8064814814814815 0.13177083333333334 0.14074074074074075
0 0.11276041666666667 0.8287037037037037 0.14427083333333332 0.24722222222222223
0 0.07057291666666667 0.9305555555555556 0.14114583333333333 0.1388888888888889
0 0.07630208333333334 0.4199074074074074 0.0921875 0.16944444444444445
0 0.22135416666666666 0.43287037037037035 0.0765625 0.18981481481481483
0 0.2752604166666667 0.3055555555555556 0.1234375 0.20092592592592592
0 0.33203125 0.1726851851851852 0.06875 0.11388888888888889
0 0.4895833333333333 0.12268518518518519 0.07447916666666667 0.07222222222222222
0 0.0328125 0.5324074074074074 0.065625 0.14629629629629629
0 0.19296875 0.1 0.058854166666666666 0.08981481481481482
0 0.24296875 0.08009259259259259 0.04635416666666667 0.06111111111111111
0 0.11041666666666666 0.050462962962962966 0.04791666666666667 0.058333333333333334
0 0.054947916666666666 0.21064814814814814 0.08645833333333333 0.10462962962962963
0 0.33098958333333334 0.11157407407407408 0.06458333333333334 0.06944444444444445
0 0.35130208333333335 0.06527777777777778 0.034895833333333334 0.06388888888888888
0 0.4036458333333333 0.062037037037037036 0.0453125 0.06851851851851852
0 0.40130208333333334 0.022685185185185187 0.04114583333333333 0.04537037037037037
0 0.43515625 0.04953703703703704 0.03333333333333333 0.06018518518518518
0 0.4778645833333333 0.043055555555555555 0.04010416666666667 0.04814814814814815
0 0.63125 0.09768518518518518 0.07604166666666666 0.09814814814814815
0 0.6447916666666667 0.041666666666666664 0.041666666666666664 0.04722222222222222
0 0.60078125 0.04861111111111111 0.04375 0.046296296296296294
0 0.5885416666666666 0.01712962962962963 0.057291666666666664 0.03425925925925926
0 0.5643229166666667 0.04953703703703704 0.04739583333333333 0.062037037037037036
0 0.5166666666666667 0.03194444444444444 0.0421875 0.04722222222222222
0 0.06380208333333333 0.07175925925925926 0.04895833333333333 0.06111111111111111
0 0.04895833333333333 0.09953703703703703 0.04479166666666667 0.05925925925925926
0 0.024479166666666666 0.1310185185185185 0.04895833333333333 0.06666666666666667
0 0.17994791666666668 0.01898148148148148 0.05572916666666667 0.03796296296296296
0 0.20026041666666666 0.040740740740740744 0.059375 0.037037037037037035
0 0.19114583333333332 0.05416666666666667 0.052083333333333336 0.04259259259259259
0 0.21848958333333332 0.04953703703703704 0.028645833333333332 0.03611111111111111
0 0.2643229166666667 0.012962962962962963 0.0625 0.025925925925925925
0 0.28567708333333336 0.027777777777777776 0.0328125 0.025
0 0.27317708333333335 0.055092592592592596 0.03177083333333333 0.05
0 0.9666666666666667 0.20092592592592592 0.0453125 0.0824074074074074
0 0.9848958333333333 0.12546296296296297 0.030208333333333334 0.05092592592592592
0 0.965625 0.09675925925925925 0.0515625 0.062037037037037036
0 0.9307291666666667 0.07685185185185185 0.0421875 0.05277777777777778
0 0.9552083333333333 0.06296296296296296 0.0421875 0.05462962962962963
0 0.8421875 0.024537037037037038 0.06302083333333333 0.049074074074074076
0 0.90390625 0.016203703703703703 0.04114583333333333 0.032407407407407406