0 0.8817708333333333 0.8532407407407407 0.078125 0.1648148148148148
0 0.8307291666666666 0.6615740740740741 0.06875 0.08148148148148149
0 0.8036458333333333 0.5879629629629629 0.08177083333333333 0.0962962962962963
0 0.85390625 0.538425925925926 0.065625 0.11203703703703703
0 0.7669270833333334 0.5282407407407408 0.07395833333333333 0.08888888888888889
0 0.73125 0.5583333333333333 0.06822916666666666 0.09074074074074075
0 0.69296875 0.5935185185185186 0.06666666666666667 0.07685185185185185
0 0.6575520833333334 0.6060185185185185 0.05520833333333333 0.07407407407407407
0 0.6986979166666667 0.6717592592592593 0.08177083333333333 0.05
0 0.7302083333333333 0.7351851851851852 0.0703125 0.11296296296296296
0 0.6760416666666667 0.7666666666666667 0.0640625 0.05462962962962963
0 0.6611979166666667 0.7856481481481481 0.0953125 0.05925925925925926
0 0.6932291666666667 0.8592592592592593 0.0734375 0.10740740740740741
0 0.6307291666666667 0.8708333333333333 0.0859375 0.07037037037037037
0 0.584375 0.774537037037037 0.0640625 0.1
0 0.6346354166666667 0.7097222222222223 0.04739583333333333 0.08796296296296297
0 0.6161458333333333 0.6087962962962963 0.027604166666666666 0.04814814814814815
0 0.5575520833333333 0.6509259259259259 0.057291666666666664 0.08611111111111111
0 0.5471354166666667 0.7050925925925926 0.08489583333333334 0.06111111111111111
0 0.49609375 0.7481481481481481 0.1015625 0.07962962962962963
0 0.45677083333333335 0.8041666666666667 0.08229166666666667 0.12777777777777777
0 0.47552083333333334 0.8768518518518519 0.096875 0.11574074074074074
0 0.4153645833333333 0.7597222222222222 0.06770833333333333 0.05925925925925926
0 0.5020833333333333 0.662962962962963 0.042708333333333334 0.09074074074074075
0 0.5130208333333334 0.5699074074074074 0.078125 0.07685185185185185
0 0.44921875 0.6018518518518519 0.058333333333333334 0.10092592592592593
0 0.3809895833333333 0.5564814814814815 0.1 0.09259259259259259
0 0.3809895833333333 0.6393518518518518 0.08177083333333333 0.07777777777777778
0 0.35546875 0.7078703703703704 0.0875 0.07777777777777778
0 0.43828125 0.6847222222222222 0.0671875 0.08796296296296297
0 0.3294270833333333 0.6208333333333333 0.05 0.09259259259259259
0 0.25885416666666666 0.7574074074074074 0.0609375 0.09814814814814815
0 0.32109375 0.7949074074074074 0.06354166666666666 0.10555555555555556
0 0.3729166666666667 0.8430555555555556 0.08645833333333333 0.08703703703703704
0 0.35494791666666664 0.9236111111111112 0.08958333333333333 0.09444444444444444
0 0.41458333333333336 0.9629629629629629 0.109375 0.06574074074074074
0 0.509375 0.975462962962963 0.11354166666666667 0.049074074074074076
0 0.23515625 0.9314814814814815 0.1046875 0.13703703703703704
0 0.27369791666666665 0.8763888888888889 0.058854166666666666 0.15185185185185185
0 0.20026041666666666 0.7898148148148149 0.08697916666666666 0.10277777777777777
0 0.16171875 0.8685185185185185 0.0546875 0.12685185185185185
0 0.09453125 0.8652777777777778 0.06614583333333333 0.19722222222222222
0 0.0703125 0.812962962962963 0.027604166666666666 0.053703703703703705
0 0.03333333333333333 0.9037037037037037 0.05 0.17222222222222222
0 0.11015625 0.9740740740740741 0.1390625 0.05185185185185185
0 0.03723958333333333 0.7425925925925926 0.07447916666666667 0.1925925925925926
0 0.21744791666666666 0.5555555555555556 0.1171875 0.14166666666666666
0 0.309375 0.4532407407407407 0.0703125 0.10092592592592593
0 0.13385416666666666 0.5481481481481482 0.051041666666666666 0.1259259259259259
0 0.18020833333333333 0.46111111111111114 0.065625 0.062037037037037036
0 0.020052083333333335 0.6162037037037037 0.04010416666666667 0.08425925925925926
0 0.0125 0.6648148148148149 0.025 0.04814814814814815
0 0.05546875 0.5023148148148148 0.0609375 0.07407407407407407
0 0.017447916666666667 0.5296296296296297 0.034895833333333334 0.05740740740740741
0 0.011197916666666667 0.4777777777777778 0.022395833333333334 0.041666666666666664
0 0.01953125 0.44074074074074077 0.0390625 0.07407407407407407
0 0.0671875 0.4185185185185185 0.030729166666666665 0.07592592592592592
0 0.09791666666666667 0.43703703703703706 0.07291666666666667 0.05185185185185185
0 0.09765625 0.37962962962962965 0.027083333333333334 0.058333333333333334
0 0.13229166666666667 0.35 0.046875 0.06851851851851852
0 0.0640625 0.36018518518518516 0.05364583333333333 0.06851851851851852
0 0.08567708333333333 0.3125 0.034895833333333334 0.046296296296296294
0 0.04765625 0.31342592592592594 0.035416666666666666 0.06666666666666667
0 0.02265625 0.3138888888888889 0.04010416666666667 0.02962962962962963
0 0.00859375 0.37407407407407406 0.0171875 0.0712962962962963
0 0.020833333333333332 0.2412037037037037 0.041666666666666664 0.05740740740740741
0 0.0265625 0.2851851851851852 0.04895833333333333 0.03981481481481482
0 0.07838541666666667 0.22453703703703703 0.036458333333333336 0.07037037037037037
0 0.08411458333333334 0.1837962962962963 0.05677083333333333 0.03148148148148148
0 0.08515625 0.15694444444444444 0.058333333333333334 0.03611111111111111
0 0.1328125 0.25092592592592594 0.044270833333333336 0.08703703703703704
0 0.165625 0.23657407407407408 0.06770833333333333 0.06388888888888888
0 0.16796875 0.16203703703703703 0.05260416666666667 0.075
0 0.17838541666666666 0.1259259259259259 0.05260416666666667 0.062037037037037036
0 0.016145833333333335 0.17824074074074073 0.03229166666666667 0.06388888888888888
0 0.03671875 0.21388888888888888 0.05625 0.03888888888888889
0 0.026822916666666665 0.1259259259259259 0.025 0.06111111111111111
0 0.05130208333333333 0.10740740740740741 0.0203125 0.07407407407407407
0 0.06432291666666666 0.09768518518518518 0.05364583333333333 0.03888888888888889
0 0.07239583333333334 0.06666666666666667 0.04375 0.03333333333333333
0 0.005989583333333334 0.13055555555555556 0.011979166666666667 0.05555555555555555
0 0.0328125 0.053703703703703705 0.019270833333333334 0.021296296296296296
0 0.07083333333333333 0.028703703703703703 0.028645833333333332 0.05462962962962963
0 0.04635416666666667 0.028703703703703703 0.021354166666666667 0.044444444444444446
0 0.09192708333333334 0.02638888888888889 0.027604166666666666 0.05277777777777778
0 0.1375 0.018055555555555554 0.046875 0.03611111111111111
0 0.13645833333333332 0.05 0.0546875 0.03796296296296296
0 0.12916666666666668 0.0837962962962963 0.04739583333333333 0.05092592592592592
0 0.15833333333333333 0.09675925925925925 0.051041666666666666 0.05648148148148148
0 0.18541666666666667 0.05925925925925926 0.04895833333333333 0.046296296296296294
0 0.19505208333333332 0.030555555555555555 0.04479166666666667 0.021296296296296296
0 0.22708333333333333 0.0763888888888889 0.05520833333333333 0.04722222222222222
0 0.27239583333333334 0.03194444444444444 0.034895833333333334 0.017592592592592594
0 0.2453125 0.02638888888888889 0.041666666666666664 0.02962962962962963
0 0.26979166666666665 0.008333333333333333 0.0546875 0.014814814814814815
0 0.22005208333333334 0.011574074074074073 0.04583333333333333 0.01574074074074074
0 0.2799479166666667 0.07453703703703704 0.03229166666666667 0.06666666666666667
0 0.30572916666666666 0.22037037037037038 0.0640625 0.15185185185185185
0 0.3125 0.1486111111111111 0.0421875 0.11203703703703703
0 0.34817708333333336 0.16111111111111112 0.058854166666666666 0.05462962962962963
0 0.32473958333333336 0.11342592592592593 0.06927083333333334 0.044444444444444446
0 0.34713541666666664 0.04953703703703704 0.050520833333333334 0.032407407407407406
0 0.3484375 0.031018518518518518 0.04635416666666667 0.018518518518518517
0 0.3890625 0.03518518518518519 0.04114583333333333 0.032407407407407406
0 0.3729166666666667 0.06157407407407407 0.03125 0.03425925925925926
0 0.38307291666666665 0.09722222222222222 0.059895833333333336 0.037037037037037035
0 0.3984375 0.12638888888888888 0.05520833333333333 0.044444444444444446
0 0.41875 0.18333333333333332 0.058333333333333334 0.1259259259259259
0 0.44375 0.13194444444444445 0.034375 0.05555555555555555
0 0.4434895833333333 0.07361111111111111 0.043229166666666666 0.03796296296296296
0 0.44921875 0.05462962962962963 0.04583333333333333 0.018518518518518517
0 0.44479166666666664 0.031018518518518518 0.04583333333333333 0.03148148148148148
0 0.44296875 0.00787037037037037 0.04635416666666667 0.01574074074074074
0 0.5153645833333333 0.03888888888888889 0.0359375 0.05740740740740741
0 0.5348958333333333 0.022685185185185187 0.05260416666666667 0.02962962962962963
0 0.49270833333333336 0.013425925925925926 0.028125 0.026851851851851852
0 0.5354166666666667 0.24861111111111112 0.090625 0.06944444444444445
0 0.5447916666666667 0.28888888888888886 0.06770833333333333 0.08333333333333333
0 0.44140625 0.41435185185185186 0.07395833333333333 0.11203703703703703
0 0.6078125 0.5203703703703704 0.0640625 0.10648148148148148
0 0.68125 0.5106481481481482 0.08125 0.053703703703703705
0 0.6604166666666667 0.4462962962962963 0.09739583333333333 0.05462962962962963
0 0.7239583333333334 0.46944444444444444 0.07239583333333334 0.049074074074074076
0 0.7565104166666666 0.28379629629629627 0.04479166666666667 0.10648148148148148
0 0.7583333333333333 0.23935185185185184 0.07604166666666666 0.05185185185185185
0 0.7408854166666666 0.1814814814814815 0.075 0.08425925925925926
0 0.696875 0.24814814814814815 0.06458333333333334 0.09444444444444444
0 0.65546875 0.2125 0.06302083333333333 0.08425925925925926
0 0.6799479166666667 0.12222222222222222 0.04895833333333333 0.08055555555555556
0 0.6713541666666667 0.059722222222222225 0.0546875 0.06388888888888888
0 0.6596354166666667 0.022222222222222223 0.0546875 0.044444444444444446
0 0.8966145833333333 0.014814814814814815 0.020833333333333332 0.02962962962962963
0 0.9197916666666667 0.016203703703703703 0.018229166666666668 0.028703703703703703
0 0.93828125 0.02175925925925926 0.018229166666666668 0.03796296296296296
0 0.9403645833333333 0.06574074074074074 0.03697916666666667 0.04814814814814815
0 0.9604166666666667 0.07268518518518519 0.034895833333333334 0.04259259259259259
0 0.9739583333333334 0.1037037037037037 0.023958333333333335 0.05462962962962963
0 0.9888020833333333 0.12222222222222222 0.021354166666666667 0.044444444444444446
0 0.9921875 0.16111111111111112 0.015625 0.05
0 0.9950520833333333 0.19212962962962962 0.009895833333333333 0.04814814814814815
0 0.9966145833333333 0.22592592592592592 0.0067708333333333336 0.046296296296296294
0 0.9828125 0.35555555555555557 0.034375 0.07222222222222222
0 0.77734375 0.9541666666666667 0.10729166666666666 0.08796296296296297
0 0.6763020833333333 0.9569444444444445 0.08385416666666666 0.08611111111111111
0 0.58671875 0.9527777777777777 0.12135416666666667 0.09444444444444444