0 0.64609375 0.4861111111111111 0.09010416666666667 0.15833333333333333
0 0.5807291666666666 0.4615740740740741 0.08229166666666667 0.13703703703703704
0 0.5661458333333333 0.17962962962962964 0.0765625 0.13055555555555556
0 0.39869791666666665 0.6472222222222223 0.10729166666666666 0.19166666666666668
0 0.5416666666666666 0.9101851851851852 0.1515625 0.17962962962962964
0 0.37916666666666665 0.7819444444444444 0.12239583333333333 0.12222222222222222
0 0.34322916666666664 0.8699074074074075 0.15052083333333333 0.08611111111111111
0 0.39427083333333335 0.9157407407407407 0.11614583333333334 0.14166666666666666
0 0.4473958333333333 0.9703703703703703 0.09895833333333333 0.05925925925925926
0 0.3065104166666667 0.9384259259259259 0.0984375 0.12314814814814815
0 0.2716145833333333 0.6921296296296297 0.128125 0.1111111111111111
0 0.29296875 0.7689814814814815 0.08177083333333333 0.16666666666666666
0 0.14635416666666667 0.7143518518518519 0.1 0.1675925925925926
0 0.10286458333333333 0.4722222222222222 0.10416666666666667 0.11666666666666667
0 0.05364583333333333 0.6587962962962963 0.10729166666666666 0.1787037037037037
0 0.03411458333333333 0.7861111111111111 0.06822916666666666 0.20462962962962963
0 0.037760416666666664 0.4740740740740741 0.07552083333333333 0.11666666666666667
0 0.12109375 0.21203703703703702 0.04635416666666667 0.08425925925925926
0 0.15286458333333333 0.16805555555555557 0.05260416666666667 0.0787037037037037
0 0.2015625 0.13935185185185187 0.06614583333333333 0.08425925925925926
0 0.26171875 0.15787037037037038 0.08020833333333334 0.1398148148148148
0 0.04921875 0.33796296296296297 0.0984375 0.07962962962962963
0 0.02265625 0.29814814814814816 0.0453125 0.07592592592592592
0 0.5065104166666666 0.1111111111111111 0.0625 0.08333333333333333
0 0.4981770833333333 0.07268518518518519 0.0609375 0.05555555555555555
0 0.525 0.05324074074074074 0.07604166666666666 0.06574074074074074
0 0.46171875 0.03611111111111111 0.09114583333333333 0.05925925925925926
0 0.40260416666666665 0.08194444444444444 0.06875 0.06851851851851852
0 0.39088541666666665 0.026851851851851852 0.0578125 0.053703703703703705
0 0.35520833333333335 0.08101851851851852 0.050520833333333334 0.07037037037037037
0 0.3065104166666667 0.09074074074074075 0.0703125 0.08333333333333333
0 0.7026041666666667 0.028703703703703703 0.06614583333333333 0.05740740740740741
0 0.6390625 0.02546296296296296 0.06875 0.05092592592592592
0 0.5856770833333333 0.014814814814814815 0.05364583333333333 0.02962962962962963
0 0.8463541666666666 0.1587962962962963 0.07864583333333333 0.09814814814814815
0 0.9682291666666667 0.31666666666666665 0.06041666666666667 0.12222222222222222
0 0.9783854166666667 0.2412037037037037 0.043229166666666666 0.08333333333333333
0 0.9041666666666667 0.25046296296296294 0.06145833333333333 0.07777777777777778
0 0.9036458333333334 0.18611111111111112 0.046875 0.05092592592592592
0 0.9278645833333333 0.2101851851851852 0.08177083333333333 0.06111111111111111
0 0.9744791666666667 0.46805555555555556 0.051041666666666666 0.12407407407407407
0 0.96796875 0.6180555555555556 0.0640625 0.125
0 0.9489583333333333 0.11064814814814815 0.0515625 0.08148148148148149
0 0.9369791666666667 0.16342592592592592 0.04895833333333333 0.058333333333333334
0 0.9776041666666667 0.15138888888888888 0.027604166666666666 0.03796296296296296
0 0.9125 0.11203703703703703 0.04583333333333333 0.0712962962962963
0 0.8908854166666667 0.09814814814814815 0.04583333333333333 0.05740740740740741
0 0.8638020833333333 0.08101851851851852 0.0375 0.06759259259259259
0 0.8958333333333334 0.06296296296296296 0.04739583333333333 0.044444444444444446
0 0.8971354166666666 0.03425925925925926 0.058854166666666666 0.04259259259259259
0 0.8408854166666667 0.020833333333333332 0.04791666666666667 0.041666666666666664
0 0.221875 0.05324074074074074 0.04375 0.10555555555555556
0 0.27734375 0.0625 0.049479166666666664 0.05092592592592592
0 0.35208333333333336 0.025 0.05625 0.05
0 0.27578125 0.019444444444444445 0.05572916666666667 0.03888888888888889
0 0.30416666666666664 0.032407407407407406 0.042708333333333334 0.04814814814814815
0 0.22265625 0.03888888888888889 0.05625 0.06481481481481481
0 0.046614583333333334 0.18981481481481483 0.05520833333333333 0.037037037037037035
0 0.02421875 0.23935185185185184 0.0484375 0.041666666666666664
0 0.08411458333333334 0.10046296296296296 0.029166666666666667 0.032407407407407406
0 0.058854166666666666 0.1175925925925926 0.03177083333333333 0.03333333333333333
0 0.035416666666666666 0.1162037037037037 0.023958333333333335 0.023148148148148147
0 0.019270833333333334 0.06944444444444445 0.03854166666666667 0.05185185185185185
0 0.11119791666666666 0.06435185185185185 0.044270833333333336 0.040740740740740744
0 0.06770833333333333 0.05416666666666667 0.049479166666666664 0.028703703703703703
0 0.075 0.1587962962962963 0.033854166666666664 0.07407407407407407
0 0.02890625 0.16435185185185186 0.05416666666666667 0.032407407407407406
0 0.027604166666666666 0.1398148148148148 0.04739583333333333 0.032407407407407406