0 0.15104166666666666 0.25925925925925924 0.06666666666666667 0.09259259259259259
0 0.10572916666666667 0.20185185185185187 0.051041666666666666 0.0962962962962963
0 0.14427083333333332 0.2 0.053125 0.0962962962962963
0 0.08697916666666666 0.1787037037037037 0.051041666666666666 0.08333333333333333
0 0.05354166666666667 0.04602777777777778 0.06183333333333333 0.07597222222222222
0 0.11613020833333333 0.06792592592592593 0.049265624999999987 0.05720370370370371
0 0.16822916666666668 0.025925925925925925 0.040625 0.05185185185185185
0 0.19380208333333335 0.08758333333333333 0.04071875000000003 0.03575000000000001
0 0.26267708333333334 0.05720370370370371 0.03468750000000001 0.05183333333333332
0 0.22974479166666667 0.061222222222222226 0.03619791666666667 0.05630555555555556
0 0.22044791666666666 0.046027777777777786 0.046755208333333326 0.05630555555555557
0 0.24910416666666665 0.02011111111111111 0.06988020833333335 0.015194444444444441
0 0.039463541666666664 0.02412962962962963 0.041723958333333325 0.04825925925925926
0 0.24457812499999998 0.21271296296296296 0.04977083333333336 0.08222222222222224
0 0.221953125 0.1586388888888889 0.04172395833333334 0.0580925925925926
0 0.27625 0.16578703703703704 0.0668645833333333 0.038435185185185176
0 0.2568958333333333 0.12423148148148147 0.04021875000000001 0.060777777777777764
0 0.32124479166666664 0.14701851851851852 0.0623385416666667 0.05630555555555556
0 0.32928645833333337 0.1005462962962963 0.024130208333333295 0.0580925925925926
0 0.2754947916666667 0.09071296296296297 0.05831770833333335 0.02770370370370372
0 0.3519114583333333 0.07999074074074074 0.03217708333333332 0.027703703703703692
0 0.3350677083333334 0.10590740740740741 0.052786458333333286 0.03663888888888888
0 0.2900729166666667 0.11172222222222222 0.04725520833333334 0.03217592592592593
0 0.31244791666666666 0.049157407407407414 0.059822916666666615 0.04647222222222222
0 0.353921875 0.03843518518518518 0.04423958333333336 0.07686111111111112
0 0.3413541666666667 0.03887962962962963 0.03720312500000003 0.06524074074074074
0 0.38936458333333335 0.04558333333333332 0.051781250000000036 0.03217592592592592
0 0.40469791666666666 0.015194444444444444 0.05932291666666671 0.03038888888888889
0 0.43209375 0.0634537037037037 0.039713541666666664 0.025027777777777777
0 0.43184374999999997 0.036194444444444446 0.04926562499999996 0.03485185185185185
0 0.463015625 0.03887962962962963 0.03820833333333328 0.036638888888888894
0 0.4851354166666667 0.019212962962962963 0.028151041666666644 0.022342592592592588
0 0.46025 0.01563888888888889 0.0387083333333333 0.027703703703703706
0 0.4851354166666667 0.06435185185185185 0.07641666666666667 0.035750000000000004
0 0.43058854166666666 0.08713888888888889 0.04172395833333328 0.020555555555555546
0 0.39011979166666666 0.08133333333333334 0.04826041666666671 0.03753703703703703
0 0.3820729166666667 0.12378703703703703 0.054296875 0.05094444444444444
0 0.391625 0.15416666666666667 0.027145833333333275 0.06166666666666669
0 0.35618229166666665 0.1827685185185185 0.0387083333333333 0.07417592592592594
0 0.38157291666666665 0.2198611111111111 0.06836979166666665 0.10010185185185186
0 0.41877604166666665 0.2091388888888889 0.05127604166666669 0.09652777777777778
0 0.4195260416666667 0.15283333333333335 0.039713541666666664 0.09474074074074074
0 0.46376562499999996 0.1215462962962963 0.06786979166666664 0.03217592592592593
0 0.4486875 0.09607407407407408 0.053791666666666654 0.022342592592592588
0 0.51278125 0.0925 0.06635937499999998 0.03663888888888888
0 0.55225 0.11261111111111112 0.033682291666666704 0.07328703703703703
0 0.5233385416666666 0.1295925925925926 0.053291666666666695 0.03753703703703704
0 0.49669791666666663 0.16087037037037039 0.03921354166666665 0.07864814814814815
0 0.4599947916666667 0.18724074074074074 0.04725520833333334 0.10099074074074073
0 0.5054947916666667 0.21538888888888888 0.0387083333333333 0.10010185185185186
0 0.5258541666666666 0.1666851851851852 0.04826041666666671 0.054518518518518515
0 0.5281145833333334 0.27616666666666667 0.049770833333333306 0.1698148148148148
0 0.46653125 0.39146296296296296 0.083453125 0.09831481481481487
0 0.4031875 0.30744444444444446 0.07440624999999995 0.11975925925925929
0 0.35367187499999997 0.29850925925925925 0.06284375000000005 0.08937037037037035
0 0.29685937500000004 0.34140740740740744 0.07993229166666668 0.08579629629629627
0 0.30842187499999996 0.45759259259259255 0.06284375000000005 0.1286944444444444
0 0.192796875 0.5657407407407408 0.09501562499999998 0.17517592592592598
0 0.422796875 0.44374074074074077 0.09249999999999996 0.10456481481481487
0 0.5992552083333333 0.26901851851851855 0.07340104166666658 0.16265740740740736
0 0.6062916666666667 0.17383333333333334 0.05127604166666657 0.09205555555555557
0 0.6424895833333333 0.17830555555555555 0.07138541666666663 0.14925925925925923
0 0.5628072916666667 0.02234259259259259 0.05982291666666668 0.026814814814814816
0 0.5223333333333333 0.037981481481481484 0.047255208333333285 0.03306481481481481
0 0.5369166666666667 0.06435185185185185 0.040218749999999956 0.028601851851851847
0 0.5824114583333333 0.04737037037037037 0.06082812499999998 0.028601851851851847
0 0.5881927083333333 0.09652777777777778 0.04423958333333336 0.055407407407407426
0 0.6178541666666667 0.013851851851851853 0.040218749999999893 0.027703703703703706
0 0.6291666666666667 0.08446296296296296 0.03569270833333344 0.03663888888888888
0 0.6842135416666667 0.09741666666666668 0.0623385416666667 0.13049074074074074
0 0.7003020833333333 0.08133333333333334 0.05831770833333323 0.1161851851851852
0 0.7337343749999999 0.1519351851851852 0.05379166666666677 0.06435185185185185
0 0.7249375 0.19707407407407407 0.05932291666666671 0.08848148148148148
0 0.7176458333333334 0.3338148148148148 0.051781250000000036 0.12244444444444445
0 0.6520416666666667 0.4397222222222222 0.09652604166666663 0.14657407407407402
0 0.8144218750000001 0.12646296296296297 0.040218749999999893 0.054518518518518515
0 0.7822447916666667 0.10143518518518518 0.040218749999999893 0.059879629629629616
0 0.7447916666666666 0.10367592592592592 0.05379166666666677 0.08937037037037035
0 0.7533385416666667 0.04825925925925926 0.03870833333333342 0.017870370370370366
0 0.7925520833333334 0.06658333333333333 0.043739583333333346 0.022342592592592588
0 0.8498645833333334 0.08043518518518519 0.05379166666666677 0.04111111111111112
0 0.852375 0.1322777777777778 0.055802083333333266 0.057203703703703694
0 0.8865625 0.11216666666666668 0.048765625000000055 0.056305555555555574
0 0.9370885416666667 0.09518518518518518 0.05329166666666675 0.059879629629629616
0 0.8770104166666666 0.037092592592592594 0.049770833333333306 0.027703703703703706
0 0.81140625 0.04022222222222222 0.0623385416666667 0.021453703703703704
0 0.7960729166666667 0.05630555555555556 0.045750000000000075 0.023240740740740735
0 0.9096875 0.037092592592592594 0.031671874999999974 0.02591666666666666
0 0.8249791666666667 0.2489074074074074 0.06032812499999996 0.0956296296296296
0 0.8171875 0.32845370370370375 0.06284374999999992 0.09384259259259262
0 0.895109375 0.3789444444444444 0.054796875000000016 0.10725000000000004
0 0.9604635416666666 0.3521296296296296 0.051781250000000036 0.10010185185185186
0 0.9423645833333333 0.27437962962962964 0.08093750000000005 0.06613888888888884
0 0.9801041666666667 0.2408611111111111 0.03978645833333327 0.04379629629629628
0 0.9848489583333334 0.28688888888888886 0.02815104166666676 0.06613888888888884
0 0.983375 0.21717592592592594 0.03325000000000008 0.030388888888888882
0 0.978125 0.5532407407407407 0.04375 0.09166666666666666
0 0.9609687499999999 0.6336666666666667 0.07289583333333335 0.10546296296296305
0 0.9162239583333334 0.5563518518518519 0.09803124999999989 0.08669444444444434
0 0.6527916666666667 0.7453796296296297 0.13221875000000008 0.1948333333333334
0 0.9827552083333334 0.04338888888888889 0.034489583333333226 0.07175925925925926