0 0.90390625 0.01990740740740741 0.03958333333333333 0.03981481481481482
0 0.9354166666666667 0.01898148148148148 0.0234375 0.03796296296296296
0 0.9583333333333334 0.027777777777777776 0.027604166666666666 0.03888888888888889
0 0.9489583333333333 0.06435185185185185 0.0296875 0.049074074074074076
0 0.9802083333333333 0.10277777777777777 0.03958333333333333 0.07222222222222222
0 0.9333333333333333 0.09444444444444444 0.046875 0.05740740740740741
0 0.9854166666666667 0.17453703703703705 0.029166666666666667 0.09351851851851851
0 0.8552083333333333 0.15046296296296297 0.06614583333333333 0.08611111111111111
0 0.88046875 0.8467592592592592 0.10729166666666666 0.18333333333333332
0 0.7859375 0.9513888888888888 0.10833333333333334 0.09722222222222222
0 0.8489583333333334 0.6546296296296297 0.07239583333333334 0.11203703703703703
0 0.8536458333333333 0.5398148148148149 0.08854166666666667 0.09907407407407408
0 0.7744791666666667 0.6449074074074074 0.0578125 0.15462962962962962
0 0.7346354166666667 0.5787037037037037 0.04114583333333333 0.09444444444444444
0 0.7182291666666667 0.4875 0.07916666666666666 0.08796296296296297
0 0.65390625 0.8731481481481481 0.09375 0.09722222222222222
0 0.6763020833333333 0.9546296296296296 0.08020833333333334 0.09074074074074075
0 0.6799479166666667 0.8069444444444445 0.09739583333333333 0.13425925925925927
0 0.7203125 0.7694444444444445 0.06875 0.15833333333333333
0 0.6036458333333333 0.9430555555555555 0.09635416666666667 0.11388888888888889
0 0.5184895833333333 0.9689814814814814 0.10885416666666667 0.062037037037037036
0 0.40625 0.9513888888888888 0.08854166666666667 0.09722222222222222
0 0.43828125 0.4125 0.07395833333333333 0.1425925925925926
0 0.48203125 0.43194444444444446 0.05677083333333333 0.1537037037037037
0 0.55859375 0.5504629629629629 0.13645833333333332 0.13703703703703704
0 0.6455729166666667 0.5157407407407407 0.065625 0.08611111111111111
0 0.6549479166666666 0.4462962962962963 0.08020833333333334 0.08888888888888889
0 0.59375 0.4486111111111111 0.06770833333333333 0.09537037037037037
0 0.5588541666666667 0.6472222222222223 0.0703125 0.10277777777777777
0 0.659375 0.6194444444444445 0.08697916666666666 0.07777777777777778
0 0.69140625 0.6912037037037037 0.07708333333333334 0.07962962962962963
0 0.628125 0.7333333333333333 0.0546875 0.1111111111111111
0 0.42942708333333335 0.7523148148148148 0.10208333333333333 0.08055555555555556
0 0.38177083333333334 0.549537037037037 0.09479166666666666 0.08425925925925926
0 0.484375 0.6560185185185186 0.05572916666666667 0.09907407407407408
0 0.55234375 0.7087962962962963 0.078125 0.12314814814814815
0 0.5119791666666667 0.7611111111111111 0.0875 0.10462962962962963
0 0.5744791666666667 0.8282407407407407 0.07447916666666667 0.11851851851851852
0 0.5442708333333334 0.8888888888888888 0.07447916666666667 0.13518518518518519
0 0.48203125 0.8870370370370371 0.09010416666666667 0.13703703703703704
0 0.3796875 0.8393518518518519 0.10520833333333333 0.12407407407407407
0 0.36015625 0.9157407407407407 0.084375 0.10555555555555556
0 0.2747395833333333 0.8902777777777777 0.0765625 0.12314814814814815
0 0.23671875 0.9356481481481481 0.1 0.1287037037037037
0 0.2638020833333333 0.7666666666666667 0.0765625 0.10833333333333334
0 0.21822916666666667 0.7939814814814815 0.09010416666666667 0.1111111111111111
0 0.33489583333333334 0.7800925925925926 0.0734375 0.13518518518518519
0 0.34791666666666665 0.7078703703703704 0.0828125 0.08333333333333333
0 0.4140625 0.6560185185185186 0.065625 0.16018518518518518
0 0.3385416666666667 0.5888888888888889 0.0921875 0.09074074074074075
0 0.3536458333333333 0.638425925925926 0.08489583333333334 0.07685185185185185
0 0.09869791666666666 0.8476851851851852 0.07916666666666666 0.16574074074074074
0 0.16432291666666668 0.8597222222222223 0.0796875 0.15462962962962962
0 0.10885416666666667 0.9606481481481481 0.12916666666666668 0.0787037037037037
0 0.03802083333333333 0.9064814814814814 0.07395833333333333 0.17407407407407408
0 0.22083333333333333 0.5407407407407407 0.10885416666666667 0.16111111111111112
0 0.30390625 0.4597222222222222 0.08802083333333334 0.13240740740740742
0 0.21041666666666667 0.3587962962962963 0.0609375 0.0787037037037037
0 0.20104166666666667 0.43333333333333335 0.10677083333333333 0.08333333333333333
0 0.1421875 0.55 0.0625 0.14351851851851852
0 0.28984375 0.2763888888888889 0.08072916666666667 0.17314814814814813
0 0.41041666666666665 0.2657407407407407 0.09375 0.16666666666666666
0 0.5502604166666667 0.2902777777777778 0.075 0.10648148148148148
0 0.5434895833333333 0.24305555555555555 0.0875 0.08981481481481482
0 0.7575520833333333 0.2972222222222222 0.0453125 0.10555555555555556
0 0.6934895833333333 0.26944444444444443 0.0546875 0.07314814814814814
0 0.6518229166666667 0.21342592592592594 0.05364583333333333 0.09907407407407408
0 0.6625 0.16620370370370371 0.05416666666666667 0.05648148148148148
0 0.7065104166666667 0.13055555555555556 0.08697916666666666 0.075
0 0.7013020833333333 0.09537037037037037 0.046875 0.04537037037037037
0 0.7471354166666667 0.1726851851851852 0.05 0.06759259259259259
0 0.72109375 0.19027777777777777 0.04583333333333333 0.03796296296296296
0 0.7078125 0.2212962962962963 0.04114583333333333 0.046296296296296294
0 0.7630208333333334 0.2375 0.058854166666666666 0.05648148148148148
0 0.6846354166666667 0.08564814814814815 0.07916666666666666 0.09444444444444444
0 0.6572916666666667 0.025 0.052083333333333336 0.05
0 0.6234375 0.06944444444444445 0.06145833333333333 0.07685185185185185
0 0.51484375 0.038425925925925926 0.05520833333333333 0.06759259259259259
0 0.5455729166666666 0.020833333333333332 0.0421875 0.041666666666666664
0 0.596875 0.03194444444444444 0.050520833333333334 0.06388888888888888
0 0.43854166666666666 0.13796296296296295 0.05260416666666667 0.07962962962962963
0 0.40572916666666664 0.06851851851851852 0.033854166666666664 0.06296296296296296
0 0.37734375 0.062037037037037036 0.03854166666666667 0.053703703703703705
0 0.3421875 0.052314814814814814 0.03229166666666667 0.05
0 0.34453125 0.11435185185185186 0.07604166666666666 0.13055555555555556
0 0.30625 0.15555555555555556 0.05260416666666667 0.13055555555555556
0 0.44557291666666665 0.075 0.04791666666666667 0.06759259259259259
0 0.4395833333333333 0.02546296296296296 0.03958333333333333 0.04814814814814815
0 0.396875 0.02175925925925926 0.04635416666666667 0.04351851851851852
0 0.36380208333333336 0.021296296296296296 0.044270833333333336 0.04259259259259259
0 0.0578125 0.5078703703703704 0.058854166666666666 0.10833333333333334
0 0.019270833333333334 0.5273148148148148 0.03854166666666667 0.07037037037037037
0 0.0265625 0.6050925925925926 0.053125 0.08981481481481482
0 0.025 0.4300925925925926 0.05 0.04814814814814815
0 0.016666666666666666 0.47175925925925927 0.03333333333333333 0.05092592592592592
0 0.13020833333333334 0.3648148148148148 0.043229166666666666 0.07685185185185185
0 0.13489583333333333 0.2574074074074074 0.04635416666666667 0.08518518518518518
0 0.21171875 0.18981481481481483 0.036458333333333336 0.09351851851851851
0 0.17734375 0.25046296296296294 0.05260416666666667 0.06481481481481481
0 0.07682291666666667 0.2898148148148148 0.0578125 0.06666666666666667
0 0.16197916666666667 0.1726851851851852 0.0484375 0.07592592592592592
0 0.020572916666666666 0.23472222222222222 0.04114583333333333 0.05648148148148148
0 0.012760416666666666 0.26342592592592595 0.025520833333333333 0.041666666666666664
0 0.022395833333333334 0.2796296296296296 0.03958333333333333 0.030555555555555555
0 0.021875 0.325 0.035416666666666666 0.05648148148148148
0 0.0390625 0.26944444444444443 0.020833333333333332 0.03888888888888889
0 0.05078125 0.31574074074074077 0.06302083333333333 0.06111111111111111
0 0.061197916666666664 0.3287037037037037 0.0390625 0.05185185185185185
0 0.10390625 0.32407407407407407 0.07083333333333333 0.03518518518518519
0 0.0296875 0.3902777777777778 0.057291666666666664 0.07407407407407407
0 0.08645833333333333 0.41064814814814815 0.07135416666666666 0.11018518518518519
0 0.07578125 0.22870370370370371 0.04739583333333333 0.07962962962962963
0 0.08828125 0.17453703703703705 0.0421875 0.05
0 0.07057291666666667 0.14675925925925926 0.03125 0.041666666666666664
0 0.04791666666666667 0.13703703703703704 0.030729166666666665 0.046296296296296294
0 0.022916666666666665 0.11203703703703703 0.0203125 0.04351851851851852
0 0.037760416666666664 0.08888888888888889 0.021354166666666667 0.046296296296296294
0 0.07317708333333334 0.09814814814814815 0.05364583333333333 0.058333333333333334
0 0.06536458333333334 0.06620370370370371 0.0484375 0.041666666666666664
0 0.15390625 0.09444444444444444 0.0453125 0.0787037037037037
0 0.18333333333333332 0.1175925925925926 0.0484375 0.07685185185185185
0 0.18541666666666667 0.04953703703703704 0.03333333333333333 0.06018518518518518
0 0.14427083333333332 0.0412037037037037 0.0578125 0.03148148148148148
0 0.13359375 0.07361111111111111 0.04479166666666667 0.05925925925925926
0 0.13984375 0.01898148148148148 0.03802083333333333 0.03796296296296296
0 0.09791666666666667 0.05277777777777778 0.05 0.06296296296296296
0 0.11067708333333333 0.02546296296296296 0.015104166666666667 0.025925925925925925
0 0.09322916666666667 0.01990740740740741 0.026041666666666668 0.03981481481481482
0 0.24322916666666666 0.026851851851851852 0.03333333333333333 0.032407407407407406
0 0.22864583333333333 0.07175925925925926 0.04791666666666667 0.05
0 0.2752604166666667 0.0412037037037037 0.022916666666666665 0.05185185185185185
0 0.27447916666666666 0.011111111111111112 0.0390625 0.022222222222222223