0 0.5453125 0.2824074074074074 0.04791666666666667 0.09259259259259259
0 0.5401041666666667 0.24212962962962964 0.0828125 0.06666666666666667
0 0.5130208333333334 0.37175925925925923 0.08385416666666666 0.09259259259259259
0 0.4356770833333333 0.39861111111111114 0.08020833333333334 0.08981481481481482
0 0.48098958333333336 0.4449074074074074 0.0625 0.11388888888888889
0 0.5921875 0.45694444444444443 0.06979166666666667 0.12962962962962962
0 0.6546875 0.48333333333333334 0.05520833333333333 0.1361111111111111
0 0.6598958333333333 0.42824074074074076 0.049479166666666664 0.06111111111111111
0 0.7231770833333333 0.48935185185185187 0.07083333333333333 0.09259259259259259
0 0.5479166666666667 0.5337962962962963 0.09635416666666667 0.08888888888888889
0 0.3059895833333333 0.4625 0.09166666666666666 0.12685185185185185
0 0.28098958333333335 0.2898148148148148 0.09895833333333333 0.16203703703703703
0 0.20833333333333334 0.3648148148148148 0.0578125 0.09537037037037037
0 0.19661458333333334 0.44166666666666665 0.09427083333333333 0.058333333333333334
0 0.21588541666666666 0.5462962962962963 0.11458333333333333 0.21574074074074073
0 0.13828125 0.5513888888888889 0.06614583333333333 0.15092592592592594
0 0.09791666666666667 0.8532407407407407 0.0625 0.13796296296296295
0 0.03307291666666667 0.8976851851851851 0.06614583333333333 0.15092592592592594
0 0.10520833333333333 0.9638888888888889 0.10416666666666667 0.07222222222222222
0 0.16796875 0.8796296296296297 0.06302083333333333 0.1388888888888889
0 0.25703125 0.7625 0.07291666666666667 0.10740740740740741
0 0.20026041666666666 0.7949074074074074 0.08854166666666667 0.1037037037037037
0 0.315625 0.7768518518518519 0.0578125 0.11296296296296296
0 0.2708333333333333 0.8828703703703704 0.09635416666666667 0.1361111111111111
0 0.23984375 0.9421296296296297 0.140625 0.11574074074074074
0 0.35625 0.9064814814814814 0.07083333333333333 0.0962962962962963
0 0.4036458333333333 0.9578703703703704 0.08333333333333333 0.08425925925925926
0 0.6815104166666667 0.9486111111111111 0.0875 0.10277777777777777
0 0.6567708333333333 0.8777777777777778 0.10208333333333333 0.13333333333333333
0 0.6791666666666667 0.8111111111111111 0.11041666666666666 0.14074074074074075
0 0.6841145833333333 0.6916666666666667 0.06666666666666667 0.0824074074074074
0 0.6591145833333333 0.6046296296296296 0.04791666666666667 0.10462962962962963
0 0.69375 0.5898148148148148 0.04895833333333333 0.08333333333333333
0 0.7440104166666667 0.5796296296296296 0.04635416666666667 0.09537037037037037
0 0.7666666666666667 0.6486111111111111 0.05260416666666667 0.10740740740740741
0 0.82578125 0.6689814814814815 0.0859375 0.11666666666666667
0 0.8575520833333333 0.5347222222222222 0.07447916666666667 0.08703703703703704
0 0.7940104166666667 0.5796296296296296 0.10625 0.08981481481481482
0 0.8846354166666667 0.8587962962962963 0.08229166666666667 0.15555555555555556
0 0.7794270833333333 0.9550925925925926 0.11822916666666666 0.08981481481481482
0 0.5018229166666667 0.9578703703703704 0.10104166666666667 0.08425925925925926
0 0.5911458333333334 0.9453703703703704 0.11875 0.10925925925925926
0 0.47109375 0.8828703703703704 0.06927083333333334 0.10462962962962963
0 0.521875 0.8319444444444445 0.0671875 0.1111111111111111
0 0.5489583333333333 0.711574074074074 0.08020833333333334 0.07962962962962963
0 0.42473958333333334 0.762962962962963 0.10989583333333333 0.08518518518518518
0 0.4546875 0.7939814814814815 0.08541666666666667 0.1388888888888889
0 0.34375 0.7064814814814815 0.08802083333333334 0.09444444444444444
0 0.43203125 0.6731481481481482 0.07708333333333334 0.1
0 0.37916666666666665 0.6398148148148148 0.07708333333333334 0.06851851851851852
0 0.37604166666666666 0.5606481481481481 0.0875 0.09259259259259259
0 0.44296875 0.5837962962962963 0.06770833333333333 0.10277777777777777
0 0.4986979166666667 0.6680555555555555 0.050520833333333334 0.10555555555555556
0 0.5575520833333333 0.6319444444444444 0.0625 0.09814814814814815
0 0.6348958333333333 0.7296296296296296 0.06666666666666667 0.11296296296296296
0 0.5940104166666667 0.8101851851851852 0.065625 0.10185185185185185
0 0.6223958333333334 0.6444444444444445 0.0421875 0.08333333333333333
0 0.6072916666666667 0.5842592592592593 0.0578125 0.06574074074074074
0 0.85 0.1476851851851852 0.05572916666666667 0.09537037037037037
0 0.909375 0.15462962962962962 0.058333333333333334 0.11574074074074074
0 0.9083333333333333 0.08888888888888889 0.0359375 0.06574074074074074
0 0.9385416666666667 0.08611111111111111 0.041666666666666664 0.06759259259259259
0 0.9572916666666667 0.0625 0.041666666666666664 0.053703703703703705
0 0.9802083333333333 0.04212962962962963 0.03958333333333333 0.04537037037037037
0 0.9450520833333333 0.020833333333333332 0.027604166666666666 0.041666666666666664
0 0.90703125 0.019444444444444445 0.03802083333333333 0.03888888888888889
0 0.9869791666666666 0.1935185185185185 0.026041666666666668 0.058333333333333334
0 0.9778645833333334 0.10972222222222222 0.0234375 0.05185185185185185
0 0.9908854166666666 0.13935185185185187 0.018229166666666668 0.040740740740740744
0 0.7565104166666666 0.29768518518518516 0.058333333333333334 0.08518518518518518
0 0.7619791666666667 0.23657407407407408 0.0515625 0.05925925925925926
0 0.7234375 0.2375 0.034895833333333334 0.06666666666666667
0 0.6856770833333333 0.2625 0.0625 0.07592592592592592
0 0.6955729166666667 0.22175925925925927 0.040625 0.046296296296296294
0 0.6583333333333333 0.22592592592592592 0.046875 0.05648148148148148
0 0.6953125 0.18425925925925926 0.06510416666666667 0.0712962962962963
0 0.7177083333333333 0.18935185185185185 0.03958333333333333 0.044444444444444446
0 0.7361979166666667 0.17731481481481481 0.0671875 0.07407407407407407
0 0.68125 0.11712962962962963 0.04895833333333333 0.06388888888888888
0 0.7057291666666666 0.0824074074074074 0.07239583333333334 0.06851851851851852
0 0.6830729166666667 0.033796296296296297 0.04010416666666667 0.06759259259259259
0 0.6471354166666666 0.050462962962962966 0.04010416666666667 0.037037037037037035
0 0.6421875 0.018055555555555554 0.0421875 0.03611111111111111
0 0.5125 0.03611111111111111 0.03697916666666667 0.05555555555555555
0 0.5361979166666667 0.023148148148148147 0.041666666666666664 0.046296296296296294
0 0.3953125 0.1412037037037037 0.053125 0.07407407407407407
0 0.43802083333333336 0.1449074074074074 0.05 0.0712962962962963
0 0.4471354166666667 0.07453703703703704 0.04635416666666667 0.05740740740740741
0 0.4375 0.02546296296296296 0.04479166666666667 0.037037037037037035
0 0.41302083333333334 0.0699074074074074 0.035416666666666666 0.049074074074074076
0 0.3890625 0.09027777777777778 0.046875 0.05740740740740741
0 0.371875 0.05324074074074074 0.0265625 0.03425925925925926
0 0.30625 0.1625 0.050520833333333334 0.13240740740740742
0 0.340625 0.1287037037037037 0.049479166666666664 0.12685185185185185
0 0.3424479166666667 0.058333333333333334 0.03229166666666667 0.06944444444444445
0 0.3606770833333333 0.024074074074074074 0.034895833333333334 0.04814814814814815
0 0.3921875 0.02638888888888889 0.027604166666666666 0.05277777777777778
0 0.04375 0.7277777777777777 0.0875 0.17222222222222222
0 0.0140625 0.6694444444444444 0.028125 0.06018518518518518
0 0.021614583333333333 0.600462962962963 0.043229166666666666 0.09351851851851851
0 0.020052083333333335 0.5287037037037037 0.04010416666666667 0.0787037037037037
0 0.01171875 0.47638888888888886 0.022395833333333334 0.053703703703703705
0 0.03333333333333333 0.43842592592592594 0.05572916666666667 0.05
0 0.054947916666666666 0.5023148148148148 0.06145833333333333 0.09444444444444444
0 0.11953125 0.4740740740740741 0.08125 0.06111111111111111
0 0.09348958333333333 0.41435185185185186 0.03854166666666667 0.05925925925925926
0 0.17682291666666666 0.23657407407407408 0.059895833333333336 0.08055555555555556
0 0.13567708333333334 0.25833333333333336 0.04739583333333333 0.0962962962962963
0 0.0828125 0.23425925925925925 0.03958333333333333 0.06296296296296296
0 0.09401041666666667 0.18703703703703703 0.0421875 0.04537037037037037
0 0.0265625 0.20787037037037037 0.053125 0.04722222222222222
0 0.020833333333333332 0.23657407407407408 0.041666666666666664 0.058333333333333334
0 0.013020833333333334 0.2638888888888889 0.026041666666666668 0.03981481481481482
0 0.02265625 0.31805555555555554 0.0453125 0.06296296296296296
0 0.07786458333333333 0.29398148148148145 0.05520833333333333 0.06296296296296296
0 0.0421875 0.2777777777777778 0.0296875 0.046296296296296294
0 0.07473958333333333 0.37407407407407406 0.05260416666666667 0.06388888888888888
0 0.023697916666666666 0.3736111111111111 0.04739583333333333 0.10648148148148148
0 0.13671875 0.37222222222222223 0.058333333333333334 0.08148148148148149
0 0.061197916666666664 0.34305555555555556 0.03697916666666667 0.05925925925925926
0 0.08411458333333334 0.3282407407407407 0.0296875 0.03981481481481482
0 0.10572916666666667 0.3300925925925926 0.0390625 0.07314814814814814
0 0.07057291666666667 0.10555555555555556 0.05520833333333333 0.04814814814814815
0 0.04635416666666667 0.14351851851851852 0.036458333333333336 0.05648148148148148
0 0.019010416666666665 0.12083333333333333 0.019791666666666666 0.04814814814814815
0 0.0328125 0.10925925925925926 0.015625 0.03333333333333333
0 0.07473958333333333 0.15185185185185185 0.05625 0.041666666666666664
0 0.071875 0.07268518518518519 0.0546875 0.05
0 0.04505208333333333 0.05740740740740741 0.035416666666666666 0.030555555555555555
0 0.08255208333333333 0.04490740740740741 0.03958333333333333 0.07314814814814814
0 0.14505208333333333 0.047685185185185185 0.05260416666666667 0.03333333333333333
0 0.1296875 0.08101851851851852 0.044270833333333336 0.05555555555555555
0 0.15494791666666666 0.09027777777777778 0.04114583333333333 0.07592592592592592
0 0.18671875 0.13333333333333333 0.04479166666666667 0.07592592592592592
0 0.15963541666666667 0.1648148148148148 0.06145833333333333 0.07314814814814814
0 0.2828125 0.07175925925925926 0.036458333333333336 0.05555555555555555
0 0.22473958333333333 0.07824074074074074 0.052083333333333336 0.07314814814814814
0 0.18046875 0.027314814814814816 0.030208333333333334 0.025
0 0.1890625 0.046296296296296294 0.049479166666666664 0.06296296296296296
0 0.25885416666666666 0.010185185185185186 0.019270833333333334 0.020370370370370372
0 0.24505208333333334 0.02962962962962963 0.029166666666666667 0.04259259259259259
0 0.21770833333333334 0.027314814814814816 0.021354166666666667 0.028703703703703703
0 0.27421875 0.033796296296296297 0.03697916666666667 0.04351851851851852
0 0.14192708333333334 0.015277777777777777 0.0375 0.030555555555555555
0 0.12005208333333334 0.044444444444444446 0.0421875 0.04537037037037037