0 0.8885416666666667 0.1300925925925926 0.0609375 0.06944444444444445
0 0.9377604166666667 0.05740740740740741 0.0515625 0.04351851851851852
0 0.8908854166666667 0.03148148148148148 0.04010416666666667 0.05185185185185185
0 0.928125 0.020370370370370372 0.033854166666666664 0.040740740740740744
0 0.8731770833333333 0.07546296296296297 0.04895833333333333 0.05555555555555555
0 0.93515625 0.08472222222222223 0.05364583333333333 0.03425925925925926
0 0.9471354166666667 0.1050925925925926 0.04791666666666667 0.049074074074074076
0 0.9802083333333333 0.12685185185185185 0.03958333333333333 0.05092592592592592
0 0.9768229166666667 0.19814814814814816 0.04635416666666667 0.06944444444444445
0 0.7981770833333334 0.11898148148148148 0.059895833333333336 0.09166666666666666
0 0.7611979166666667 0.075 0.036458333333333336 0.06388888888888888
0 0.6841145833333333 0.04212962962962963 0.0484375 0.06944444444444445
0 0.7049479166666667 0.1412037037037037 0.057291666666666664 0.06666666666666667
0 0.6408854166666667 0.12453703703703704 0.059895833333333336 0.07685185185185185
0 0.7830729166666667 0.20462962962962963 0.0546875 0.09259259259259259
0 0.7067708333333333 0.17962962962962964 0.059895833333333336 0.049074074074074076
0 0.734375 0.27361111111111114 0.05260416666666667 0.08425925925925926
0 0.7544270833333333 0.23333333333333334 0.059375 0.0712962962962963
0 0.5473958333333333 0.24212962962962964 0.07864583333333333 0.075
0 0.5971354166666667 0.26990740740740743 0.07447916666666667 0.08888888888888889
0 0.60703125 0.18333333333333332 0.06354166666666666 0.07314814814814814
0 0.67890625 0.2638888888888889 0.065625 0.08055555555555556
0 0.6661458333333333 0.21666666666666667 0.06458333333333334 0.04537037037037037
0 0.9276041666666667 0.7143518518518519 0.08697916666666666 0.13796296296296295
0 0.9065104166666667 0.5421296296296296 0.09791666666666667 0.12222222222222222
0 0.8580729166666666 0.5773148148148148 0.08333333333333333 0.07592592592592592
0 0.88125 0.6430555555555556 0.07135416666666666 0.07962962962962963
0 0.76484375 0.4550925925925926 0.09635416666666667 0.08703703703703704
0 0.79453125 0.5671296296296297 0.06458333333333334 0.1361111111111111
0 0.8270833333333333 0.5212962962962963 0.07135416666666666 0.07407407407407407
0 0.7640625 0.6018518518518519 0.07239583333333334 0.13425925925925927
0 0.7286458333333333 0.5277777777777778 0.07916666666666666 0.0712962962962963
0 0.7083333333333334 0.5611111111111111 0.0671875 0.0787037037037037
0 0.6450520833333333 0.5157407407407407 0.07760416666666667 0.07407407407407407
0 0.5973958333333333 0.5398148148148149 0.06197916666666667 0.12962962962962962
0 0.6794270833333333 0.6203703703703703 0.078125 0.08333333333333333
0 0.71484375 0.6685185185185185 0.09010416666666667 0.15648148148148147
0 0.7934895833333333 0.7162037037037037 0.0828125 0.1287037037037037
0 0.83203125 0.6787037037037037 0.06614583333333333 0.11574074074074074
0 0.5671875 0.45185185185185184 0.1234375 0.11481481481481481
0 0.4005208333333333 0.5347222222222222 0.053125 0.10555555555555556
0 0.4640625 0.475462962962963 0.07708333333333334 0.08888888888888889
0 0.56796875 0.5828703703703704 0.05572916666666667 0.12037037037037036
0 0.43828125 0.6087962962962963 0.04583333333333333 0.10185185185185185
0 0.61328125 0.7037037037037037 0.09947916666666666 0.09722222222222222
0 0.5526041666666667 0.7527777777777778 0.07083333333333333 0.17962962962962964
0 0.46822916666666664 0.7347222222222223 0.09322916666666667 0.06944444444444445
0 0.4356770833333333 0.8287037037037037 0.07604166666666666 0.10462962962962963
0 0.50625 0.8333333333333334 0.07083333333333333 0.15833333333333333
0 0.5 0.9356481481481481 0.09739583333333333 0.1287037037037037
0 0.5502604166666667 0.9648148148148148 0.09010416666666667 0.07037037037037037
0 0.6083333333333333 0.9055555555555556 0.0625 0.18888888888888888
0 0.6651041666666667 0.9453703703703704 0.07447916666666667 0.10925925925925926
0 0.6252604166666667 0.8097222222222222 0.06927083333333334 0.09259259259259259
0 0.66796875 0.7453703703703703 0.0921875 0.07962962962962963
0 0.7231770833333333 0.7939814814814815 0.10260416666666666 0.08888888888888889
0 0.796875 0.8305555555555556 0.08854166666666667 0.1425925925925926
0 0.74375 0.8560185185185185 0.0828125 0.10925925925925926
0 0.6703125 0.8495370370370371 0.0796875 0.11666666666666667
0 0.7184895833333333 0.9416666666666667 0.10260416666666666 0.10277777777777777
0 0.81640625 0.9560185185185185 0.09947916666666666 0.08796296296296297
0 0.40859375 0.9495370370370371 0.09479166666666666 0.10092592592592593
0 0.403125 0.8986111111111111 0.09947916666666666 0.08981481481481482
0 0.36276041666666664 0.8546296296296296 0.08697916666666666 0.09722222222222222
0 0.36302083333333335 0.7671296296296296 0.0796875 0.10462962962962963
0 0.36432291666666666 0.6953703703703704 0.06875 0.08425925925925926
0 0.23385416666666667 0.6078703703703704 0.11041666666666666 0.11666666666666667
0 0.31302083333333336 0.5050925925925925 0.07395833333333333 0.10185185185185185
0 0.3546875 0.5189814814814815 0.052083333333333336 0.11296296296296296
0 0.3614583333333333 0.5736111111111111 0.08645833333333333 0.08518518518518518
0 0.34661458333333334 0.6032407407407407 0.0265625 0.04537037037037037
0 0.3859375 0.6421296296296296 0.06145833333333333 0.0712962962962963
0 0.4640625 0.6828703703703703 0.029166666666666667 0.03333333333333333
0 0.2674479166666667 0.9041666666666667 0.09010416666666667 0.13055555555555556
0 0.03958333333333333 0.9282407407407407 0.07916666666666666 0.08518518518518518
0 0.049479166666666664 0.9199074074074074 0.09010416666666667 0.16018518518518518
0 0.11302083333333333 0.8847222222222222 0.06614583333333333 0.1787037037037037
0 0.16302083333333334 0.8791666666666667 0.0734375 0.1675925925925926
0 0.09322916666666667 0.7078703703703704 0.08385416666666666 0.15092592592592594
0 0.1671875 0.7523148148148148 0.06822916666666666 0.15092592592592594
0 0.2747395833333333 0.8037037037037037 0.0578125 0.13055555555555556
0 0.22994791666666667 0.7708333333333334 0.06927083333333334 0.11018518518518519
0 0.31145833333333334 0.7949074074074074 0.046875 0.1425925925925926
0 0.29713541666666665 0.6759259259259259 0.06979166666666667 0.07962962962962963
0 0.26119791666666664 0.6939814814814815 0.078125 0.09537037037037037
0 0.5299479166666666 0.0375 0.0484375 0.06666666666666667
0 0.49505208333333334 0.017592592592592594 0.051041666666666666 0.03518518518518519
0 0.4796875 0.04675925925925926 0.0453125 0.05185185185185185
0 0.3723958333333333 0.04398148148148148 0.051041666666666666 0.058333333333333334
0 0.40182291666666664 0.01898148148148148 0.03854166666666667 0.03796296296296296
0 0.446875 0.018055555555555554 0.0375 0.03611111111111111
0 0.4393229166666667 0.06620370370370371 0.050520833333333334 0.06666666666666667
0 0.43828125 0.14675925925925926 0.05677083333333333 0.08055555555555556
0 0.3919270833333333 0.15185185185185185 0.06041666666666667 0.07962962962962963
0 0.37734375 0.0962962962962963 0.06354166666666666 0.06481481481481481
0 0.3221354166666667 0.09537037037037037 0.0453125 0.062037037037037036
0 0.14635416666666667 0.5365740740740741 0.06979166666666667 0.1037037037037037
0 0.09010416666666667 0.4111111111111111 0.065625 0.05277777777777778
0 0.06770833333333333 0.475 0.06927083333333334 0.05462962962962963
0 0.024479166666666666 0.4930555555555556 0.04895833333333333 0.06388888888888888
0 0.022916666666666665 0.5509259259259259 0.04583333333333333 0.06851851851851852
0 0.06953125 0.5949074074074074 0.09947916666666666 0.06944444444444445
0 0.07786458333333333 0.5277777777777778 0.040625 0.05092592592592592
0 0.01015625 0.6949074074074074 0.0203125 0.12407407407407407
0 0.014322916666666666 0.43425925925925923 0.028645833333333332 0.08888888888888889
0 0.05286458333333333 0.36342592592592593 0.0453125 0.09444444444444444
0 0.09557291666666666 0.3388888888888889 0.03802083333333333 0.08611111111111111
0 0.11614583333333334 0.3101851851851852 0.030729166666666665 0.08796296296296297
0 0.1828125 0.24305555555555555 0.040625 0.06851851851851852
0 0.14348958333333334 0.2388888888888889 0.043229166666666666 0.06388888888888888
0 0.15598958333333332 0.29398148148148145 0.04791666666666667 0.07592592592592592
0 0.024739583333333332 0.2388888888888889 0.0390625 0.03518518518518519
0 0.021875 0.3476851851851852 0.04375 0.09722222222222222
0 0.02734375 0.2675925925925926 0.0421875 0.04259259259259259
0 0.0109375 0.2564814814814815 0.021875 0.03425925925925926
0 0.0453125 0.28564814814814815 0.04635416666666667 0.05277777777777778
0 0.1265625 0.18287037037037038 0.06458333333333334 0.07314814814814814
0 0.023958333333333335 0.19814814814814816 0.04791666666666667 0.06851851851851852
0 0.0265625 0.16018518518518518 0.034375 0.04537037037037037
0 0.04010416666666667 0.11435185185185186 0.04114583333333333 0.05555555555555555
0 0.011197916666666667 0.13148148148148148 0.022395833333333334 0.07037037037037037
0 0.06822916666666666 0.09305555555555556 0.029166666666666667 0.03518518518518519
0 0.11223958333333334 0.08425925925925926 0.0421875 0.03148148148148148
0 0.14270833333333333 0.11064814814814815 0.028645833333333332 0.04814814814814815
0 0.18151041666666667 0.14027777777777778 0.033854166666666664 0.05277777777777778
0 0.18307291666666667 0.1162037037037037 0.030729166666666665 0.049074074074074076
0 0.22135416666666666 0.11712962962962963 0.03958333333333333 0.07962962962962963
0 0.07057291666666667 0.17453703703703705 0.03958333333333333 0.06111111111111111
0 0.12005208333333334 0.13518518518518519 0.030729166666666665 0.03981481481481482
0 0.06328125 0.14351851851851852 0.03802083333333333 0.03518518518518519
0 0.08880208333333334 0.12685185185185185 0.03854166666666667 0.044444444444444446
0 0.10598958333333333 0.0412037037037037 0.034895833333333334 0.02962962962962963
0 0.11901041666666666 0.06342592592592593 0.033854166666666664 0.030555555555555555
0 0.06770833333333333 0.060648148148148145 0.0375 0.04537037037037037
0 0.09557291666666666 0.022685185185185187 0.03802083333333333 0.04537037037037037
0 0.13177083333333334 0.025 0.028125 0.05
0 0.15625 0.07222222222222222 0.03333333333333333 0.07037037037037037
0 0.20572916666666666 0.05 0.03854166666666667 0.04722222222222222
0 0.26927083333333335 0.034722222222222224 0.04375 0.02962962962962963
0 0.2716145833333333 0.05555555555555555 0.03958333333333333 0.032407407407407406
0 0.25390625 0.09583333333333334 0.043229166666666666 0.05277777777777778
0 0.18333333333333332 0.03287037037037037 0.03854166666666667 0.03981481481481482
0 0.17135416666666667 0.012037037037037037 0.0453125 0.024074074074074074