0 0.8640625 0.42407407407407405 0.07552083333333333 0.15092592592592594
0 0.8388020833333333 0.2662037037037037 0.07916666666666666 0.12222222222222222
0 0.9466145833333334 0.4930555555555556 0.06770833333333333 0.17314814814814813
0 0.9859375 0.3726851851851852 0.028125 0.10833333333333334
0 0.96484375 0.16018518518518518 0.04739583333333333 0.06018518518518518
0 0.9916666666666667 0.11666666666666667 0.016666666666666666 0.05740740740740741
0 0.9895833333333334 0.17453703703703705 0.020833333333333332 0.06851851851851852
0 0.9559895833333333 0.07361111111111111 0.065625 0.08703703703703704
0 0.8890625 0.018055555555555554 0.035416666666666666 0.03611111111111111
0 0.9458333333333333 0.030555555555555555 0.03802083333333333 0.05740740740740741
0 0.7497395833333333 0.08148148148148149 0.06822916666666666 0.06851851851851852
0 0.7354166666666667 0.13194444444444445 0.06041666666666667 0.06851851851851852
0 0.7752604166666667 0.22361111111111112 0.03958333333333333 0.05925925925925926
0 0.74609375 0.22407407407407406 0.0453125 0.09814814814814815
0 0.7229166666666667 0.26851851851851855 0.06145833333333333 0.08518518518518518
0 0.6697916666666667 0.2550925925925926 0.04791666666666667 0.08888888888888889
0 0.6708333333333333 0.1388888888888889 0.052083333333333336 0.05185185185185185
0 0.6533854166666667 0.1865740740740741 0.028645833333333332 0.025925925925925925
0 0.6903645833333333 0.18935185185185185 0.04375 0.025
0 0.6 0.2574074074074074 0.05416666666666667 0.12685185185185185
0 0.59921875 0.07037037037037037 0.050520833333333334 0.11388888888888889
0 0.5338541666666666 0.2625 0.08489583333333334 0.10185185185185185
0 0.4002604166666667 0.1597222222222222 0.05364583333333333 0.08148148148148149
0 0.440625 0.1439814814814815 0.046875 0.08425925925925926
0 0.3255208333333333 0.2763888888888889 0.084375 0.12962962962962962
0 0.87890625 0.862037037037037 0.1046875 0.1574074074074074
0 0.7846354166666667 0.9578703703703704 0.11875 0.08425925925925926
0 0.753125 0.8694444444444445 0.11354166666666667 0.12314814814814815
0 0.81875 0.7425925925925926 0.08072916666666667 0.13055555555555556
0 0.7497395833333333 0.7555555555555555 0.07083333333333333 0.12037037037037036
0 0.6783854166666666 0.775 0.07552083333333333 0.13425925925925927
0 0.6802083333333333 0.9629629629629629 0.08072916666666667 0.07407407407407407
0 0.63046875 0.8717592592592592 0.06510416666666667 0.11388888888888889
0 0.5890625 0.8925925925925926 0.0609375 0.08148148148148149
0 0.8153645833333333 0.6680555555555555 0.08333333333333333 0.07685185185185185
0 0.8361979166666667 0.5912037037037037 0.07291666666666667 0.07962962962962963
0 0.8518229166666667 0.5259259259259259 0.08020833333333334 0.046296296296296294
0 0.85546875 0.5481481481481482 0.06666666666666667 0.04537037037037037
0 0.7747395833333334 0.6212962962962963 0.059375 0.08055555555555556
0 0.7075520833333333 0.562037037037037 0.04739583333333333 0.0962962962962963
0 0.7572916666666667 0.5328703703703703 0.0625 0.075
0 0.6890625 0.6226851851851852 0.0484375 0.07777777777777778
0 0.7369791666666666 0.6578703703703703 0.051041666666666666 0.08981481481481482
0 0.6744791666666666 0.6759259259259259 0.096875 0.09074074074074075
0 0.42135416666666664 0.8861111111111111 0.1 0.08148148148148149
0 0.48020833333333335 0.8856481481481482 0.11197916666666667 0.08888888888888889
0 0.5 0.6990740740740741 0.07708333333333334 0.07407407407407407
0 0.5244791666666667 0.6504629629629629 0.06979166666666667 0.08055555555555556
0 0.5760416666666667 0.6620370370370371 0.0515625 0.07314814814814814
0 0.5877604166666667 0.7361111111111112 0.10520833333333333 0.12962962962962962
0 0.56796875 0.7962962962962963 0.0703125 0.11944444444444445
0 0.5296875 0.836574074074074 0.07239583333333334 0.1259259259259259
0 0.41015625 0.9569444444444445 0.08333333333333333 0.06111111111111111
0 0.31614583333333335 0.9527777777777777 0.075 0.09444444444444444
0 0.26119791666666664 0.9120370370370371 0.0578125 0.1638888888888889
0 0.3458333333333333 0.899537037037037 0.06614583333333333 0.09166666666666666
0 0.34296875 0.8212962962962963 0.10677083333333333 0.09259259259259259
0 0.18307291666666667 0.9023148148148148 0.09270833333333334 0.18611111111111112
0 0.09401041666666667 0.8495370370370371 0.11458333333333333 0.1537037037037037
0 0.027083333333333334 0.9268518518518518 0.05416666666666667 0.14629629629629629
0 0.10052083333333334 0.9606481481481481 0.090625 0.0787037037037037
0 0.14583333333333334 0.6898148148148148 0.11666666666666667 0.17037037037037037
0 0.29921875 0.4412037037037037 0.09739583333333333 0.10185185185185185
0 0.43463541666666666 0.4125 0.08333333333333333 0.14722222222222223
0 0.28229166666666666 0.5703703703703704 0.09947916666666666 0.09074074074074075
0 0.32708333333333334 0.5254629629629629 0.0953125 0.10092592592592593
0 0.2703125 0.6509259259259259 0.09479166666666666 0.06851851851851852
0 0.26145833333333335 0.736574074074074 0.10208333333333333 0.12129629629629629
0 0.32890625 0.7537037037037037 0.07083333333333333 0.09722222222222222
0 0.3541666666666667 0.6467592592592593 0.0859375 0.09351851851851851
0 0.4075520833333333 0.587037037037037 0.06979166666666667 0.12222222222222222
0 0.5125 0.47638888888888886 0.08333333333333333 0.12962962962962962
0 0.48723958333333334 0.55 0.10364583333333334 0.08148148148148149
0 0.4786458333333333 0.6175925925925926 0.07864583333333333 0.08425925925925926
0 0.4388020833333333 0.6907407407407408 0.07760416666666667 0.08981481481481482
0 0.48125 0.750462962962963 0.09010416666666667 0.07962962962962963
0 0.59453125 0.45694444444444443 0.06354166666666666 0.08148148148148149
0 0.6953125 0.4736111111111111 0.0734375 0.11203703703703703
0 0.6028645833333334 0.5949074074074074 0.08489583333333334 0.08055555555555556
0 0.5638020833333334 0.5708333333333333 0.06354166666666666 0.06944444444444445
0 0.21536458333333333 0.4060185185185185 0.06197916666666667 0.21666666666666667
0 0.25026041666666665 0.3194444444444444 0.06458333333333334 0.16018518518518518
0 0.054427083333333334 0.7125 0.0734375 0.13240740740740742
0 0.03229166666666667 0.4097222222222222 0.051041666666666666 0.09074074074074075
0 0.062239583333333334 0.4513888888888889 0.05416666666666667 0.09166666666666666
0 0.07109375 0.5481481481481482 0.06666666666666667 0.10092592592592593
0 0.11666666666666667 0.525 0.08333333333333333 0.15
0 0.1234375 0.35694444444444445 0.06927083333333334 0.06481481481481481
0 0.014583333333333334 0.5259259259259259 0.028645833333333332 0.06944444444444445
0 0.36796875 0.0962962962962963 0.058333333333333334 0.06574074074074074
0 0.40260416666666665 0.06481481481481481 0.040625 0.05740740740740741
0 0.4296875 0.05740740740740741 0.0328125 0.06111111111111111
0 0.4609375 0.05462962962962963 0.04739583333333333 0.05648148148148148
0 0.5338541666666666 0.026851851851851852 0.05572916666666667 0.046296296296296294
0 0.4796875 0.01990740740740741 0.058854166666666666 0.03981481481481482
0 0.43359375 0.025925925925925925 0.0484375 0.028703703703703703
0 0.35572916666666665 0.03657407407407407 0.051041666666666666 0.05462962962962963
0 0.3971354166666667 0.020370370370370372 0.03958333333333333 0.040740740740740744
0 0.31145833333333334 0.08981481481481482 0.04479166666666667 0.10648148148148148
0 0.17135416666666667 0.1425925925925926 0.04895833333333333 0.06666666666666667
0 0.13020833333333334 0.13472222222222222 0.05260416666666667 0.062037037037037036
0 0.09375 0.13055555555555556 0.0421875 0.04814814814814815
0 0.08333333333333333 0.21203703703703702 0.06145833333333333 0.06018518518518518
0 0.12838541666666667 0.24953703703703703 0.04479166666666667 0.09351851851851851
0 0.17447916666666666 0.24305555555555555 0.044270833333333336 0.1111111111111111
0 0.22838541666666667 0.12222222222222222 0.052083333333333336 0.07685185185185185
0 0.24088541666666666 0.07824074074074074 0.05 0.04814814814814815
0 0.1953125 0.08518518518518518 0.053125 0.075
0 0.15390625 0.09351851851851851 0.04635416666666667 0.06481481481481481
0 0.11354166666666667 0.10972222222222222 0.04479166666666667 0.05092592592592592
0 0.09817708333333333 0.3439814814814815 0.07395833333333333 0.075
0 0.05520833333333333 0.34074074074074073 0.0515625 0.08703703703703704
0 0.09244791666666667 0.29259259259259257 0.036458333333333336 0.05462962962962963
0 0.046614583333333334 0.23703703703703705 0.04375 0.06759259259259259
0 0.05234375 0.16064814814814815 0.041666666666666664 0.06944444444444445
0 0.016927083333333332 0.1597222222222222 0.033854166666666664 0.058333333333333334
0 0.012760416666666666 0.2574074074074074 0.025520833333333333 0.037037037037037035
0 0.08333333333333333 0.17037037037037037 0.040625 0.05
0 0.0671875 0.07222222222222222 0.058333333333333334 0.04814814814814815
0 0.03619791666666667 0.11805555555555555 0.03854166666666667 0.06296296296296296
0 0.10494791666666667 0.04537037037037037 0.030729166666666665 0.03518518518518519
0 0.07473958333333333 0.027314814814814816 0.033854166666666664 0.05462962962962963
0 0.11666666666666667 0.023148148148148147 0.0296875 0.046296296296296294
0 0.14453125 0.021296296296296296 0.035416666666666666 0.04259259259259259
0 0.18958333333333333 0.03935185185185185 0.03958333333333333 0.040740740740740744
0 0.2203125 0.0375 0.019270833333333334 0.02962962962962963
0 0.23880208333333333 0.0375 0.023958333333333335 0.026851851851851852
0 0.2669270833333333 0.04861111111111111 0.025520833333333333 0.022222222222222223