0 0.22786458333333334 0.39814814814814814 0.09479166666666666 0.1787037037037037
0 0.04375 0.49212962962962964 0.07708333333333334 0.12962962962962962
0 0.27734375 0.6157407407407407 0.11041666666666666 0.1388888888888889
0 0.3484375 0.6796296296296296 0.12604166666666666 0.11574074074074074
0 0.24010416666666667 0.7601851851851852 0.11197916666666667 0.12777777777777777
0 0.31328125 0.9041666666666667 0.12135416666666667 0.16018518518518518
0 0.4153645833333333 0.8263888888888888 0.12760416666666666 0.14074074074074075
0 0.871875 0.9152777777777777 0.134375 0.16944444444444445
0 0.5424479166666667 0.41203703703703703 0.07291666666666667 0.09259259259259259
0 0.5994791666666667 0.45 0.06666666666666667 0.09444444444444444
0 0.5604166666666667 0.4736111111111111 0.09791666666666667 0.08055555555555556
0 0.57734375 0.5657407407407408 0.1109375 0.13148148148148148
0 0.6505208333333333 0.48055555555555557 0.11041666666666666 0.07592592592592592
0 0.68046875 0.5625 0.11979166666666667 0.1037037037037037
0 0.7578125 0.10324074074074074 0.05572916666666667 0.10185185185185185
0 0.5864583333333333 0.2222222222222222 0.09635416666666667 0.12685185185185185
0 0.9674479166666666 0.5962962962962963 0.06510416666666667 0.11296296296296296
0 0.9786458333333333 0.4300925925925926 0.042708333333333334 0.12314814814814815
0 0.9630208333333333 0.31851851851851853 0.07395833333333333 0.07592592592592592
0 0.86328125 0.2050925925925926 0.0640625 0.06759259259259259
0 0.8598958333333333 0.10833333333333334 0.05572916666666667 0.08333333333333333
0 0.8567708333333334 0.06481481481481481 0.04739583333333333 0.05
0 0.796875 0.022685185185185187 0.05677083333333333 0.04537037037037037
0 0.9096354166666667 0.16944444444444445 0.0328125 0.05092592592592592
0 0.9421875 0.20046296296296295 0.05677083333333333 0.06666666666666667
0 0.89609375 0.22824074074074074 0.0421875 0.041666666666666664
0 0.9302083333333333 0.25462962962962965 0.07604166666666666 0.07685185185185185
0 0.9447916666666667 0.14722222222222223 0.04895833333333333 0.062037037037037036
0 0.9604166666666667 0.05092592592592592 0.0390625 0.06666666666666667
0 0.5390625 0.14814814814814814 0.0703125 0.058333333333333334
0 0.5067708333333333 0.12731481481481483 0.0421875 0.04722222222222222
0 0.5114583333333333 0.10648148148148148 0.06875 0.04722222222222222
0 0.5611979166666666 0.09583333333333334 0.07291666666666667 0.05277777777777778
0 0.5872395833333334 0.0625 0.06302083333333333 0.05185185185185185
0 0.60546875 0.03287037037037037 0.06041666666666667 0.044444444444444446
0 0.55078125 0.024074074074074074 0.05260416666666667 0.040740740740740744
0 0.46901041666666665 0.06851851851851852 0.06666666666666667 0.053703703703703705
0 0.4479166666666667 0.024537037037037038 0.03958333333333333 0.049074074074074076
0 0.5078125 0.01712962962962963 0.04739583333333333 0.03425925925925926
0 0.15416666666666667 0.2175925925925926 0.04114583333333333 0.07962962962962963
0 0.2078125 0.1685185185185185 0.06614583333333333 0.08518518518518518
0 0.25364583333333335 0.11203703703703703 0.0609375 0.06111111111111111
0 0.23020833333333332 0.07546296296296297 0.06510416666666667 0.062037037037037036
0 0.24765625 0.04351851851851852 0.023958333333333335 0.032407407407407406
0 0.2591145833333333 0.02361111111111111 0.020833333333333332 0.024074074074074074
0 0.28229166666666666 0.03981481481481482 0.03697916666666667 0.02962962962962963
0 0.284375 0.07314814814814814 0.042708333333333334 0.04259259259259259
0 0.3111979166666667 0.1259259259259259 0.065625 0.06574074074074074
0 0.3302083333333333 0.07731481481481481 0.027604166666666666 0.04351851851851852
0 0.33255208333333336 0.046296296296296294 0.019791666666666666 0.022222222222222223
0 0.35911458333333335 0.10185185185185185 0.03802083333333333 0.0712962962962963
0 0.3734375 0.07083333333333333 0.0578125 0.05555555555555555
0 0.39869791666666665 0.04861111111111111 0.046875 0.044444444444444446
0 0.33645833333333336 0.016203703703703703 0.03125 0.032407407407407406
0 0.04765625 0.3314814814814815 0.07135416666666666 0.08148148148148149
0 0.04296875 0.12824074074074074 0.026041666666666668 0.024074074074074074
0 0.019791666666666666 0.15046296296296297 0.023958333333333335 0.03611111111111111
0 0.028385416666666666 0.175 0.05677083333333333 0.03425925925925926
0 0.03802083333333333 0.2152777777777778 0.03333333333333333 0.020370370370370372
0 0.08645833333333333 0.19907407407407407 0.0203125 0.023148148148148147
0 0.020833333333333332 0.043055555555555555 0.041666666666666664 0.08055555555555556
0 0.053385416666666664 0.03981481481481482 0.026041666666666668 0.037037037037037035
0 0.06380208333333333 0.0699074074074074 0.043229166666666666 0.05462962962962963
0 0.08333333333333333 0.04398148148148148 0.028645833333333332 0.03425925925925926
0 0.021875 0.11481481481481481 0.04375 0.04351851851851852
0 0.025260416666666667 0.08935185185185185 0.0453125 0.03518518518518519
0 0.009635416666666667 0.07592592592592592 0.019270833333333334 0.028703703703703703
0 0.134375 0.011574074074074073 0.046875 0.023148148148148147
0 0.13020833333333334 0.03611111111111111 0.051041666666666666 0.03148148148148148
0 0.10911458333333333 0.0587962962962963 0.03333333333333333 0.03796296296296296
0 0.11848958333333333 0.08518518518518518 0.041666666666666664 0.03981481481481482
0 0.02890625 0.24212962962962964 0.04583333333333333 0.020370370370370372
0 0.022395833333333334 0.27870370370370373 0.042708333333333334 0.03425925925925926
0 0.018489583333333334 0.9018518518518519 0.03697916666666667 0.14444444444444443
0 0.04375 0.6375 0.0875 0.12407407407407407
0 0.08854166666666667 0.7083333333333334 0.0921875 0.17037037037037037