0 0.55390625 0.9138888888888889 0.10208333333333333 0.10833333333333334
0 0.5526041666666667 0.8175925925925925 0.084375 0.1259259259259259
0 0.6403645833333333 0.8421296296296297 0.11875 0.11574074074074074
0 0.8322916666666667 0.7574074074074074 0.09322916666666667 0.1388888888888889
0 0.78046875 0.5634259259259259 0.06510416666666667 0.14351851851851852
0 0.9135416666666667 0.6416666666666667 0.084375 0.11018518518518519
0 0.9828125 0.6763888888888889 0.034375 0.09351851851851851
0 0.9729166666666667 0.6041666666666666 0.05416666666666667 0.06481481481481481
0 0.975 0.5305555555555556 0.05 0.07685185185185185
0 0.9536458333333333 0.4847222222222222 0.04895833333333333 0.05462962962962963
0 0.96953125 0.44583333333333336 0.026041666666666668 0.025
0 0.9408854166666667 0.4393518518518518 0.028125 0.05277777777777778
0 0.90078125 0.4166666666666667 0.057291666666666664 0.062037037037037036
0 0.9182291666666667 0.3611111111111111 0.05625 0.06296296296296296
0 0.8622395833333333 0.32175925925925924 0.0390625 0.05740740740740741
0 0.7934895833333333 0.32731481481481484 0.041666666666666664 0.06018518518518518
0 0.8346354166666666 0.2740740740740741 0.01875 0.044444444444444446
0 0.90234375 0.3189814814814815 0.030729166666666665 0.05740740740740741
0 0.98359375 0.2439814814814815 0.0328125 0.08055555555555556
0 0.9114583333333334 0.15185185185185185 0.03229166666666667 0.05925925925925926
0 0.9703125 0.15 0.03177083333333333 0.03981481481481482
0 0.9731770833333333 0.09814814814814815 0.013541666666666667 0.05462962962962963
0 0.95546875 0.09212962962962963 0.015625 0.05277777777777778
0 0.9166666666666666 0.09444444444444444 0.03697916666666667 0.03148148148148148
0 0.8838541666666667 0.07916666666666666 0.033854166666666664 0.03611111111111111
0 0.8614583333333333 0.07083333333333333 0.0125 0.019444444444444445
0 0.8361979166666667 0.06018518518518518 0.028645833333333332 0.032407407407407406
0 0.7778645833333333 0.15787037037037038 0.034375 0.028703703703703703
0 0.7296875 0.21435185185185185 0.042708333333333334 0.037037037037037035
0 0.7859375 0.23287037037037037 0.04375 0.06018518518518518
0 0.7575520833333333 0.23055555555555557 0.023958333333333335 0.05648148148148148
0 0.83359375 0.2023148148148148 0.019791666666666666 0.03518518518518519
0 0.8432291666666667 0.2361111111111111 0.04739583333333333 0.03425925925925926
0 0.88203125 0.1449074074074074 0.025520833333333333 0.041666666666666664
0 0.9072916666666667 0.022685185185185187 0.013020833333333334 0.014814814814814815
0 0.9140625 0.027777777777777776 0.0109375 0.012962962962962963
0 0.9328125 0.04675925925925926 0.0171875 0.016666666666666666
0 0.8447916666666667 0.037037037037037035 0.021875 0.021296296296296296
0 0.721875 0.16898148148148148 0.03697916666666667 0.04722222222222222
0 0.7036458333333333 0.11203703703703703 0.018229166666666668 0.023148148148148147
0 0.70390625 0.1439814814814815 0.03177083333333333 0.06111111111111111
0 0.6828125 0.22824074074074074 0.049479166666666664 0.041666666666666664
0 0.66796875 0.26666666666666666 0.04114583333333333 0.053703703703703705
0 0.7236979166666667 0.30925925925925923 0.041666666666666664 0.06759259259259259
0 0.671875 0.31157407407407406 0.03802083333333333 0.06111111111111111
0 0.7002604166666667 0.35185185185185186 0.046875 0.06111111111111111
0 0.6359375 0.3962962962962963 0.0234375 0.049074074074074076
0 0.6778645833333333 0.38796296296296295 0.057291666666666664 0.04537037037037037
0 0.675 0.4444444444444444 0.043229166666666666 0.10185185185185185
0 0.53046875 0.41898148148148145 0.0703125 0.058333333333333334
0 0.5854166666666667 0.3541666666666667 0.06666666666666667 0.04722222222222222
0 0.5229166666666667 0.3300925925925926 0.0375 0.03981481481481482
0 0.5018229166666667 0.350462962962963 0.0421875 0.062037037037037036
0 0.46875 0.3773148148148148 0.040625 0.046296296296296294
0 0.86171875 0.26805555555555555 0.03958333333333333 0.05092592592592592
0 0.6419270833333334 0.262037037037037 0.020833333333333332 0.02962962962962963
0 0.64296875 0.22453703703703703 0.029166666666666667 0.026851851851851852
0 0.6372395833333333 0.1763888888888889 0.033854166666666664 0.05555555555555555
0 0.6692708333333334 0.1787037037037037 0.025520833333333333 0.03888888888888889
0 0.6796875 0.14212962962962963 0.019791666666666666 0.03611111111111111
0 0.6546875 0.11898148148148148 0.04479166666666667 0.0787037037037037
0 0.65703125 0.08472222222222223 0.03333333333333333 0.03796296296296296
0 0.640625 0.046296296296296294 0.03125 0.026851851851851852
0 0.7244791666666667 0.10185185185185185 0.034895833333333334 0.03333333333333333
0 0.6049479166666667 0.11666666666666667 0.030208333333333334 0.03981481481481482
0 0.6026041666666667 0.0824074074074074 0.03854166666666667 0.02962962962962963
0 0.5953125 0.21851851851851853 0.027083333333333334 0.03518518518518519
0 0.5640625 0.1527777777777778 0.03125 0.027777777777777776
0 0.56640625 0.17731481481481481 0.033854166666666664 0.016666666666666666
0 0.5830729166666667 0.2013888888888889 0.042708333333333334 0.028703703703703703
0 0.52734375 0.20185185185185187 0.025 0.02962962962962963
0 0.48515625 0.2953703703703704 0.027083333333333334 0.044444444444444446
0 0.5588541666666667 0.28194444444444444 0.04375 0.027777777777777776
0 0.55546875 0.31851851851851853 0.030729166666666665 0.04814814814814815
0 0.5947916666666667 0.3050925925925926 0.030208333333333334 0.053703703703703705
0 0.42942708333333335 0.55 0.043229166666666666 0.08888888888888889
0 0.4671875 0.5333333333333333 0.05364583333333333 0.09814814814814815
0 0.48385416666666664 0.4736111111111111 0.05 0.08796296296296297
0 0.45286458333333335 0.43148148148148147 0.058854166666666666 0.06481481481481481
0 0.3046875 0.6402777777777777 0.06875 0.1175925925925926
0 0.25026041666666665 0.5856481481481481 0.0671875 0.08425925925925926
0 0.2716145833333333 0.49675925925925923 0.0671875 0.06759259259259259
0 0.35104166666666664 0.5050925925925925 0.04791666666666667 0.11296296296296296
0 0.38671875 0.5032407407407408 0.042708333333333334 0.08703703703703704
0 0.39140625 0.45694444444444443 0.05520833333333333 0.053703703703703705
0 0.3619791666666667 0.4064814814814815 0.05260416666666667 0.06296296296296296
0 0.3177083333333333 0.41064814814814815 0.059895833333333336 0.06111111111111111
0 0.3078125 0.44212962962962965 0.06666666666666667 0.040740740740740744
0 0.34869791666666666 0.44907407407407407 0.0265625 0.030555555555555555
0 0.27109375 0.40370370370370373 0.058854166666666666 0.05555555555555555
0 0.28619791666666666 0.37037037037037035 0.04375 0.025925925925925925
0 0.2716145833333333 0.34444444444444444 0.0421875 0.049074074074074076
0 0.3046875 0.3314814814814815 0.020833333333333332 0.018518518518518517
0 0.31875 0.36064814814814816 0.036458333333333336 0.053703703703703705
0 0.35963541666666665 0.3527777777777778 0.03333333333333333 0.03518518518518519
0 0.4622395833333333 0.32916666666666666 0.0359375 0.05555555555555555
0 0.5140625 0.2439814814814815 0.03125 0.053703703703703705
0 0.52265625 0.16527777777777777 0.014583333333333334 0.017592592592592594
0 0.5028645833333333 0.14444444444444443 0.015104166666666667 0.012037037037037037
0 0.45989583333333334 0.1726851851851852 0.015104166666666667 0.013888888888888888
0 0.453125 0.15231481481481482 0.013541666666666667 0.013888888888888888
0 0.46432291666666664 0.19722222222222222 0.025520833333333333 0.021296296296296296
0 0.43723958333333335 0.20972222222222223 0.015625 0.037037037037037035
0 0.42552083333333335 0.24074074074074073 0.03177083333333333 0.03425925925925926
0 0.47760416666666666 0.22592592592592592 0.04114583333333333 0.024074074074074074
0 0.371875 0.2671296296296296 0.026041666666666668 0.018518518518518517
0 0.4127604166666667 0.30185185185185187 0.0390625 0.05462962962962963
0 0.4236979166666667 0.34629629629629627 0.04010416666666667 0.02962962962962963
0 0.42265625 0.38287037037037036 0.05416666666666667 0.03611111111111111
0 0.32395833333333335 0.22870370370370371 0.023958333333333335 0.03148148148148148
0 0.3611979166666667 0.2300925925925926 0.04479166666666667 0.027777777777777776
0 0.32057291666666665 0.2657407407407407 0.03697916666666667 0.05185185185185185
0 0.3109375 0.30416666666666664 0.04583333333333333 0.03148148148148148
0 0.39114583333333336 0.07962962962962963 0.016145833333333335 0.05
0 0.3765625 0.13518518518518519 0.025 0.06851851851851852
0 0.38958333333333334 0.11203703703703703 0.033854166666666664 0.04537037037037037
0 0.3450520833333333 0.18796296296296297 0.017708333333333333 0.037037037037037035
0 0.3653645833333333 0.2 0.04479166666666667 0.026851851851851852
0 0.3984375 0.2162037037037037 0.030208333333333334 0.04259259259259259
0 0.4317708333333333 0.14166666666666666 0.018229166666666668 0.010185185185185186
0 0.4856770833333333 0.1736111111111111 0.021875 0.014814814814814815
0 0.4947916666666667 0.19907407407407407 0.03854166666666667 0.030555555555555555
0 0.3619791666666667 0.32222222222222224 0.049479166666666664 0.032407407407407406
0 0.4393229166666667 0.1050925925925926 0.03333333333333333 0.040740740740740744
0 0.55234375 0.11342592592592593 0.027083333333333334 0.021296296296296296
0 0.5645833333333333 0.022222222222222223 0.036458333333333336 0.025
0 0.6440104166666667 0.020370370370370372 0.027604166666666666 0.025925925925925925
0 0.5942708333333333 0.05138888888888889 0.025 0.025
0 0.70625 0.07824074074074074 0.023958333333333335 0.019444444444444445
0 0.7041666666666667 0.05694444444444444 0.024479166666666666 0.019444444444444445
0 0.7640625 0.07175925925925926 0.026041666666666668 0.025
0 0.75703125 0.09722222222222222 0.0421875 0.03611111111111111
0 0.06640625 0.15324074074074073 0.042708333333333334 0.05277777777777778
0 0.01796875 0.17824074074074073 0.03229166666666667 0.04814814814814815
0 0.015104166666666667 0.22361111111111112 0.030208333333333334 0.04537037037037037
0 0.03229166666666667 0.6643518518518519 0.0578125 0.0787037037037037
0 0.020833333333333332 0.5550925925925926 0.035416666666666666 0.05092592592592592
0 0.05286458333333333 0.5884259259259259 0.0265625 0.08333333333333333
0 0.015885416666666666 0.475462962962963 0.030729166666666665 0.053703703703703705
0 0.022135416666666668 0.4134259259259259 0.0359375 0.04259259259259259
0 0.0067708333333333336 0.39675925925925926 0.013020833333333334 0.03796296296296296
0 0.109375 0.4111111111111111 0.01875 0.026851851851851852
0 0.1421875 0.4060185185185185 0.05 0.04259259259259259
0 0.14192708333333334 0.4310185185185185 0.03125 0.021296296296296296
0 0.17473958333333334 0.36574074074074076 0.019791666666666666 0.019444444444444445
0 0.09505208333333333 0.45 0.04479166666666667 0.02962962962962963
0 0.0578125 0.4740740740740741 0.0359375 0.06574074074074074
0 0.05390625 0.4263888888888889 0.0265625 0.032407407407407406
0 0.11067708333333333 0.525 0.0390625 0.04537037037037037
0 0.19505208333333332 0.47638888888888886 0.024479166666666666 0.044444444444444446
0 0.1265625 0.3189814814814815 0.034375 0.032407407407407406
0 0.14010416666666667 0.3347222222222222 0.03125 0.02962962962962963
0 0.18619791666666666 0.350462962962963 0.021875 0.019444444444444445
0 0.20651041666666667 0.2587962962962963 0.023958333333333335 0.03148148148148148
0 0.17369791666666667 0.23287037037037037 0.021875 0.022222222222222223
0 0.03567708333333333 0.3199074074074074 0.05572916666666667 0.07037037037037037
0 0.09557291666666666 0.30925925925925923 0.0203125 0.017592592592592594
0 0.0953125 0.2953703703703704 0.021354166666666667 0.012962962962962963
0 0.09166666666666666 0.34120370370370373 0.04375 0.053703703703703705
0 0.0453125 0.37916666666666665 0.035416666666666666 0.017592592592592594
0 0.13776041666666666 0.2657407407407407 0.041666666666666664 0.030555555555555555
0 0.20963541666666666 0.15 0.04010416666666667 0.03148148148148148
0 0.28619791666666666 0.1726851851851852 0.036458333333333336 0.027777777777777776
0 0.23619791666666667 0.20046296296296295 0.05 0.03148148148148148
0 0.4700520833333333 0.04259259259259259 0.03177083333333333 0.028703703703703703
0 0.47630208333333335 0.08611111111111111 0.0296875 0.028703703703703703
0 0.26510416666666664 0.09768518518518518 0.035416666666666666 0.03611111111111111
0 0.2546875 0.13194444444444445 0.029166666666666667 0.025
0 0.15442708333333333 0.16944444444444445 0.0265625 0.03518518518518519
0 0.09322916666666667 0.21898148148148147 0.046875 0.062037037037037036
0 0.14557291666666666 0.22592592592592592 0.040625 0.03333333333333333
0 0.19973958333333333 0.2967592592592593 0.018229166666666668 0.020370370370370372
0 0.178125 0.27546296296296297 0.019791666666666666 0.018518518518518517
0 0.20520833333333333 0.3347222222222222 0.019791666666666666 0.020370370370370372
0 0.17109375 0.33425925925925926 0.018229166666666668 0.019444444444444445
0 0.13697916666666668 0.36666666666666664 0.025520833333333333 0.018518518518518517
0 0.1203125 0.3625 0.010416666666666666 0.03333333333333333
0 0.1796875 0.38564814814814813 0.014583333333333334 0.012962962962962963
0 0.17630208333333333 0.3921296296296296 0.019270833333333334 0.017592592592592594
0 0.1703125 0.4134259259259259 0.03802083333333333 0.025
0 0.07708333333333334 0.39444444444444443 0.03958333333333333 0.030555555555555555
0 0.13645833333333332 0.6351851851851852 0.034375 0.05185185185185185
0 0.8106770833333333 0.18703703703703703 0.0171875 0.04259259259259259
0 0.7825520833333334 0.13472222222222222 0.0234375 0.021296296296296296
0 0.7466145833333333 0.1412037037037037 0.027604166666666666 0.03888888888888889
0 0.72421875 0.04212962962962963 0.016145833333333335 0.016666666666666666
0 0.7268229166666667 0.052314814814814814 0.0109375 0.013888888888888888
0 0.6677083333333333 0.04814814814814815 0.017708333333333333 0.020370370370370372
0 0.6841145833333333 0.05092592592592592 0.015104166666666667 0.02962962962962963
0 0.42421875 0.1712962962962963 0.0125 0.012037037037037037
0 0.43984375 0.1675925925925926 0.014583333333333334 0.014814814814814815
0 0.39817708333333335 0.13935185185185187 0.0109375 0.020370370370370372
0 0.41041666666666665 0.13564814814814816 0.013541666666666667 0.018518518518518517
0 0.5177083333333333 0.060648148148148145 0.029166666666666667 0.024074074074074074
0 0.5140625 0.05185185185185185 0.016145833333333335 0.011111111111111112
0 0.40989583333333335 0.2537037037037037 0.019270833333333334 0.025925925925925925
0 0.41510416666666666 0.2652777777777778 0.022916666666666665 0.012037037037037037
0 0.08932291666666667 0.4689814814814815 0.025 0.027777777777777776
0 0.08125 0.5574074074074075 0.022916666666666665 0.053703703703703705
0 0.17708333333333334 0.14212962962962963 0.022916666666666665 0.021296296296296296
0 0.25677083333333334 0.2388888888888889 0.020833333333333332 0.023148148148148147
0 0.22447916666666667 0.28379629629629627 0.014583333333333334 0.022222222222222223
0 0.30807291666666664 0.12731481481481483 0.036458333333333336 0.03148148148148148
0 0.5916666666666667 0.2569444444444444 0.04010416666666667 0.04351851851851852
0 0.5286458333333334 0.028703703703703703 0.027604166666666666 0.014814814814814815