0 0.25078125 0.5981481481481481 0.058854166666666666 0.07222222222222222
0 0.22083333333333333 0.6819444444444445 0.07552083333333333 0.10462962962962963
0 0.3528645833333333 0.6226851851851852 0.06510416666666667 0.08796296296296297
0 0.2734375 0.49907407407407406 0.05572916666666667 0.053703703703703705
0 0.33125 0.49074074074074076 0.059895833333333336 0.058333333333333334
0 0.2921875 0.45925925925925926 0.053125 0.020370370370370372
0 0.346875 0.5453703703703704 0.07552083333333333 0.05740740740740741
0 0.4010416666666667 0.4736111111111111 0.052083333333333336 0.06481481481481481
0 0.4432291666666667 0.5662037037037037 0.040625 0.08981481481481482
0 0.33177083333333335 0.4185185185185185 0.0359375 0.07222222222222222
0 0.365625 0.41759259259259257 0.0375 0.053703703703703705
0 0.38723958333333336 0.4023148148148148 0.034895833333333334 0.03796296296296296
0 0.43984375 0.40925925925925927 0.05572916666666667 0.06574074074074074
0 0.41770833333333335 0.3768518518518518 0.06770833333333333 0.024074074074074074
0 0.446875 0.36064814814814816 0.0484375 0.04814814814814815
0 0.4825520833333333 0.35324074074074074 0.040625 0.05740740740740741
0 0.51171875 0.33796296296296297 0.05625 0.06296296296296296
0 0.4825520833333333 0.3162037037037037 0.050520833333333334 0.046296296296296294
0 0.4890625 0.28703703703703703 0.058333333333333334 0.022222222222222223
0 0.434375 0.33055555555555555 0.01875 0.022222222222222223
0 0.40729166666666666 0.35555555555555557 0.03697916666666667 0.023148148148148147
0 0.36953125 0.3537037037037037 0.03229166666666667 0.037037037037037035
0 0.3541666666666667 0.36342592592592593 0.04010416666666667 0.018518518518518517
0 0.3145833333333333 0.35185185185185186 0.0515625 0.03611111111111111
0 0.2903645833333333 0.3787037037037037 0.046875 0.025925925925925925
0 0.2911458333333333 0.4162037037037037 0.05572916666666667 0.05185185185185185
0 0.27421875 0.3398148148148148 0.03697916666666667 0.019444444444444445
0 0.2578125 0.36157407407407405 0.042708333333333334 0.03333333333333333
0 0.29192708333333334 0.35509259259259257 0.036458333333333336 0.03518518518518519
0 0.31536458333333334 0.31574074074074077 0.03697916666666667 0.026851851851851852
0 0.2765625 0.3162037037037037 0.025520833333333333 0.023148148148148147
0 0.3098958333333333 0.2902777777777778 0.036458333333333336 0.025925925925925925
0 0.34791666666666665 0.3023148148148148 0.016666666666666666 0.040740740740740744
0 0.3578125 0.3287037037037037 0.050520833333333334 0.03333333333333333
0 0.3809895833333333 0.31851851851851853 0.03333333333333333 0.03796296296296296
0 0.4203125 0.30416666666666664 0.017708333333333333 0.03148148148148148
0 0.4356770833333333 0.30277777777777776 0.011458333333333333 0.025
0 0.4036458333333333 0.29953703703703705 0.021354166666666667 0.03333333333333333
0 0.3875 0.28055555555555556 0.020833333333333332 0.019444444444444445
0 0.37161458333333336 0.26990740740740743 0.03802083333333333 0.013888888888888888
0 0.33958333333333335 0.23333333333333334 0.03333333333333333 0.044444444444444446
0 0.3411458333333333 0.26990740740740743 0.028645833333333332 0.025925925925925925
0 0.3645833333333333 0.25601851851851853 0.0359375 0.021296296296296296
0 0.38255208333333335 0.24675925925925926 0.0359375 0.020370370370370372
0 0.40208333333333335 0.24768518518518517 0.018229166666666668 0.013888888888888888
0 0.39765625 0.2657407407407407 0.024479166666666666 0.01574074074074074
0 0.41875 0.26342592592592595 0.0265625 0.028703703703703703
0 0.46015625 0.26805555555555555 0.017708333333333333 0.019444444444444445
0 0.44505208333333335 0.2824074074074074 0.013020833333333334 0.01574074074074074
0 0.5109375 0.2601851851851852 0.026041666666666668 0.046296296296296294
0 0.4864583333333333 0.24722222222222223 0.0296875 0.018518518518518517
0 0.46640625 0.2550925925925926 0.036458333333333336 0.022222222222222223
0 0.4361979166666667 0.24814814814814815 0.027083333333333334 0.019444444444444445
0 0.4205729166666667 0.23425925925925925 0.035416666666666666 0.032407407407407406
0 0.37864583333333335 0.2324074074074074 0.0390625 0.019444444444444445
0 0.36796875 0.20787037037037037 0.034375 0.021296296296296296
0 0.39895833333333336 0.20925925925925926 0.016666666666666666 0.03981481481481482
0 0.37864583333333335 0.1527777777777778 0.036458333333333336 0.04259259259259259
0 0.39010416666666664 0.18425925925925926 0.0296875 0.010185185185185186
0 0.3455729166666667 0.19074074074074074 0.03177083333333333 0.02962962962962963
0 0.41770833333333335 0.19814814814814816 0.017708333333333333 0.024074074074074074
0 0.42864583333333334 0.20787037037037037 0.036458333333333336 0.016666666666666666
0 0.49192708333333335 0.20879629629629629 0.03333333333333333 0.022222222222222223
0 0.4822916666666667 0.2324074074074074 0.027083333333333334 0.008333333333333333
0 0.45260416666666664 0.2361111111111111 0.015625 0.019444444444444445
0 0.4591145833333333 0.2125 0.019791666666666666 0.025925925925925925
0 0.44895833333333335 0.18703703703703703 0.03229166666666667 0.021296296296296296
0 0.48046875 0.18564814814814815 0.023958333333333335 0.024074074074074074
0 0.5171875 0.23194444444444445 0.025520833333333333 0.03611111111111111
0 0.5411458333333333 0.22407407407407406 0.03229166666666667 0.03611111111111111
0 0.5356770833333333 0.19074074074074074 0.03802083333333333 0.020370370370370372
0 0.5611979166666666 0.19490740740740742 0.016145833333333335 0.037037037037037035
0 0.5955729166666667 0.19027777777777777 0.013541666666666667 0.04537037037037037
0 0.5861979166666667 0.18518518518518517 0.019270833333333334 0.05925925925925926
0 0.5388020833333333 0.1712962962962963 0.040625 0.016666666666666666
0 0.5484375 0.1587962962962963 0.027604166666666666 0.027777777777777776
0 0.5197916666666667 0.1685185185185185 0.028645833333333332 0.021296296296296296
0 0.5111979166666667 0.1537037037037037 0.024479166666666666 0.012037037037037037
0 0.4984375 0.17777777777777778 0.025520833333333333 0.025925925925925925
0 0.39114583333333336 0.11064814814814815 0.018229166666666668 0.05555555555555555
0 0.46822916666666664 0.12824074074074074 0.0140625 0.013888888888888888
0 0.42239583333333336 0.1287037037037037 0.03229166666666667 0.023148148148148147
0 0.6122395833333333 0.09768518518518518 0.025 0.03425925925925926
0 0.55703125 0.11435185185185186 0.035416666666666666 0.025925925925925925
0 0.5518229166666667 0.12824074074074074 0.03333333333333333 0.016666666666666666
0 0.52421875 0.10740740740740741 0.023958333333333335 0.021296296296296296
0 0.5072916666666667 0.08333333333333333 0.0067708333333333336 0.030555555555555555
0 0.5169270833333334 0.08888888888888889 0.013020833333333334 0.019444444444444445
0 0.5796875 0.024537037037037038 0.022395833333333334 0.03148148148148148
0 0.5638020833333334 0.04953703703703704 0.028125 0.017592592592592594
0 0.4361979166666667 0.03194444444444444 0.022916666666666665 0.03425925925925926
0 0.43125 0.05092592592592592 0.027604166666666666 0.025
0 0.42161458333333335 0.06388888888888888 0.025520833333333333 0.03888888888888889
0 0.45338541666666665 0.16574074074074074 0.015625 0.024074074074074074
0 0.6447916666666667 0.05787037037037037 0.028645833333333332 0.030555555555555555
0 0.6716145833333333 0.050462962962962966 0.0203125 0.04351851851851852
0 0.6505208333333333 0.0962962962962963 0.03697916666666667 0.02962962962962963
0 0.6390625 0.13472222222222222 0.022916666666666665 0.03981481481481482
0 0.6591145833333333 0.1310185185185185 0.027604166666666666 0.03888888888888889
0 0.6395833333333333 0.1675925925925926 0.024479166666666666 0.023148148148148147
0 0.6161458333333333 0.16111111111111112 0.021354166666666667 0.03333333333333333
0 0.6658854166666667 0.18194444444444444 0.028645833333333332 0.04814814814814815
0 0.684375 0.15324074074074073 0.0234375 0.03425925925925926
0 0.6294270833333333 0.24212962962962964 0.04583333333333333 0.03333333333333333
0 0.640625 0.2574074074074074 0.027604166666666666 0.04351851851851852
0 0.5994791666666667 0.300462962962963 0.04583333333333333 0.04259259259259259
0 0.6716145833333333 0.25925925925925924 0.027083333333333334 0.049074074074074076
0 0.7002604166666667 0.23564814814814813 0.03125 0.04259259259259259
0 0.6927083333333334 0.2074074074074074 0.022395833333333334 0.03888888888888889
0 0.7098958333333333 0.18518518518518517 0.023958333333333335 0.03425925925925926
0 0.7263020833333333 0.21064814814814814 0.03802083333333333 0.03611111111111111
0 0.703125 0.14675925925925926 0.025520833333333333 0.03425925925925926
0 0.7130208333333333 0.09768518518518518 0.022395833333333334 0.023148148148148147
0 0.6953125 0.06018518518518518 0.028125 0.03888888888888889
0 0.72578125 0.07546296296296297 0.020833333333333332 0.022222222222222223
0 0.7463541666666667 0.0875 0.021875 0.03333333333333333
0 0.721875 0.11342592592592593 0.025 0.021296296296296296
0 0.7419270833333333 0.13657407407407407 0.040625 0.03333333333333333
0 0.74296875 0.16620370370370371 0.0359375 0.025925925925925925
0 0.7283854166666667 0.1537037037037037 0.034375 0.025
0 0.771875 0.11990740740740741 0.026041666666666668 0.027777777777777776
0 0.7841145833333333 0.15462962962962962 0.030729166666666665 0.02962962962962963
0 0.8106770833333333 0.1597222222222222 0.019791666666666666 0.02962962962962963
0 0.74921875 0.2490740740740741 0.03333333333333333 0.03981481481481482
0 0.70625 0.2796296296296296 0.0390625 0.053703703703703705
0 0.7263020833333333 0.29444444444444445 0.034375 0.05
0 0.7411458333333333 0.32083333333333336 0.034895833333333334 0.05925925925925926
0 0.7700520833333333 0.2949074074074074 0.03802083333333333 0.06759259259259259
0 0.7911458333333333 0.2490740740740741 0.028645833333333332 0.07037037037037037
0 0.8291666666666667 0.2351851851851852 0.03958333333333333 0.041666666666666664
0 0.8252604166666667 0.2152777777777778 0.034895833333333334 0.03425925925925926
0 0.8002604166666667 0.19074074074074074 0.0609375 0.037037037037037035
0 0.8135416666666667 0.20879629629629629 0.04791666666666667 0.02962962962962963
0 0.8546875 0.21712962962962962 0.015625 0.03981481481481482
0 0.8455729166666667 0.24953703703703703 0.025 0.053703703703703705
0 0.865625 0.21898148148148147 0.0125 0.044444444444444446
0 0.8640625 0.2569444444444444 0.023958333333333335 0.04259259259259259
0 0.8518229166666667 0.30787037037037035 0.034895833333333334 0.07314814814814814
0 0.875 0.2865740740740741 0.04375 0.03888888888888889
0 0.8921875 0.25972222222222224 0.028125 0.041666666666666664
0 0.80859375 0.337037037037037 0.046875 0.1037037037037037
0 0.8916666666666667 0.35462962962962963 0.04635416666666667 0.04259259259259259
0 0.88984375 0.42916666666666664 0.04895833333333333 0.062037037037037036
0 0.9153645833333334 0.4013888888888889 0.06145833333333333 0.049074074074074076
0 0.94140625 0.3675925925925926 0.04479166666666667 0.040740740740740744
0 0.93359375 0.4462962962962963 0.042708333333333334 0.05185185185185185
0 0.9619791666666667 0.4425925925925926 0.0359375 0.05092592592592592
0 0.9890625 0.43796296296296294 0.021875 0.05740740740740741
0 0.959375 0.48842592592592593 0.05260416666666667 0.05555555555555555
0 0.98046875 0.5324074074074074 0.0390625 0.1361111111111111
0 0.984375 0.6166666666666667 0.03125 0.06388888888888888
0 0.9622395833333334 0.6717592592592593 0.0625 0.06018518518518518
0 0.98203125 0.7106481481481481 0.0359375 0.08148148148148149
0 0.86484375 0.6814814814814815 0.052083333333333336 0.11203703703703703
0 0.7833333333333333 0.6467592592592593 0.051041666666666666 0.09722222222222222
0 0.996875 0.7944444444444444 0.00625 0.08981481481481482
0 0.9966145833333333 0.9277777777777778 0.0067708333333333336 0.0962962962962963
0 0.6541666666666667 0.8550925925925926 0.06822916666666666 0.14907407407407408
0 0.5408854166666667 0.8416666666666667 0.1203125 0.10648148148148148
0 0.58125 0.9527777777777777 0.11875 0.09444444444444444
0 0.3234375 0.9384259259259259 0.10729166666666666 0.10555555555555556
0 0.38515625 0.9763888888888889 0.05677083333333333 0.04722222222222222
0 0.46328125 0.9912037037037037 0.0296875 0.017592592592592594
0 0.6208333333333333 0.36898148148148147 0.04114583333333333 0.07407407407407407
0 0.6067708333333334 0.4064814814814815 0.042708333333333334 0.08055555555555556
0 0.58125 0.475462962962963 0.06770833333333333 0.05648148148148148
0 0.5864583333333333 0.512962962962963 0.06875 0.0712962962962963
0 0.8825520833333333 0.13425925925925927 0.024479166666666666 0.03981481481481482
0 0.91171875 0.13703703703703704 0.0203125 0.040740740740740744
0 0.953125 0.13287037037037036 0.017708333333333333 0.037037037037037035
0 0.91953125 0.10787037037037037 0.024479166666666666 0.030555555555555555
0 0.9861979166666667 0.1597222222222222 0.0203125 0.03518518518518519
0 0.9875 0.13333333333333333 0.016145833333333335 0.04537037037037037
0 0.9684895833333333 0.1125 0.018229166666666668 0.05092592592592592
0 0.953125 0.09768518518518518 0.03125 0.03333333333333333
0 0.9434895833333333 0.08657407407407407 0.025520833333333333 0.02962962962962963
0 0.93671875 0.08009259259259259 0.019791666666666666 0.03333333333333333
0 0.9302083333333333 0.06898148148148148 0.0171875 0.025925925925925925
0 0.921875 0.06435185185185185 0.0203125 0.025
0 0.9119791666666667 0.05925925925925926 0.01875 0.022222222222222223
0 0.90859375 0.053703703703703705 0.021875 0.025
0 0.9020833333333333 0.04583333333333333 0.019270833333333334 0.024074074074074074
0 0.8981770833333333 0.040740740740740744 0.015104166666666667 0.02962962962962963
0 0.89140625 0.033796296296296297 0.015625 0.025925925925925925
0 0.8861979166666667 0.03333333333333333 0.014583333333333334 0.023148148148148147
0 0.88125 0.027314814814814816 0.013020833333333334 0.022222222222222223
0 0.9955729166666667 0.15787037037037038 0.008854166666666666 0.05740740740740741
0 0.9013020833333333 0.09398148148148149 0.015104166666666667 0.017592592592592594
0 0.8734375 0.05694444444444444 0.0265625 0.025
0 0.8583333333333333 0.06435185185185185 0.016145833333333335 0.017592592592592594
0 0.8848958333333333 0.08101851851851852 0.021354166666666667 0.02962962962962963
0 0.8229166666666666 0.06851851851851852 0.025520833333333333 0.022222222222222223
0 0.84765625 0.041666666666666664 0.0234375 0.022222222222222223
0 0.27057291666666666 0.1925925925925926 0.0359375 0.04259259259259259
0 0.03359375 0.6662037037037037 0.0546875 0.07777777777777778
0 0.02421875 0.7263888888888889 0.04739583333333333 0.06759259259259259
0 0.046614583333333334 0.7527777777777778 0.05416666666666667 0.08425925925925926
0 0.02265625 0.8236111111111111 0.043229166666666666 0.05925925925925926
0 0.04583333333333333 0.5935185185185186 0.04583333333333333 0.04722222222222222
0 0.06302083333333333 0.5694444444444444 0.044270833333333336 0.05185185185185185
0 0.029166666666666667 0.562037037037037 0.04375 0.03796296296296296
0 0.07395833333333333 0.6305555555555555 0.03958333333333333 0.05462962962962963
0 0.1140625 0.6013888888888889 0.05416666666666667 0.041666666666666664
0 0.11848958333333333 0.5481481481481482 0.03125 0.08148148148148149
0 0.13385416666666666 0.5185185185185185 0.04479166666666667 0.05092592592592592
0 0.09244791666666667 0.4986111111111111 0.0640625 0.03333333333333333
0 0.009895833333333333 0.4527777777777778 0.019791666666666666 0.06481481481481481
0 0.021875 0.462037037037037 0.03177083333333333 0.0824074074074074
0 0.05546875 0.48009259259259257 0.0359375 0.05740740740740741
0 0.05625 0.44583333333333336 0.0265625 0.018518518518518517
0 0.09739583333333333 0.46064814814814814 0.0484375 0.027777777777777776
0 0.12604166666666666 0.47685185185185186 0.028645833333333332 0.01574074074074074
0 0.125 0.4513888888888889 0.043229166666666666 0.028703703703703703
0 0.05364583333333333 0.4166666666666667 0.04739583333333333 0.04722222222222222
0 0.053125 0.37546296296296294 0.049479166666666664 0.04722222222222222
0 0.018229166666666668 0.3976851851851852 0.036458333333333336 0.05925925925925926
0 0.034895833333333334 0.34074074074074073 0.0484375 0.025925925925925925
0 0.058854166666666666 0.33240740740740743 0.022395833333333334 0.028703703703703703
0 0.07526041666666666 0.35694444444444445 0.022395833333333334 0.037037037037037035
0 0.011458333333333333 0.35555555555555557 0.019270833333333334 0.03148148148148148
0 0.016145833333333335 0.31296296296296294 0.03229166666666667 0.03148148148148148
0 0.0609375 0.3194444444444444 0.022916666666666665 0.03425925925925926
0 0.04140625 0.3236111111111111 0.015104166666666667 0.028703703703703703
0 0.09166666666666666 0.27685185185185185 0.033854166666666664 0.024074074074074074
0 0.13151041666666666 0.30833333333333335 0.034375 0.018518518518518517
0 0.09010416666666667 0.32314814814814813 0.026041666666666668 0.012962962962962963
0 0.10833333333333334 0.33425925925925926 0.033854166666666664 0.026851851851851852
0 0.08515625 0.37083333333333335 0.028645833333333332 0.023148148148148147
0 0.08984375 0.3958333333333333 0.027083333333333334 0.014814814814814815
0 0.09869791666666666 0.4199074074074074 0.022395833333333334 0.03425925925925926
0 0.12369791666666667 0.38101851851851853 0.027604166666666666 0.023148148148148147
0 0.14635416666666667 0.41898148148148145 0.03854166666666667 0.022222222222222223
0 0.13854166666666667 0.40879629629629627 0.04739583333333333 0.021296296296296296
0 0.13463541666666667 0.4013888888888889 0.042708333333333334 0.026851851851851852
0 0.16354166666666667 0.3814814814814815 0.0234375 0.016666666666666666
0 0.17213541666666668 0.3907407407407407 0.0265625 0.021296296296296296
0 0.1734375 0.4078703703703704 0.03177083333333333 0.023148148148148147
0 0.16197916666666667 0.45694444444444443 0.03229166666666667 0.016666666666666666
0 0.1609375 0.4375 0.04479166666666667 0.024074074074074074
0 0.07526041666666666 0.5365740740740741 0.03854166666666667 0.04722222222222222
0 0.13489583333333333 0.3421296296296296 0.04479166666666667 0.03425925925925926
0 0.19375 0.362962962962963 0.0375 0.030555555555555555
0 0.16770833333333332 0.35462962962962963 0.052083333333333336 0.06388888888888888
0 0.12369791666666667 0.2439814814814815 0.0328125 0.032407407407407406
0 0.07109375 0.2550925925925926 0.0296875 0.044444444444444446
0 0.053125 0.24722222222222223 0.03177083333333333 0.04537037037037037
0 0.0984375 0.2574074074074074 0.022916666666666665 0.026851851851851852
0 0.11328125 0.29074074074074074 0.0359375 0.012037037037037037
0 0.14791666666666667 0.27037037037037037 0.021354166666666667 0.016666666666666666
0 0.15260416666666668 0.27870370370370373 0.03333333333333333 0.009259259259259259
0 0.159375 0.2935185185185185 0.03697916666666667 0.011111111111111112
0 0.171875 0.25555555555555554 0.0203125 0.014814814814814815
0 0.153125 0.24305555555555555 0.026041666666666668 0.025925925925925925
0 0.17864583333333334 0.21898148148148147 0.025520833333333333 0.012037037037037037
0 0.17109375 0.2351851851851852 0.03177083333333333 0.018518518518518517
0 0.20182291666666666 0.20787037037037037 0.035416666666666666 0.020370370370370372
0 0.13828125 0.21064814814814814 0.034895833333333334 0.011111111111111112
0 0.13333333333333333 0.22685185185185186 0.0359375 0.018518518518518517
0 0.20182291666666666 0.19027777777777777 0.0359375 0.022222222222222223
0 0.18151041666666667 0.16712962962962963 0.029166666666666667 0.03425925925925926
0 0.16223958333333333 0.19583333333333333 0.04479166666666667 0.023148148148148147
0 0.21276041666666667 0.24305555555555555 0.0421875 0.020370370370370372
0 0.19322916666666667 0.26805555555555555 0.0140625 0.018518518518518517
0 0.21640625 0.26435185185185184 0.0328125 0.008333333333333333
0 0.19973958333333333 0.300462962962963 0.04114583333333333 0.03888888888888889
0 0.2609375 0.24074074074074073 0.028125 0.017592592592592594
0 0.2453125 0.2263888888888889 0.03854166666666667 0.021296296296296296
0 0.225 0.300462962962963 0.0328125 0.018518518518518517
0 0.24401041666666667 0.2912037037037037 0.0234375 0.020370370370370372
0 0.053125 0.1912037037037037 0.029166666666666667 0.032407407407407406
0 0.014322916666666666 0.22962962962962963 0.028645833333333332 0.025925925925925925
0 0.020572916666666666 0.17407407407407408 0.024479166666666666 0.049074074074074076
0 0.09296875 0.1398148148148148 0.015104166666666667 0.03333333333333333
0 0.33229166666666665 0.09768518518518518 0.016145833333333335 0.020370370370370372
0 0.2875 0.07962962962962963 0.019791666666666666 0.021296296296296296
0 0.24739583333333334 0.1597222222222222 0.028645833333333332 0.03981481481481482
0 0.25026041666666665 0.1300925925925926 0.0265625 0.03148148148148148
0 0.21197916666666666 0.16944444444444445 0.033854166666666664 0.03981481481481482
0 0.2078125 0.15462962962962962 0.025 0.027777777777777776
0 0.2578125 0.17083333333333334 0.027604166666666666 0.03333333333333333