0 0.5984375 0.6819999999999999 0.18179687500000002 0.13455555555555548
0 0.6321979166666666 0.8501851851851853 0.14098437500000002 0.19655555555555562
0 0.80175 0.41355555555555557 0.106109375 0.19391666666666674
0 0.58990625 0.2453611111111111 0.13653124999999994 0.1741296296296296
0 0.44743750000000004 0.306037037037037 0.09646354166666668 0.10288888888888889
0 0.37583333333333335 0.31263888888888886 0.10314062499999999 0.10288888888888889
0 0.27825520833333334 0.23678703703703702 0.07568749999999996 0.11740740740740742
0 0.5004895833333334 0.5276574074074074 0.13579166666666673 0.182037037037037
0 0.92809375 0.4550092592592593 0.09013541666666663 0.14566666666666672
0 0.9740468750000001 0.39287962962962963 0.051906249999999925 0.07112037037037043
0 0.9672968750000001 0.22450925925925927 0.06540104166666676 0.13881481481481484
0 0.9730833333333333 0.12296296296296297 0.0538333333333334 0.06769444444444446
0 0.94809375 0.15166666666666667 0.08001041666666661 0.07369444444444447
0 0.8116875 0.19879629629629628 0.1079687500000001 0.11825000000000001
0 0.7871041666666667 0.08954629629629629 0.09351041666666665 0.0865462962962963
0 0.5988854166666666 0.08954629629629628 0.06989062500000003 0.12082407407407408
0 0.6579322916666667 0.05912962962962963 0.06266145833333331 0.08568518518518518
0 0.713359375 0.04884259259259259 0.048197916666666646 0.09768518518518518
0 0.741796875 0.023138888888888882 0.03759374999999991 0.046268518518518514
0 0.8054218750000001 0.019712962962962963 0.05302083333333343 0.039416666666666676
0 0.8512135416666666 0.012 0.026989583333333417 0.023990740740740736
0 0.33234895833333333 0.17180555555555557 0.06505208333333339 0.09168518518518518
0 0.298375 0.10068518518518517 0.07904687499999999 0.08825925925925925
0 0.3815208333333333 0.17351851851851852 0.061213541666666656 0.10711111111111112
0 0.428515625 0.13410185185185186 0.05398437500000005 0.08312037037037036
0 0.502984375 0.14910185185185185 0.06699999999999993 0.11139814814814815
0 0.40490104166666663 0.06983333333333333 0.07422916666666665 0.08997222222222222
0 0.46057291666666667 0.06898148148148148 0.06796354166666667 0.06598148148148147
0 0.4979270833333333 0.03941666666666667 0.054947916666666666 0.07883333333333334
0 0.5560052083333333 0.06255555555555556 0.028437499999999952 0.08739814814814814
0 0.44140625 0.020833333333333332 0.0671875 0.041666666666666664
0 0.39557291666666666 0.016203703703703703 0.0421875 0.032407407407407406
0 0.32464583333333336 0.037703703703703705 0.05060937500000004 0.06512037037037036
0 0.21137499999999998 0.09211111111111112 0.05060937499999998 0.08997222222222222
0 0.054463541666666664 0.22278703703703706 0.09736458333333334 0.16451851851851856
0 0.07639583333333334 0.08868518518518519 0.07085416666666665 0.10711111111111112
0 0.11833333333333333 0.08868518518518519 0.052536458333333334 0.14138888888888887
0 0.15544270833333332 0.08012037037037037 0.04579166666666666 0.11225000000000002
0 0.2478020833333333 0.029583333333333333 0.05982291666666664 0.04507407407407407
0 0.251765625 0.061277777777777785 0.05506770833333334 0.0676111111111111
0 0.031875 0.07428703703703704 0.039109375 0.09714814814814814