0 0.04401041666666667 0.046296296296296294 0.0328125 0.017592592592592594
0 0.08098958333333334 0.03935185185185185 0.0375 0.025925925925925925
0 0.09765625 0.018518518518518517 0.033854166666666664 0.037037037037037035
0 0.06354166666666666 0.015277777777777777 0.03802083333333333 0.030555555555555555
0 0.11692708333333333 0.044444444444444446 0.04114583333333333 0.06666666666666667
0 0.06666666666666667 0.07592592592592592 0.042708333333333334 0.03148148148148148
0 0.054947916666666666 0.09259259259259259 0.06510416666666667 0.04351851851851852
0 0.05 0.13472222222222222 0.04791666666666667 0.040740740740740744
0 0.01484375 0.1388888888888889 0.01875 0.0824074074074074
0 0.0453125 0.10416666666666667 0.04114583333333333 0.027777777777777776
0 0.1046875 0.09722222222222222 0.04635416666666667 0.07222222222222222
0 0.13489583333333333 0.075 0.03177083333333333 0.04537037037037037
0 0.020052083333333335 0.20555555555555555 0.04010416666666667 0.07962962962962963
0 0.08359375 0.17731481481481481 0.03125 0.06296296296296296
0 0.07864583333333333 0.2222222222222222 0.043229166666666666 0.07407407407407407
0 0.14140625 0.17083333333333334 0.0578125 0.06018518518518518
0 0.17682291666666666 0.14583333333333334 0.04635416666666667 0.04537037037037037
0 0.15546875 0.10601851851851851 0.03802083333333333 0.062037037037037036
0 0.17838541666666666 0.05138888888888889 0.03125 0.06111111111111111
0 0.21171875 0.04537037037037037 0.0234375 0.03148148148148148
0 0.20677083333333332 0.026851851851851852 0.025520833333333333 0.019444444444444445
0 0.21770833333333334 0.010185185185185186 0.0421875 0.020370370370370372
0 0.24973958333333332 0.008796296296296297 0.026041666666666668 0.01574074074074074
0 0.22005208333333334 0.07175925925925926 0.0578125 0.06296296296296296
0 0.24557291666666667 0.04722222222222222 0.03333333333333333 0.05925925925925926
0 0.2752604166666667 0.04490740740740741 0.03802083333333333 0.058333333333333334
0 0.29635416666666664 0.022685185185185187 0.04010416666666667 0.04537037037037037
0 0.26953125 0.12731481481481483 0.050520833333333334 0.09907407407407408
0 0.18151041666666667 0.2537037037037037 0.0515625 0.09351851851851851
0 0.13515625 0.25833333333333336 0.04010416666666667 0.08518518518518518
0 0.0734375 0.2916666666666667 0.0625 0.06296296296296296
0 0.013020833333333334 0.2675925925925926 0.026041666666666668 0.023148148148148147
0 0.020833333333333332 0.2814814814814815 0.041666666666666664 0.03148148148148148
0 0.028125 0.3162037037037037 0.05625 0.053703703703703705
0 0.03046875 0.3611111111111111 0.0609375 0.05462962962962963
0 0.035416666666666666 0.41759259259259257 0.06875 0.06851851851851852
0 0.08463541666666667 0.4111111111111111 0.05364583333333333 0.06944444444444445
0 0.12135416666666667 0.36712962962962964 0.053125 0.062037037037037036
0 0.10260416666666666 0.4398148148148148 0.065625 0.05648148148148148
0 0.10182291666666667 0.4736111111111111 0.0546875 0.05740740740740741
0 0.0625 0.5083333333333333 0.07395833333333333 0.06944444444444445
0 0.01953125 0.4648148148148148 0.0390625 0.037037037037037035
0 0.020572916666666666 0.5189814814814815 0.04114583333333333 0.06481481481481481
0 0.020572916666666666 0.6101851851851852 0.04114583333333333 0.1
0 0.013541666666666667 0.7074074074074074 0.027083333333333334 0.08888888888888889
0 0.03333333333333333 0.8953703703703704 0.0640625 0.14351851851851852
0 0.11848958333333333 0.7273148148148149 0.0578125 0.1925925925925926
0 0.09296875 0.6203703703703703 0.05416666666666667 0.2064814814814815
0 0.13802083333333334 0.5680555555555555 0.044270833333333336 0.17222222222222222
0 0.17890625 0.47314814814814815 0.058854166666666666 0.1962962962962963
0 0.23020833333333332 0.4527777777777778 0.08802083333333334 0.19166666666666668
0 0.25364583333333335 0.40879629629629627 0.08020833333333334 0.0962962962962963
0 0.20286458333333332 0.3277777777777778 0.03854166666666667 0.1037037037037037
0 0.2908854166666667 0.3074074074074074 0.09635416666666667 0.14166666666666666
0 0.29348958333333336 0.24027777777777778 0.0625 0.09074074074074075
0 0.2421875 0.26296296296296295 0.04739583333333333 0.17314814814814813
0 0.3216145833333333 0.16712962962962963 0.0515625 0.15648148148148147
0 0.3846354166666667 0.16064814814814815 0.09427083333333333 0.0962962962962963
0 0.42552083333333335 0.13518518518518519 0.05 0.08425925925925926
0 0.35546875 0.07453703703703704 0.04739583333333333 0.06944444444444445
0 0.3921875 0.06666666666666667 0.04010416666666667 0.044444444444444446
0 0.36380208333333336 0.01898148148148148 0.05572916666666667 0.03796296296296296
0 0.4356770833333333 0.06527777777777778 0.05572916666666667 0.046296296296296294
0 0.48046875 0.09583333333333334 0.05520833333333333 0.07037037037037037
0 0.4934895833333333 0.04537037037037037 0.050520833333333334 0.04722222222222222
0 0.5151041666666667 0.013425925925925926 0.030208333333333334 0.020370370370370372
0 0.44557291666666665 0.030555555555555555 0.04895833333333333 0.024074074074074074
0 0.53984375 0.05925925925925926 0.04739583333333333 0.04537037037037037
0 0.58046875 0.053703703703703705 0.034895833333333334 0.04259259259259259
0 0.5739583333333333 0.019444444444444445 0.041666666666666664 0.03888888888888889
0 0.5416666666666666 0.021296296296296296 0.028125 0.020370370370370372
0 0.6505208333333333 0.04861111111111111 0.034375 0.06018518518518518
0 0.67578125 0.01574074074074074 0.046875 0.03148148148148148
0 0.6768229166666667 0.05462962962962963 0.03958333333333333 0.06944444444444445
0 0.6453125 0.13055555555555556 0.06614583333333333 0.08333333333333333
0 0.5848958333333333 0.20092592592592592 0.0625 0.06111111111111111
0 0.6770833333333334 0.18472222222222223 0.05520833333333333 0.053703703703703705
0 0.6276041666666666 0.21944444444444444 0.028125 0.08333333333333333
0 0.65234375 0.2439814814814815 0.04739583333333333 0.08796296296296297
0 0.6424479166666667 0.18888888888888888 0.049479166666666664 0.03888888888888889
0 0.6942708333333333 0.26296296296296295 0.0609375 0.053703703703703705
0 0.7489583333333333 0.21481481481481482 0.042708333333333334 0.06666666666666667
0 0.7078125 0.22407407407407406 0.03958333333333333 0.06388888888888888
0 0.8473958333333333 0.14444444444444443 0.050520833333333334 0.06018518518518518
0 0.9067708333333333 0.01990740740740741 0.03697916666666667 0.03981481481481482
0 0.95390625 0.02546296296296296 0.04739583333333333 0.05092592592592592
0 0.9463541666666667 0.06527777777777778 0.04114583333333333 0.040740740740740744
0 0.96953125 0.08101851851851852 0.046875 0.058333333333333334
0 0.9807291666666667 0.10046296296296296 0.03854166666666667 0.049074074074074076
0 0.9903645833333333 0.18055555555555555 0.019270833333333334 0.09351851851851851
0 0.9643229166666667 0.5009259259259259 0.06197916666666667 0.15462962962962962
0 0.8505208333333333 0.5370370370370371 0.08645833333333333 0.0962962962962963
0 0.8049479166666667 0.5902777777777778 0.06614583333333333 0.0824074074074074
0 0.7677083333333333 0.6310185185185185 0.05572916666666667 0.12685185185185185
0 0.8497395833333333 0.6509259259259259 0.07604166666666666 0.08148148148148149
0 0.7197916666666667 0.5833333333333334 0.0453125 0.10277777777777777
0 0.7390625 0.6847222222222222 0.06979166666666667 0.11574074074074074
0 0.6731770833333334 0.6787037037037037 0.07083333333333333 0.075
0 0.7229166666666667 0.7708333333333334 0.058333333333333334 0.17037037037037037
0 0.6776041666666667 0.6138888888888889 0.04114583333333333 0.08518518518518518
0 0.6229166666666667 0.5888888888888889 0.09427083333333333 0.06111111111111111
0 0.6252604166666667 0.5157407407407407 0.09010416666666667 0.08148148148148149
0 0.6177083333333333 0.43333333333333335 0.06354166666666666 0.0787037037037037
0 0.6364583333333333 0.350462962962963 0.0703125 0.10740740740740741
0 0.57421875 0.3509259259259259 0.075 0.09814814814814815
0 0.546875 0.2675925925925926 0.06302083333333333 0.09722222222222222
0 0.44609375 0.38842592592592595 0.06302083333333333 0.06388888888888888
0 0.48723958333333334 0.4388888888888889 0.05364583333333333 0.1037037037037037
0 0.42864583333333334 0.4638888888888889 0.06822916666666666 0.11574074074074074
0 0.3763020833333333 0.5550925925925926 0.08333333333333333 0.07407407407407407
0 0.4713541666666667 0.5745370370370371 0.06822916666666666 0.08888888888888889
0 0.43125 0.6430555555555556 0.07708333333333334 0.10092592592592593
0 0.3494791666666667 0.5796296296296296 0.07708333333333334 0.09166666666666666
0 0.32369791666666664 0.6157407407407407 0.08958333333333333 0.08518518518518518
0 0.34713541666666664 0.6763888888888889 0.09895833333333333 0.09166666666666666
0 0.49453125 0.6601851851851852 0.06614583333333333 0.1
0 0.5528645833333333 0.6398148148148148 0.05364583333333333 0.09907407407407408
0 0.6177083333333333 0.6486111111111111 0.06302083333333333 0.10185185185185185
0 0.6755208333333333 0.812962962962963 0.07447916666666667 0.13333333333333333
0 0.62421875 0.7245370370370371 0.05625 0.10555555555555556
0 0.546875 0.7111111111111111 0.090625 0.0787037037037037
0 0.5828125 0.8087962962962963 0.0796875 0.12407407407407407
0 0.65625 0.8671296296296296 0.09947916666666666 0.10648148148148148
0 0.68828125 0.950462962962963 0.08177083333333333 0.09722222222222222
0 0.7783854166666667 0.9578703703703704 0.10260416666666666 0.08425925925925926
0 0.88984375 0.850925925925926 0.0765625 0.13055555555555556
0 0.5994791666666667 0.9393518518518519 0.0921875 0.10185185185185185
0 0.52890625 0.8824074074074074 0.06458333333333334 0.15462962962962962
0 0.4557291666666667 0.8833333333333333 0.09791666666666667 0.08425925925925926
0 0.46458333333333335 0.8069444444444445 0.1015625 0.10462962962962963
0 0.4895833333333333 0.7425925925925926 0.08385416666666666 0.0962962962962963
0 0.4153645833333333 0.7333333333333333 0.059375 0.08148148148148149
0 0.37447916666666664 0.8148148148148148 0.09427083333333333 0.0712962962962963
0 0.3033854166666667 0.8212962962962963 0.08229166666666667 0.08611111111111111
0 0.2755208333333333 0.8986111111111111 0.08072916666666667 0.14814814814814814
0 0.35130208333333335 0.9055555555555556 0.08541666666666667 0.07592592592592592
0 0.40651041666666665 0.9486111111111111 0.09479166666666666 0.07314814814814814
0 0.509375 0.9731481481481481 0.10052083333333334 0.05185185185185185
0 0.465625 0.9805555555555555 0.1 0.03888888888888889
0 0.21927083333333333 0.9263888888888889 0.0703125 0.14722222222222223
0 0.17135416666666667 0.8736111111111111 0.06041666666666667 0.12222222222222222
0 0.20182291666666666 0.7898148148148149 0.08229166666666667 0.09259259259259259
0 0.25286458333333334 0.7351851851851852 0.08229166666666667 0.10555555555555556
0 0.2234375 0.6648148148148149 0.10520833333333333 0.1
0 0.10026041666666667 0.9745370370370371 0.121875 0.05092592592592592