0 0.08151041666666667 0.32546296296296295 0.05260416666666667 0.15462962962962962
0 0.12473958333333333 0.2662037037037037 0.0546875 0.06574074074074074
0 0.2203125 0.2101851851851852 0.049479166666666664 0.08796296296296297
0 0.271875 0.33425925925925926 0.08229166666666667 0.10185185185185185
0 0.28020833333333334 0.45601851851851855 0.0734375 0.1111111111111111
0 0.1296875 0.20046296296296295 0.0546875 0.10185185185185185
0 0.09427083333333333 0.19675925925925927 0.033854166666666664 0.10462962962962963
0 0.2578125 0.17222222222222222 0.05364583333333333 0.06944444444444445
0 0.29765625 0.14166666666666666 0.0546875 0.075
0 0.26796875 0.09537037037037037 0.025520833333333333 0.021296296296296296
0 0.29322916666666665 0.09398148148148149 0.03177083333333333 0.02962962962962963
0 0.3338541666666667 0.29305555555555557 0.05677083333333333 0.10648148148148148
0 0.38125 0.300462962962963 0.07864583333333333 0.1
0 0.36328125 0.2152777777777778 0.06197916666666667 0.08518518518518518
0 0.3671875 0.14675925925925926 0.03958333333333333 0.04722222222222222
0 0.33645833333333336 0.1162037037037037 0.016666666666666666 0.013888888888888888
0 0.34036458333333336 0.17083333333333334 0.022395833333333334 0.08425925925925926
0 0.3151041666666667 0.05324074074074074 0.07760416666666667 0.06018518518518518
0 0.21848958333333332 0.06388888888888888 0.04114583333333333 0.06944444444444445
0 0.253125 0.052314814814814814 0.04010416666666667 0.0712962962962963
0 0.034895833333333334 0.03981481481481482 0.06354166666666666 0.07962962962962963
0 0.38671875 0.07222222222222222 0.04479166666666667 0.058333333333333334
0 0.41744791666666664 0.04398148148148148 0.0390625 0.05
0 0.42604166666666665 0.08009259259259259 0.04739583333333333 0.044444444444444446
0 0.39114583333333336 0.11944444444444445 0.04739583333333333 0.05092592592592592
0 0.4192708333333333 0.14351851851851852 0.05625 0.05462962962962963
0 0.4778645833333333 0.14722222222222223 0.023958333333333335 0.018518518518518517
0 0.46015625 0.1787037037037037 0.0265625 0.01574074074074074
0 0.50390625 0.08009259259259259 0.0375 0.03333333333333333
0 0.48723958333333334 0.05416666666666667 0.034895833333333334 0.026851851851851852
0 0.44973958333333336 0.03657407407407407 0.041666666666666664 0.02962962962962963
0 0.4973958333333333 0.024074074074074074 0.017708333333333333 0.020370370370370372
0 0.5151041666666667 0.2675925925925926 0.052083333333333336 0.12962962962962962
0 0.5049479166666667 0.12777777777777777 0.06354166666666666 0.044444444444444446
0 0.5606770833333333 0.07175925925925926 0.028645833333333332 0.03425925925925926
0 0.5536458333333333 0.020370370370370372 0.01875 0.016666666666666666
0 0.5721354166666667 0.2300925925925926 0.04895833333333333 0.1824074074074074
0 0.5841145833333333 0.1587962962962963 0.046875 0.07685185185185185
0 0.6427083333333333 0.1337962962962963 0.07083333333333333 0.17314814814814813
0 0.70234375 0.3162037037037037 0.06302083333333333 0.11944444444444445
0 0.6619791666666667 0.42824074074074076 0.11927083333333334 0.10740740740740741
0 0.8026041666666667 0.30972222222222223 0.08020833333333334 0.09537037037037037
0 0.8020833333333334 0.23657407407407408 0.08229166666666667 0.11018518518518519
0 0.7088541666666667 0.20092592592592592 0.05520833333333333 0.10185185185185185
0 0.8794270833333333 0.3675925925925926 0.04791666666666667 0.10555555555555556
0 0.9669270833333333 0.26481481481481484 0.051041666666666666 0.08611111111111111
0 0.9174479166666667 0.26342592592592595 0.07135416666666666 0.06851851851851852
0 0.9408854166666667 0.32592592592592595 0.04791666666666667 0.11018518518518519
0 0.97421875 0.225 0.049479166666666664 0.04537037037037037
0 0.7182291666666667 0.1337962962962963 0.0515625 0.05555555555555555
0 0.6739583333333333 0.060648148148148145 0.06927083333333334 0.12129629629629629
0 0.6953125 0.04814814814814815 0.03333333333333333 0.05555555555555555
0 0.7575520833333333 0.027314814814814816 0.015104166666666667 0.022222222222222223
0 0.7463541666666667 0.033796296296296297 0.018229166666666668 0.030555555555555555
0 0.7572916666666667 0.08472222222222223 0.04479166666666667 0.06481481481481481
0 0.8020833333333334 0.09074074074074075 0.03177083333333333 0.03611111111111111
0 0.8690104166666667 0.1037037037037037 0.04010416666666667 0.05740740740740741
0 0.8609375 0.025925925925925925 0.04114583333333333 0.024074074074074074
0 0.9778645833333334 0.056018518518518516 0.044270833333333336 0.0824074074074074
0 0.9169270833333333 0.09027777777777778 0.0546875 0.05
0 0.8338541666666667 0.11944444444444445 0.03697916666666667 0.06666666666666667
0 0.5994791666666667 0.7796296296296297 0.16302083333333334 0.26666666666666666
0 0.44921875 0.3921296296296296 0.07083333333333333 0.0824074074074074
0 0.40520833333333334 0.4393518518518518 0.058333333333333334 0.1111111111111111
0 0.9127604166666666 0.5444444444444444 0.09791666666666667 0.10648148148148148
0 0.9677083333333333 0.5314814814814814 0.06458333333333334 0.10555555555555556
0 0.96015625 0.6046296296296296 0.0484375 0.10092592592592593