0 0.45260416666666664 0.7736111111111111 0.11458333333333333 0.14907407407407408
0 0.35130208333333335 0.8486111111111111 0.09791666666666667 0.1675925925925926
0 0.4283854166666667 0.937962962962963 0.1375 0.12407407407407407
0 0.5065104166666666 0.8949074074074074 0.12239583333333333 0.12314814814814815
0 0.5231770833333333 0.3731481481481482 0.08645833333333333 0.10185185185185185
0 0.4700520833333333 0.3282407407407407 0.10677083333333333 0.10185185185185185
0 0.2955729166666667 0.33055555555555555 0.11145833333333334 0.13796296296296295
0 0.3072916666666667 0.22314814814814815 0.0640625 0.08148148148148149
0 0.19635416666666666 0.5074074074074074 0.0921875 0.16944444444444445
0 0.16927083333333334 0.5634259259259259 0.09010416666666667 0.24722222222222223
0 0.11015625 0.5791666666666667 0.06145833333333333 0.22407407407407406
0 0.04375 0.7550925925925925 0.0875 0.26296296296296295
0 0.01015625 0.3384259259259259 0.0203125 0.09074074074074075
0 0.01875 0.2828703703703704 0.0375 0.08796296296296297
0 0.01484375 0.2074074074074074 0.0296875 0.09166666666666666
0 0.01796875 0.14351851851851852 0.0359375 0.0824074074074074
0 0.05182291666666667 0.11990740740740741 0.044270833333333336 0.0824074074074074
0 0.06875 0.10231481481481482 0.04583333333333333 0.08611111111111111
0 0.09166666666666666 0.05787037037037037 0.05677083333333333 0.05462962962962963
0 0.07473958333333333 0.026851851851851852 0.030208333333333334 0.040740740740740744
0 0.10598958333333333 0.09027777777777778 0.04010416666666667 0.040740740740740744
0 0.12473958333333333 0.1087962962962963 0.05364583333333333 0.05555555555555555
0 0.21328125 0.11898148148148148 0.03229166666666667 0.062037037037037036
0 0.17942708333333332 0.11712962962962963 0.051041666666666666 0.06851851851851852
0 0.16666666666666666 0.05648148148148148 0.0390625 0.03611111111111111
0 0.17708333333333334 0.06944444444444445 0.06145833333333333 0.05
0 0.17786458333333333 0.05555555555555555 0.0171875 0.016666666666666666
0 0.14088541666666668 0.049074074074074076 0.0484375 0.05555555555555555
0 0.23567708333333334 0.09074074074074075 0.0453125 0.04537037037037037
0 0.253125 0.06342592592592593 0.03854166666666667 0.06111111111111111
0 0.23776041666666667 0.021296296296296296 0.04375 0.04259259259259259
0 0.26536458333333335 0.03148148148148148 0.0375 0.04537037037037037
0 0.11822916666666666 0.015277777777777777 0.040625 0.030555555555555555
0 0.18619791666666666 0.01574074074074074 0.03958333333333333 0.03148148148148148
0 0.32916666666666666 0.08287037037037037 0.05364583333333333 0.07962962962962963
0 0.5041666666666667 0.12731481481481483 0.0625 0.0824074074074074
0 0.47734375 0.11574074074074074 0.07083333333333333 0.05555555555555555
0 0.4505208333333333 0.10092592592592593 0.0609375 0.053703703703703705
0 0.5078125 0.0712962962962963 0.0671875 0.04722222222222222
0 0.5666666666666667 0.07175925925925926 0.06302083333333333 0.07037037037037037
0 0.3919270833333333 0.06296296296296296 0.044270833333333336 0.044444444444444446
0 0.4114583333333333 0.07777777777777778 0.0421875 0.041666666666666664
0 0.45 0.062037037037037036 0.053125 0.041666666666666664
0 0.7458333333333333 0.08935185185185185 0.0765625 0.09074074074074075
0 0.621875 0.059722222222222225 0.0625 0.10740740740740741
0 0.6526041666666667 0.03287037037037037 0.05416666666666667 0.06574074074074074
0 0.5278645833333333 0.04351851851851852 0.03697916666666667 0.03796296296296296
0 0.5591145833333333 0.03009259259259259 0.05416666666666667 0.058333333333333334
0 0.36666666666666664 0.01990740740740741 0.021875 0.023148148148148147
0 0.39348958333333334 0.025925925925925925 0.04010416666666667 0.03796296296296296
0 0.42291666666666666 0.03981481481481482 0.03802083333333333 0.03981481481481482
0 0.4583333333333333 0.03425925925925926 0.019791666666666666 0.025925925925925925
0 0.44635416666666666 0.015277777777777777 0.0296875 0.028703703703703703
0 0.9682291666666667 0.2712962962962963 0.06354166666666666 0.11018518518518519
0 0.9864583333333333 0.1865740740740741 0.027083333333333334 0.08981481481481482
0 0.9526041666666667 0.16620370370370371 0.06302083333333333 0.09259259259259259
0 0.98046875 0.12638888888888888 0.0390625 0.06574074074074074
0 0.9622395833333334 0.10185185185185185 0.053125 0.06018518518518518
0 0.88359375 0.10138888888888889 0.0609375 0.05925925925925926
0 0.9125 0.0787037037037037 0.04895833333333333 0.07314814814814814
0 0.9372395833333333 0.06342592592592593 0.04479166666666667 0.05
0 0.9770833333333333 0.050462962962962966 0.043229166666666666 0.044444444444444446
0 0.9408854166666667 0.028703703703703703 0.03802083333333333 0.05740740740740741
0 0.9091145833333333 0.025925925925925925 0.042708333333333334 0.05185185185185185
0 0.8328125 0.03564814814814815 0.052083333333333336 0.0712962962962963