0 0.7635416666666667 0.7384259259259259 0.11145833333333334 0.15092592592592594
0 0.8549479166666667 0.774537037037037 0.0671875 0.17222222222222222
0 0.9145833333333333 0.7509259259259259 0.06510416666666667 0.1675925925925926
0 0.6041666666666666 0.5699074074074074 0.084375 0.19722222222222222
0 0.53984375 0.5740740740740741 0.08229166666666667 0.1398148148148148
0 0.48151041666666666 0.7023148148148148 0.07916666666666666 0.17314814814814813
0 0.7005208333333334 0.5407407407407407 0.07239583333333334 0.1527777777777778
0 0.7966145833333333 0.5893518518518519 0.0625 0.15555555555555556
0 0.8138020833333334 0.5 0.07864583333333333 0.11574074074074074
0 0.9364583333333333 0.41203703703703703 0.08229166666666667 0.1398148148148148
0 0.4713541666666667 0.9347222222222222 0.13125 0.13055555555555556
0 0.5916666666666667 0.8833333333333333 0.13541666666666666 0.23333333333333334
0 0.346875 0.8925925925925926 0.07760416666666667 0.1527777777777778
0 0.14453125 0.7273148148148149 0.10052083333333334 0.1685185185185185
0 0.13828125 0.9333333333333333 0.10729166666666666 0.13333333333333333
0 0.22994791666666667 0.600925925925926 0.07604166666666666 0.1935185185185185
0 0.32786458333333335 0.5847222222222223 0.07135416666666666 0.15555555555555556
0 0.39765625 0.5736111111111111 0.09895833333333333 0.11296296296296296
0 0.1484375 0.5601851851851852 0.12135416666666667 0.12777777777777777
0 0.1125 0.4648148148148148 0.06666666666666667 0.07407407407407407
0 0.10416666666666667 0.41435185185185186 0.04635416666666667 0.05277777777777778
0 0.11041666666666666 0.2800925925925926 0.04791666666666667 0.07962962962962963
0 0.11588541666666667 0.21203703703703702 0.04791666666666667 0.06111111111111111
0 0.22005208333333334 0.22453703703703703 0.0390625 0.08518518518518518
0 0.17526041666666667 0.1875 0.03229166666666667 0.05648148148148148
0 0.26901041666666664 0.44583333333333336 0.06666666666666667 0.05925925925925926
0 0.31588541666666664 0.43287037037037035 0.0703125 0.0787037037037037
0 0.3268229166666667 0.35324074074074074 0.027604166666666666 0.037037037037037035
0 0.3260416666666667 0.38425925925925924 0.0359375 0.03981481481481482
0 0.22161458333333334 0.38055555555555554 0.05364583333333333 0.0787037037037037
0 0.24270833333333333 0.31666666666666665 0.044270833333333336 0.06481481481481481
0 0.28229166666666666 0.32314814814814813 0.041666666666666664 0.075
0 0.37395833333333334 0.32731481481481484 0.034375 0.06111111111111111
0 0.40989583333333335 0.3486111111111111 0.05572916666666667 0.06018518518518518
0 0.42942708333333335 0.387037037037037 0.044270833333333336 0.05092592592592592
0 0.39817708333333335 0.40185185185185185 0.0484375 0.053703703703703705
0 0.3815104166666667 0.45092592592592595 0.0375 0.08888888888888889
0 0.4153645833333333 0.47314814814814815 0.04583333333333333 0.10925925925925926
0 0.46015625 0.47453703703703703 0.03854166666666667 0.08518518518518518
0 0.46953125 0.4185185185185185 0.03802083333333333 0.06296296296296296
0 0.459375 0.26990740740740743 0.036458333333333336 0.03796296296296296
0 0.4901041666666667 0.2902777777777778 0.041666666666666664 0.04722222222222222
0 0.46067708333333335 0.30648148148148147 0.050520833333333334 0.03981481481481482
0 0.5088541666666667 0.4023148148148148 0.0546875 0.0787037037037037
0 0.47630208333333335 0.3851851851851852 0.04739583333333333 0.04537037037037037
0 0.38958333333333334 0.29907407407407405 0.0453125 0.040740740740740744
0 0.3875 0.2689814814814815 0.028125 0.026851851851851852
0 0.35833333333333334 0.2740740740740741 0.03958333333333333 0.040740740740740744
0 0.5963541666666666 0.43472222222222223 0.04583333333333333 0.11851851851851852
0 0.634375 0.36712962962962964 0.058333333333333334 0.08611111111111111
0 0.6721354166666667 0.3912037037037037 0.036458333333333336 0.09537037037037037
0 0.7143229166666667 0.4185185185185185 0.0578125 0.1111111111111111
0 0.6796875 0.3125 0.075 0.10648148148148148
0 0.76875 0.35833333333333334 0.06458333333333334 0.08796296296296297
0 0.7546875 0.31574074074074077 0.0453125 0.053703703703703705
0 0.8333333333333334 0.3662037037037037 0.06145833333333333 0.0962962962962963
0 0.8044270833333333 0.32037037037037036 0.03958333333333333 0.05092592592592592
0 0.8221354166666667 0.28194444444444444 0.035416666666666666 0.040740740740740744
0 0.84921875 0.2791666666666667 0.025520833333333333 0.03888888888888889
0 0.86328125 0.33611111111111114 0.052083333333333336 0.0712962962962963
0 0.890625 0.30972222222222223 0.04791666666666667 0.06666666666666667
0 0.9221354166666667 0.30694444444444446 0.03697916666666667 0.05185185185185185
0 0.8760416666666667 0.2537037037037037 0.040625 0.06851851851851852
0 0.7653645833333333 0.1675925925925926 0.04375 0.062037037037037036
0 0.7026041666666667 0.23055555555555557 0.026041666666666668 0.02962962962962963
0 0.7544270833333333 0.275 0.03958333333333333 0.028703703703703703
0 0.8080729166666667 0.23564814814814813 0.036458333333333336 0.025925925925925925
0 0.8395833333333333 0.20787037037037037 0.040625 0.03981481481481482
0 0.5666666666666667 0.23981481481481481 0.0515625 0.05555555555555555
0 0.5541666666666667 0.32407407407407407 0.06927083333333334 0.05740740740740741
0 0.5598958333333334 0.2935185185185185 0.021875 0.016666666666666666
0 0.5453125 0.17916666666666667 0.050520833333333334 0.04722222222222222
0 0.5291666666666667 0.20601851851851852 0.04114583333333333 0.032407407407407406
0 0.490625 0.21805555555555556 0.04583333333333333 0.049074074074074076
0 0.4088541666666667 0.23148148148148148 0.041666666666666664 0.06111111111111111
0 0.45026041666666666 0.20462962962962963 0.016666666666666666 0.025
0 0.490625 0.1787037037037037 0.041666666666666664 0.03796296296296296
0 0.49973958333333335 0.16296296296296298 0.0359375 0.041666666666666664
0 0.52734375 0.14027777777777778 0.033854166666666664 0.025925925925925925
0 0.9627604166666667 0.33101851851851855 0.0421875 0.10277777777777777
0 0.9854166666666667 0.25462962962962965 0.029166666666666667 0.05092592592592592
0 0.9763020833333333 0.22175925925925927 0.04739583333333333 0.03796296296296296
0 0.9455729166666667 0.22361111111111112 0.044270833333333336 0.03518518518518519
0 0.909375 0.2273148148148148 0.03802083333333333 0.05925925925925926
0 0.94296875 0.2652777777777778 0.04635416666666667 0.06759259259259259
0 0.8916666666666667 0.19537037037037036 0.023958333333333335 0.032407407407407406
0 0.9854166666666667 0.17546296296296296 0.029166666666666667 0.0712962962962963
0 0.9846354166666667 0.13425925925925927 0.030729166666666665 0.03518518518518519
0 0.9424479166666667 0.18194444444444444 0.0390625 0.05555555555555555
0 0.7770833333333333 0.25046296296296294 0.027083333333333334 0.022222222222222223
0 0.8067708333333333 0.2162037037037037 0.01875 0.025925925925925925
0 0.8278645833333333 0.1814814814814815 0.03697916666666667 0.04814814814814815
0 0.80703125 0.16064814814814815 0.023958333333333335 0.03148148148148148
0 0.7697916666666667 0.12175925925925926 0.0359375 0.06574074074074074
0 0.640625 0.11481481481481481 0.04479166666666667 0.04259259259259259
0 0.6091145833333333 0.10046296296296296 0.028125 0.03148148148148148
0 0.6192708333333333 0.07361111111111111 0.0359375 0.02962962962962963
0 0.49947916666666664 0.13287037037037036 0.025 0.028703703703703703
0 0.5877604166666667 0.20462962962962963 0.03802083333333333 0.03611111111111111
0 0.6338541666666667 0.2013888888888889 0.046875 0.03425925925925926
0 0.61328125 0.24166666666666667 0.049479166666666664 0.03981481481481482
0 0.58984375 0.2902777777777778 0.03854166666666667 0.024074074074074074
0 0.6705729166666666 0.1736111111111111 0.034895833333333334 0.04814814814814815
0 0.8067708333333333 0.07222222222222222 0.042708333333333334 0.07314814814814814
0 0.83671875 0.23194444444444445 0.027604166666666666 0.03611111111111111
0 0.7552083333333334 0.22268518518518518 0.042708333333333334 0.03888888888888889