0 0.8591145833333333 0.1310185185185185 0.0921875 0.13796296296296295
0 0.9294270833333333 0.06805555555555555 0.03854166666666667 0.0824074074074074
0 0.9739583333333334 0.09027777777777778 0.04114583333333333 0.10833333333333334
0 0.9901041666666667 0.19212962962962962 0.019791666666666666 0.07314814814814814
0 0.9432291666666667 0.02361111111111111 0.0375 0.04722222222222222
0 0.90859375 0.025925925925925925 0.035416666666666666 0.05185185185185185
0 0.6981770833333333 0.13425925925925927 0.071875 0.04351851851851852
0 0.790625 0.2175925925925926 0.05364583333333333 0.062037037037037036
0 0.6205729166666667 0.28564814814814815 0.08177083333333333 0.08425925925925926
0 0.6526041666666667 0.15555555555555556 0.06614583333333333 0.04537037037037037
0 0.6796875 0.1884259259259259 0.052083333333333336 0.041666666666666664
0 0.7315104166666667 0.2 0.050520833333333334 0.049074074074074076
0 0.7200520833333334 0.1685185185185185 0.051041666666666666 0.05092592592592592
0 0.7661458333333333 0.27870370370370373 0.06510416666666667 0.10462962962962963
0 0.6765625 0.2263888888888889 0.06041666666666667 0.05555555555555555
0 0.6299479166666667 0.21805555555555556 0.07708333333333334 0.05648148148148148
0 0.6981770833333333 0.2662037037037037 0.07083333333333333 0.09907407407407408
0 0.5395833333333333 0.2662037037037037 0.09635416666666667 0.09444444444444444
0 0.44296875 0.1476851851851852 0.06041666666666667 0.07222222222222222
0 0.39739583333333334 0.15185185185185185 0.05677083333333333 0.0787037037037037
0 0.4583333333333333 0.05740740740740741 0.06041666666666667 0.05185185185185185
0 0.5216145833333333 0.031018518518518518 0.0515625 0.062037037037037036
0 0.4544270833333333 0.024074074074074074 0.051041666666666666 0.046296296296296294
0 0.41744791666666664 0.04212962962962963 0.05260416666666667 0.046296296296296294
0 0.42161458333333335 0.01990740740740741 0.03177083333333333 0.037037037037037035
0 0.3184895833333333 0.15925925925925927 0.08020833333333334 0.14074074074074075
0 0.37161458333333336 0.09212962962962963 0.06354166666666666 0.06481481481481481
0 0.3533854166666667 0.037037037037037035 0.04010416666666667 0.04537037037037037
0 0.37786458333333334 0.02638888888888889 0.04791666666666667 0.041666666666666664
0 0.3546875 0.015277777777777777 0.034895833333333334 0.030555555555555555
0 0.4388020833333333 0.40925925925925927 0.1015625 0.11203703703703703
0 0.26901041666666664 0.4564814814814815 0.10885416666666667 0.10277777777777777
0 0.3223958333333333 0.5138888888888888 0.12760416666666666 0.12037037037037036
0 0.19296875 0.5527777777777778 0.06822916666666666 0.12129629629629629
0 0.13255208333333332 0.5453703703703704 0.06145833333333333 0.14537037037037037
0 0.16067708333333333 0.49444444444444446 0.025 0.06388888888888888
0 0.8458333333333333 0.5180555555555556 0.10833333333333334 0.07037037037037037
0 0.8703125 0.5680555555555555 0.10208333333333333 0.08796296296296297
0 0.87109375 0.6370370370370371 0.1125 0.10462962962962963
0 0.7419270833333333 0.45694444444444443 0.06145833333333333 0.07685185185185185
0 0.7098958333333333 0.4847222222222222 0.06354166666666666 0.11666666666666667
0 0.6575520833333334 0.4861111111111111 0.06875 0.05925925925925926
0 0.7591145833333334 0.512962962962963 0.059375 0.06574074074074074
0 0.7796875 0.6046296296296296 0.0828125 0.15
0 0.7395833333333334 0.5990740740740741 0.05677083333333333 0.09722222222222222
0 0.6994791666666667 0.5777777777777777 0.04635416666666667 0.09074074074074075
0 0.66328125 0.5388888888888889 0.05520833333333333 0.08425925925925926
0 0.6411458333333333 0.538425925925926 0.034895833333333334 0.049074074074074076
0 0.7184895833333333 0.7361111111111112 0.13697916666666668 0.09907407407407408
0 0.7447916666666666 0.6453703703703704 0.071875 0.0962962962962963
0 0.7502604166666667 0.6925925925925925 0.0734375 0.06666666666666667
0 0.678125 0.637962962962963 0.05260416666666667 0.0824074074074074
0 0.61171875 0.6097222222222223 0.09166666666666666 0.07685185185185185
0 0.6044270833333333 0.5365740740740741 0.06145833333333333 0.07777777777777778
0 0.56875 0.4912037037037037 0.08229166666666667 0.06759259259259259
0 0.5471354166666667 0.5314814814814814 0.04479166666666667 0.062037037037037036
0 0.55546875 0.5699074074074074 0.0796875 0.08611111111111111
0 0.7604166666666666 0.8064814814814815 0.1125 0.07962962962962963
0 0.7703125 0.8689814814814815 0.08229166666666667 0.12037037037037036
0 0.7768229166666667 0.9569444444444445 0.10260416666666666 0.08611111111111111
0 0.6924479166666667 0.8898148148148148 0.08854166666666667 0.14351851851851852
0 0.68046875 0.962037037037037 0.0984375 0.07592592592592592
0 0.6119791666666666 0.8893518518518518 0.09635416666666667 0.10277777777777777
0 0.5765625 0.7148148148148148 0.0703125 0.05092592592592592
0 0.5729166666666666 0.762962962962963 0.07916666666666666 0.07777777777777778
0 0.60234375 0.7875 0.090625 0.13518518518518519
0 0.6575520833333334 0.7032407407407407 0.0984375 0.08333333333333333
0 0.5986979166666667 0.9574074074074074 0.0859375 0.08518518518518518
0 0.40651041666666665 0.8916666666666667 0.08072916666666667 0.09814814814814815
0 0.40963541666666664 0.8157407407407408 0.08645833333333333 0.09722222222222222
0 0.4125 0.7472222222222222 0.0578125 0.10462962962962963
0 0.43776041666666665 0.737037037037037 0.04739583333333333 0.12777777777777777
0 0.4518229166666667 0.7097222222222223 0.06041666666666667 0.1111111111111111
0 0.5 0.7013888888888888 0.08177083333333333 0.06481481481481481
0 0.51953125 0.6472222222222223 0.07239583333333334 0.1
0 0.44921875 0.6125 0.09166666666666666 0.07685185185185185
0 0.48333333333333334 0.625462962962963 0.0671875 0.10185185185185185
0 0.47682291666666665 0.8731481481481481 0.07135416666666666 0.06296296296296296
0 0.41302083333333334 0.9712962962962963 0.058333333333333334 0.05740740740740741
0 0.50625 0.9800925925925926 0.08541666666666667 0.03981481481481482
0 0.50234375 0.937962962962963 0.12291666666666666 0.09166666666666666
0 0.3645833333333333 0.9800925925925926 0.03333333333333333 0.03981481481481482
0 0.3489583333333333 0.9138888888888889 0.07447916666666667 0.09537037037037037
0 0.31588541666666664 0.9532407407407407 0.07447916666666667 0.09351851851851851
0 0.26067708333333334 0.8819444444444444 0.06979166666666667 0.10648148148148148
0 0.19192708333333333 0.8592592592592593 0.08854166666666667 0.1425925925925926
0 0.17708333333333334 0.737037037037037 0.058854166666666666 0.13240740740740742
0 0.240625 0.8018518518518518 0.08333333333333333 0.08148148148148149
0 0.2520833333333333 0.7319444444444444 0.08854166666666667 0.1175925925925926
0 0.32786458333333335 0.7564814814814815 0.0796875 0.10185185185185185
0 0.3302083333333333 0.8375 0.10572916666666667 0.09537037037037037
0 0.37213541666666666 0.6449074074074074 0.07864583333333333 0.08796296296296297
0 0.32317708333333334 0.5986111111111111 0.13385416666666666 0.09444444444444444
0 0.30572916666666666 0.6708333333333333 0.09583333333333334 0.07962962962962963
0 0.09739583333333333 0.9495370370370371 0.10885416666666667 0.10092592592592593
0 0.16796875 0.9259259259259259 0.0703125 0.1398148148148148
0 0.24583333333333332 0.9569444444444445 0.08958333333333333 0.08611111111111111
0 0.08828125 0.7101851851851851 0.0875 0.1361111111111111
0 0.013020833333333334 0.6689814814814815 0.026041666666666668 0.12685185185185185
0 0.028385416666666666 0.6231481481481481 0.05625 0.07685185185185185
0 0.023177083333333334 0.48333333333333334 0.04635416666666667 0.08055555555555556
0 0.05911458333333333 0.5125 0.07083333333333333 0.05555555555555555
0 0.04739583333333333 0.5648148148148148 0.07447916666666667 0.06111111111111111
0 0.5036458333333333 0.836574074074074 0.11354166666666667 0.10277777777777777
0 0.09322916666666667 0.412962962962963 0.07239583333333334 0.05555555555555555
0 0.07526041666666666 0.4550925925925926 0.0609375 0.07222222222222222
0 0.13880208333333333 0.3523148148148148 0.07447916666666667 0.07685185185185185
0 0.18541666666666667 0.22777777777777777 0.053125 0.09166666666666666
0 0.13098958333333333 0.18703703703703703 0.075 0.07407407407407407
0 0.13671875 0.2375 0.0515625 0.07037037037037037
0 0.15208333333333332 0.2833333333333333 0.05364583333333333 0.07222222222222222
0 0.1 0.34675925925925927 0.046875 0.08888888888888889
0 0.08307291666666666 0.060648148148148145 0.043229166666666666 0.062037037037037036
0 0.05625 0.04490740740740741 0.044270833333333336 0.049074074074074076
0 0.07005208333333333 0.09444444444444444 0.04375 0.05092592592592592
0 0.12057291666666667 0.05555555555555555 0.05 0.05462962962962963
0 0.17447916666666666 0.017592592592592594 0.06770833333333333 0.03518518518518519
0 0.16171875 0.05462962962962963 0.0421875 0.022222222222222223
0 0.18828125 0.033796296296296297 0.0234375 0.02962962962962963
0 0.11927083333333334 0.10416666666666667 0.057291666666666664 0.04351851851851852
0 0.08880208333333334 0.17083333333333334 0.0515625 0.06851851851851852
0 0.10260416666666666 0.12916666666666668 0.028125 0.04351851851851852
0 0.13645833333333332 0.1476851851851852 0.05260416666666667 0.04722222222222222
0 0.17421875 0.1412037037037037 0.04583333333333333 0.06388888888888888
0 0.009895833333333333 0.16203703703703703 0.019791666666666666 0.05462962962962963
0 0.05677083333333333 0.18935185185185185 0.046875 0.06296296296296296
0 0.03307291666666667 0.16342592592592592 0.0234375 0.03796296296296296
0 0.03828125 0.21388888888888888 0.057291666666666664 0.05648148148148148
0 0.03697916666666667 0.2740740740740741 0.030208333333333334 0.046296296296296294
0 0.03828125 0.25787037037037036 0.04791666666666667 0.041666666666666664
0 0.09791666666666667 0.28194444444444444 0.044270833333333336 0.06944444444444445
0 0.059375 0.3578703703703704 0.05 0.08796296296296297
0 0.04088541666666667 0.3314814814814815 0.06197916666666667 0.07592592592592592
0 0.01171875 0.26435185185185184 0.021875 0.026851851851851852
0 0.010677083333333334 0.39444444444444443 0.021354166666666667 0.07685185185185185
0 0.21276041666666667 0.1300925925925926 0.042708333333333334 0.06666666666666667
0 0.24739583333333334 0.10138888888888889 0.050520833333333334 0.04814814814814815
0 0.2546875 0.075 0.0375 0.02962962962962963
0 0.27708333333333335 0.05694444444444444 0.0375 0.03518518518518519
0 0.1703125 0.09027777777777778 0.019270833333333334 0.06388888888888888
0 0.20520833333333333 0.06481481481481481 0.041666666666666664 0.037037037037037035
0 0.24947916666666667 0.009259259259259259 0.044270833333333336 0.018518518518518517
0 0.21927083333333333 0.022685185185185187 0.028645833333333332 0.03518518518518519
0 0.24895833333333334 0.025 0.036458333333333336 0.037037037037037035
0 0.2825520833333333 0.01990740740740741 0.026041666666666668 0.024074074074074074
0 0.2953125 0.010648148148148148 0.019791666666666666 0.021296296296296296
0 0.0953125 0.02546296296296296 0.033854166666666664 0.05092592592592592
0 0.12213541666666666 0.02175925925925926 0.03854166666666667 0.04351851851851852
0 0.07526041666666666 0.022685185185185187 0.0296875 0.04537037037037037
0 0.047135416666666666 0.020370370370370372 0.0265625 0.040740740740740744
0 0.48659375 0.5105092592592593 0.09246874999999997 0.07730555555555556
0 0.4715989583333334 0.5660462962962963 0.1094635416666667 0.047981481481481424