0 0.5208333333333334 0.4111111111111111 0.09010416666666667 0.13425925925925927
0 0.5927083333333333 0.44814814814814813 0.0734375 0.12685185185185185
0 0.6453125 0.5032407407407408 0.09010416666666667 0.15185185185185185
0 0.45260416666666664 0.575 0.1 0.15092592592592594
0 0.3424479166666667 0.7773148148148148 0.1078125 0.1259259259259259
0 0.2921875 0.812037037037037 0.07083333333333333 0.11018518518518519
0 0.2682291666666667 0.937962962962963 0.1453125 0.12314814814814815
0 0.3846354166666667 0.8976851851851851 0.09322916666666667 0.16944444444444445
0 0.7502604166666667 0.649074074074074 0.10104166666666667 0.25092592592592594
0 0.8208333333333333 0.5712962962962963 0.0828125 0.18888888888888888
0 0.86328125 0.20879629629629629 0.06145833333333333 0.07685185185185185
0 0.95390625 0.7625 0.0921875 0.23703703703703705
0 0.89296875 0.2273148148148148 0.041666666666666664 0.07314814814814814
0 0.9385416666666667 0.24814814814814815 0.053125 0.10833333333333334
0 0.9708333333333333 0.27314814814814814 0.04479166666666667 0.1037037037037037
0 0.9880208333333333 0.4217592592592593 0.023958333333333335 0.06111111111111111
0 0.95 0.15046296296296297 0.03958333333333333 0.06759259259259259
0 0.9171875 0.1625 0.03177083333333333 0.05925925925925926
0 0.9786458333333333 0.15324074074074073 0.042708333333333334 0.05462962962962963
0 0.8598958333333333 0.09722222222222222 0.053125 0.05925925925925926
0 0.8880208333333334 0.1162037037037037 0.05416666666666667 0.08333333333333333
0 0.8239583333333333 0.025 0.058854166666666666 0.05
0 0.8528645833333334 0.05277777777777778 0.05416666666666667 0.05185185185185185
0 0.9041666666666667 0.062037037037037036 0.0484375 0.04259259259259259
0 0.5174479166666667 0.2273148148148148 0.06822916666666666 0.11944444444444445
0 0.5708333333333333 0.1935185185185185 0.06145833333333333 0.07037037037037037
0 0.52109375 0.13194444444444445 0.06614583333333333 0.07222222222222222
0 0.5114583333333333 0.10092592592592593 0.07239583333333334 0.05185185185185185
0 0.5619791666666667 0.09537037037037037 0.065625 0.05740740740740741
0 0.5822916666666667 0.055092592592592596 0.049479166666666664 0.049074074074074076
0 0.47369791666666666 0.06666666666666667 0.07604166666666666 0.05555555555555555
0 0.2046875 0.16574074074074074 0.0890625 0.053703703703703705
0 0.14192708333333334 0.21157407407407408 0.0609375 0.11296296296296296
0 0.3151041666666667 0.1175925925925926 0.0609375 0.07777777777777778
0 0.2786458333333333 0.08657407407407407 0.0703125 0.058333333333333334
0 0.23619791666666667 0.06527777777777778 0.04739583333333333 0.049074074074074076
0 0.196875 0.10185185185185185 0.0546875 0.08703703703703704
0 0.24036458333333333 0.033796296296296297 0.0234375 0.023148148148148147
0 0.30364583333333334 0.033796296296296297 0.044270833333333336 0.037037037037037035
0 0.33177083333333335 0.03333333333333333 0.030729166666666665 0.03518518518518519
0 0.3734375 0.06620370370370371 0.0609375 0.08148148148148149
0 0.09661458333333334 0.4949074074074074 0.07916666666666666 0.1111111111111111
0 0.03515625 0.48703703703703705 0.0703125 0.08981481481481482
0 0.03958333333333333 0.6574074074074074 0.07916666666666666 0.14166666666666666
0 0.042708333333333334 0.8125 0.08541666666666667 0.10925925925925926
0 0.03177083333333333 0.9337962962962963 0.06354166666666666 0.13055555555555556
0 0.4546875 0.020370370370370372 0.050520833333333334 0.040740740740740744
0 0.3997395833333333 0.018055555555555554 0.05364583333333333 0.03611111111111111
0 0.5455729166666666 0.018055555555555554 0.051041666666666666 0.03611111111111111
0 0.6010416666666667 0.032407407407407406 0.05416666666666667 0.06111111111111111
0 0.05520833333333333 0.2175925925925926 0.04479166666666667 0.040740740740740744
0 0.011458333333333333 0.1486111111111111 0.021354166666666667 0.027777777777777776
0 0.01796875 0.08935185185185185 0.034375 0.03796296296296296
0 0.022135416666666668 0.32175925925925924 0.044270833333333336 0.075
0 0.018229166666666668 0.28564814814814815 0.022395833333333334 0.025925925925925925
0 0.021875 0.26990740740740743 0.01875 0.021296296296296296
0 0.029947916666666668 0.25416666666666665 0.0125 0.017592592592592594
0 0.04296875 0.275 0.014583333333333334 0.022222222222222223
0 0.10546875 0.1300925925925926 0.043229166666666666 0.041666666666666664
0 0.0671875 0.14305555555555555 0.036458333333333336 0.030555555555555555
0 0.08046875 0.17916666666666667 0.04479166666666667 0.05648148148148148
0 0.05 0.03564814814814815 0.03958333333333333 0.05185185185185185
0 0.021875 0.014351851851851852 0.021875 0.028703703703703703
0 0.04114583333333333 0.018055555555555554 0.03958333333333333 0.03611111111111111
0 0.11302083333333333 0.02962962962962963 0.04635416666666667 0.03518518518518519
0 0.13125 0.008796296296296297 0.043229166666666666 0.017592592592592594
0 0.15859375 0.015277777777777777 0.04114583333333333 0.030555555555555555
0 0.13854166666666667 0.05555555555555555 0.03802083333333333 0.03518518518518519