0 0.075 0.75390625 0.15 0.4921875
0 0.35703125 0.596875 0.15 0.271875
0 0.3125 0.33125 0.1296875 0.18125
0 0.3703125 0.45234375 0.1625 0.1234375
0 0.56171875 0.64921875 0.175 0.4828125
0 0.678125 0.62265625 0.1609375 0.4125
0 0.446875 0.34140625 0.06875 0.0875
0 0.50390625 0.36953125 0.1015625 0.2
0 0.6171875 0.32578125 0.0828125 0.165625
0 0.553125 0.2796875 0.0671875 0.09375
0 0.725 0.396875 0.153125 0.171875
0 0.9234375 0.64140625 0.153125 0.2859375
0 0.82421875 0.53515625 0.140625 0.3671875
0 0.9421875 0.3953125 0.115625 0.3140625