0 0.19192708333333333 0.5092592592592593 0.10260416666666666 0.13240740740740742
0 0.48125 0.8652777777777778 0.121875 0.13240740740740742
0 0.665625 0.9078703703703703 0.13333333333333333 0.1814814814814815
0 0.7763020833333333 0.812037037037037 0.10260416666666666 0.15648148148148147
0 0.7703125 0.7106481481481481 0.14010416666666667 0.12037037037037036
0 0.7166666666666667 0.5625 0.13072916666666667 0.16018518518518518
0 0.7015625 0.4652777777777778 0.08229166666666667 0.13425925925925927
0 0.5796875 0.5041666666666667 0.11041666666666666 0.11481481481481481
0 0.57421875 0.42083333333333334 0.07135416666666666 0.09722222222222222
0 0.63671875 0.44027777777777777 0.0734375 0.10833333333333334
0 0.7520833333333333 0.36157407407407405 0.08802083333333334 0.14629629629629629
0 0.7614583333333333 0.3 0.06041666666666667 0.08981481481481482
0 0.81171875 0.2652777777777778 0.07447916666666667 0.0962962962962963
0 0.9411458333333333 0.8467592592592592 0.11770833333333333 0.1824074074074074
0 0.8036458333333333 0.9703703703703703 0.15208333333333332 0.05925925925925926
0 0.953125 0.1837962962962963 0.059375 0.10925925925925926
0 0.9091145833333333 0.2569444444444444 0.08125 0.09537037037037037
0 0.8666666666666667 0.21851851851851853 0.04791666666666667 0.1037037037037037
0 0.8276041666666667 0.17592592592592593 0.04739583333333333 0.12129629629629629
0 0.84921875 0.11342592592592593 0.035416666666666666 0.07685185185185185
0 0.8763020833333334 0.06759259259259259 0.043229166666666666 0.07685185185185185
0 0.8955729166666667 0.10324074074074074 0.0609375 0.0712962962962963
0 0.89375 0.1726851851851852 0.053125 0.06481481481481481
0 0.9354166666666667 0.11574074074074074 0.05 0.046296296296296294
0 0.98125 0.10277777777777777 0.0296875 0.05185185185185185
0 0.9763020833333333 0.07777777777777778 0.027604166666666666 0.03148148148148148
0 0.9802083333333333 0.04861111111111111 0.030208333333333334 0.06018518518518518
0 0.9880208333333333 0.03518518518518519 0.023958333333333335 0.05740740740740741
0 0.93515625 0.03333333333333333 0.0296875 0.03425925925925926
0 0.915625 0.04027777777777778 0.04479166666666667 0.08055555555555556
0 0.884375 0.02361111111111111 0.03177083333333333 0.04722222222222222
0 0.9471354166666667 0.07314814814814814 0.03802083333333333 0.0712962962962963
0 0.68046875 0.02546296296296296 0.050520833333333334 0.05092592592592592
0 0.7083333333333334 0.033796296296296297 0.028125 0.04351851851851852
0 0.6591145833333333 0.08842592592592592 0.04791666666666667 0.049074074074074076
0 0.7049479166666667 0.08981481481481482 0.03229166666666667 0.03981481481481482
0 0.765625 0.07824074074074074 0.04375 0.041666666666666664
0 0.7645833333333333 0.025925925925925925 0.03125 0.03425925925925926
0 0.7947916666666667 0.025 0.049479166666666664 0.05
0 0.7401041666666667 0.04675925925925926 0.041666666666666664 0.049074074074074076
0 0.7270833333333333 0.07685185185185185 0.058854166666666666 0.04814814814814815
0 0.73203125 0.13518518518518519 0.05572916666666667 0.06018518518518518
0 0.6682291666666667 0.14074074074074075 0.07291666666666667 0.053703703703703705
0 0.6861979166666666 0.2050925925925926 0.0625 0.11574074074074074
0 0.8044270833333333 0.08703703703703704 0.033854166666666664 0.03888888888888889
0 0.8138020833333334 0.060648148148148145 0.028125 0.026851851851851852
0 0.6729166666666667 0.32222222222222224 0.06770833333333333 0.10185185185185185
0 0.5986979166666667 0.35462962962962963 0.06510416666666667 0.09537037037037037
0 0.4388020833333333 0.38472222222222224 0.07291666666666667 0.08518518518518518
0 0.4708333333333333 0.3300925925925926 0.07447916666666667 0.05740740740740741
0 0.546875 0.3768518518518518 0.05625 0.10925925925925926
0 0.5169270833333334 0.3731481481481482 0.046875 0.1527777777777778
0 0.590625 0.30648148148148147 0.07239583333333334 0.06018518518518518
0 0.5369791666666667 0.29444444444444445 0.04791666666666667 0.053703703703703705
0 0.5963541666666666 0.27175925925925926 0.06302083333333333 0.05092592592592592
0 0.5528645833333333 0.25416666666666665 0.04479166666666667 0.04722222222222222
0 0.5940104166666667 0.2449074074074074 0.04583333333333333 0.05462962962962963
0 0.6455729166666667 0.24722222222222223 0.051041666666666666 0.09907407407407408
0 0.3958333333333333 0.2722222222222222 0.05677083333333333 0.1259259259259259
0 0.46796875 0.2708333333333333 0.08177083333333333 0.05462962962962963
0 0.4473958333333333 0.24212962962962964 0.034375 0.03148148148148148
0 0.47161458333333334 0.18981481481481483 0.046875 0.0712962962962963
0 0.48359375 0.21203703703703702 0.030208333333333334 0.049074074074074076
0 0.5143229166666666 0.17777777777777778 0.027604166666666666 0.04722222222222222
0 0.5236979166666667 0.2101851851851852 0.06666666666666667 0.04537037037037037
0 0.5171875 0.2439814814814815 0.03697916666666667 0.05092592592592592
0 0.46927083333333336 0.29768518518518516 0.078125 0.05740740740740741
0 0.4713541666666667 0.2564814814814815 0.071875 0.046296296296296294
0 0.5427083333333333 0.1449074074074074 0.04479166666666667 0.044444444444444446
0 0.45260416666666664 0.12916666666666668 0.041666666666666664 0.08981481481481482
0 0.421875 0.13148148148148148 0.0328125 0.09907407407407408
0 0.3921875 0.11990740740740741 0.033854166666666664 0.08703703703703704
0 0.5106770833333333 0.05092592592592592 0.0390625 0.06388888888888888
0 0.47760416666666666 0.04814814814814815 0.0359375 0.06666666666666667
0 0.5341145833333333 0.06851851851851852 0.035416666666666666 0.02962962962962963
0 0.5231770833333333 0.1050925925925926 0.052083333333333336 0.049074074074074076
0 0.6075520833333333 0.1087962962962963 0.04010416666666667 0.03888888888888889
0 0.5690104166666666 0.09166666666666666 0.020833333333333332 0.026851851851851852
0 0.6028645833333334 0.03981481481481482 0.053125 0.053703703703703705
0 0.6111979166666667 0.07546296296296297 0.03802083333333333 0.06666666666666667
0 0.4986979166666667 0.1310185185185185 0.04375 0.05185185185185185
0 0.23463541666666668 0.2449074074074074 0.06666666666666667 0.11388888888888889
0 0.346875 0.15185185185185185 0.0578125 0.06111111111111111
0 0.08177083333333333 0.3060185185185185 0.10572916666666667 0.08333333333333333
0 0.13567708333333334 0.25324074074074077 0.11770833333333333 0.08055555555555556
0 0.10338541666666666 0.056018518518518516 0.0578125 0.10833333333333334
0 0.15598958333333332 0.04351851851851852 0.0484375 0.08703703703703704
0 0.03463541666666667 0.10648148148148148 0.06927083333333334 0.10462962962962963
0 0.01484375 0.15462962962962962 0.0296875 0.1037037037037037