0 0.15 0.6240740740740741 0.10677083333333333 0.12037037037037036
0 0.18151041666666667 0.4930555555555556 0.07552083333333333 0.14907407407407408
0 0.22317708333333333 0.45231481481481484 0.071875 0.15
0 0.24973958333333332 0.36435185185185187 0.07083333333333333 0.1361111111111111
0 0.33645833333333336 0.5148148148148148 0.09947916666666666 0.1037037037037037
0 0.35052083333333334 0.5912037037037037 0.11354166666666667 0.0824074074074074
0 0.24557291666666667 0.6717592592592593 0.1234375 0.10462962962962963
0 0.34270833333333334 0.6509259259259259 0.09010416666666667 0.07037037037037037
0 0.3575520833333333 0.7175925925925926 0.07552083333333333 0.09166666666666666
0 0.3255208333333333 0.7736111111111111 0.0734375 0.08611111111111111
0 0.24166666666666667 0.8041666666666667 0.0859375 0.0962962962962963
0 0.18046875 0.7518518518518519 0.05677083333333333 0.14444444444444443
0 0.19947916666666668 0.8856481481481482 0.0875 0.1537037037037037
0 0.2625 0.9078703703703703 0.06666666666666667 0.1537037037037037
0 0.33203125 0.8435185185185186 0.09947916666666666 0.08888888888888889
0 0.40729166666666666 0.8203703703703704 0.08125 0.10462962962962963
0 0.44088541666666664 0.700925925925926 0.05 0.1
0 0.4713541666666667 0.6486111111111111 0.059895833333333336 0.12962962962962962
0 0.4473958333333333 0.6027777777777777 0.07708333333333334 0.0824074074074074
0 0.4674479166666667 0.5398148148148149 0.07604166666666666 0.0824074074074074
0 0.4432291666666667 0.4115740740740741 0.06770833333333333 0.11666666666666667
0 0.49947916666666664 0.7055555555555556 0.0890625 0.09074074074074075
0 0.4661458333333333 0.7800925925925926 0.10364583333333334 0.04814814814814815
0 0.45390625 0.8759259259259259 0.10625 0.04351851851851852
0 0.4119791666666667 0.9337962962962963 0.10989583333333333 0.10092592592592593
0 0.40520833333333334 0.9777777777777777 0.0875 0.04259259259259259
0 0.4984375 0.9407407407407408 0.0921875 0.09166666666666666
0 0.5088541666666667 0.8300925925925926 0.1046875 0.08888888888888889
0 0.5880208333333333 0.8078703703703703 0.07291666666666667 0.14907407407407408
0 0.5338541666666666 0.9731481481481481 0.08854166666666667 0.053703703703703705
0 0.5963541666666666 0.9648148148148148 0.09479166666666666 0.07037037037037037
0 0.6169270833333333 0.8800925925925925 0.07552083333333333 0.09074074074074075
0 0.6372395833333333 0.9546296296296296 0.08854166666666667 0.07314814814814814
0 0.7 0.8861111111111111 0.0765625 0.15092592592592594
0 0.68125 0.9782407407407407 0.07708333333333334 0.041666666666666664
0 0.6815104166666667 0.7620370370370371 0.042708333333333334 0.15925925925925927
0 0.6596354166666667 0.7986111111111112 0.0421875 0.07037037037037037
0 0.6088541666666667 0.6842592592592592 0.04739583333333333 0.08703703703703704
0 0.5703125 0.6893518518518519 0.06041666666666667 0.09259259259259259
0 0.52265625 0.6564814814814814 0.06354166666666666 0.08148148148148149
0 0.5440104166666667 0.5842592592592593 0.06197916666666667 0.06851851851851852
0 0.6268229166666667 0.6263888888888889 0.07760416666666667 0.04814814814814815
0 0.54375 0.5421296296296296 0.07552083333333333 0.05462962962962963
0 0.5604166666666667 0.4912037037037037 0.07395833333333333 0.06111111111111111
0 0.6109375 0.5282407407407408 0.06875 0.08055555555555556
0 0.62265625 0.5763888888888888 0.042708333333333334 0.044444444444444446
0 0.6677083333333333 0.5643518518518519 0.034375 0.04537037037037037
0 0.65859375 0.5296296296296297 0.021354166666666667 0.05277777777777778
0 0.6927083333333334 0.624537037037037 0.05677083333333333 0.07314814814814814
0 0.6783854166666666 0.6833333333333333 0.09166666666666666 0.06666666666666667
0 0.7393229166666667 0.7180555555555556 0.08489583333333334 0.10740740740740741
0 0.7479166666666667 0.6416666666666667 0.0515625 0.05740740740740741
0 0.8130208333333333 0.6796296296296296 0.07135416666666666 0.10462962962962963
0 0.85859375 0.6259259259259259 0.09739583333333333 0.1
0 0.8140625 0.5925925925925926 0.0921875 0.07685185185185185
0 0.8463541666666666 0.5435185185185185 0.090625 0.07962962962962963
0 0.7598958333333333 0.549537037037037 0.06458333333333334 0.08703703703703704
0 0.69453125 0.49907407407407406 0.04479166666666667 0.10648148148148148
0 0.73984375 0.47962962962962963 0.043229166666666666 0.09907407407407408
0 0.71171875 0.5680555555555555 0.04739583333333333 0.07685185185185185
0 0.78046875 0.8046296296296296 0.1078125 0.0787037037037037
0 0.7752604166666667 0.8791666666666667 0.07760416666666667 0.08611111111111111
0 0.7729166666666667 0.9634259259259259 0.10833333333333334 0.07037037037037037
0 0.5408854166666667 0.41435185185185186 0.10416666666666667 0.10277777777777777
0 0.5325520833333334 0.25972222222222224 0.07291666666666667 0.062037037037037036
0 0.6013020833333333 0.2722222222222222 0.035416666666666666 0.07777777777777778
0 0.57578125 0.2689814814814815 0.03802083333333333 0.08796296296296297
0 0.6502604166666667 0.20601851851851852 0.028645833333333332 0.023148148148148147
0 0.6341145833333334 0.21712962962962962 0.03177083333333333 0.06759259259259259
0 0.6690104166666667 0.25972222222222224 0.06354166666666666 0.06666666666666667
0 0.7471354166666667 0.287962962962963 0.06979166666666667 0.05740740740740741
0 0.6716145833333333 0.21851851851851853 0.0671875 0.053703703703703705
0 0.7135416666666666 0.2449074074074074 0.0421875 0.05092592592592592
0 0.7325520833333333 0.21064814814814814 0.0578125 0.08518518518518518
0 0.7760416666666666 0.16944444444444445 0.0703125 0.05185185185185185
0 0.78671875 0.22175925925925927 0.036458333333333336 0.08611111111111111
0 0.7328125 0.16574074074074074 0.04010416666666667 0.03981481481481482
0 0.6630208333333333 0.15231481481481482 0.07395833333333333 0.017592592592592594
0 0.69375 0.1597222222222222 0.03958333333333333 0.040740740740740744
0 0.6528645833333333 0.17592592592592593 0.05677083333333333 0.03518518518518519
0 0.8325520833333333 0.3597222222222222 0.09166666666666666 0.1037037037037037
0 0.93515625 0.08564814814814815 0.052083333333333336 0.05740740740740741
0 0.9770833333333333 0.09722222222222222 0.025 0.06944444444444445
0 0.9541666666666667 0.16064814814814815 0.04114583333333333 0.08518518518518518
0 0.9908854166666666 0.16898148148148148 0.018229166666666668 0.08703703703703704
0 0.9578125 0.025 0.027083333333333334 0.05
0 0.9346354166666667 0.027314814814814816 0.021354166666666667 0.053703703703703705
0 0.9182291666666667 0.015277777777777777 0.020833333333333332 0.030555555555555555
0 0.8893229166666666 0.017592592592592594 0.04010416666666667 0.03518518518518519
0 0.9903645833333333 0.03194444444444444 0.016666666666666666 0.040740740740740744
0 0.65859375 0.07546296296296297 0.051041666666666666 0.06296296296296296
0 0.5369791666666667 0.022685185185185187 0.04583333333333333 0.03425925925925926
0 0.49270833333333336 0.024537037037037038 0.041666666666666664 0.03796296296296296
0 0.4635416666666667 0.060648148148148145 0.0375 0.026851851851851852
0 0.465625 0.03611111111111111 0.052083333333333336 0.019444444444444445
0 0.44166666666666665 0.1439814814814815 0.04375 0.05092592592592592
0 0.39765625 0.15648148148148147 0.0375 0.08425925925925926
0 0.32708333333333334 0.11805555555555555 0.0421875 0.10833333333333334
0 0.36171875 0.09398148148148149 0.03177083333333333 0.03888888888888889
0 0.3848958333333333 0.08981481481481482 0.030729166666666665 0.046296296296296294
0 0.42630208333333336 0.06157407407407407 0.03958333333333333 0.05648148148148148
0 0.39609375 0.07222222222222222 0.029166666666666667 0.04259259259259259
0 0.41484375 0.03148148148148148 0.051041666666666666 0.010185185185185186
0 0.35234375 0.037037037037037035 0.04739583333333333 0.040740740740740744
0 0.27838541666666666 0.03425925925925926 0.030208333333333334 0.03425925925925926
0 0.2794270833333333 0.011574074074074073 0.030208333333333334 0.016666666666666666
0 0.24635416666666668 0.04953703703703704 0.0421875 0.020370370370370372
0 0.25052083333333336 0.07222222222222222 0.03854166666666667 0.027777777777777776
0 0.23723958333333334 0.09768518518518518 0.04583333333333333 0.028703703703703703
0 0.21510416666666668 0.0787037037037037 0.04791666666666667 0.021296296296296296
0 0.22057291666666667 0.13564814814814816 0.0578125 0.08055555555555556
0 0.17135416666666667 0.1398148148148148 0.049479166666666664 0.053703703703703705
0 0.17239583333333333 0.09351851851851851 0.043229166666666666 0.03888888888888889
0 0.17682291666666666 0.062037037037037036 0.021875 0.025
0 0.20286458333333332 0.027314814814814816 0.0453125 0.01574074074074074
0 0.20833333333333334 0.06018518518518518 0.0421875 0.025925925925925925
0 0.14427083333333332 0.02824074074074074 0.01875 0.019444444444444445
0 0.18489583333333334 0.013425925925925926 0.035416666666666666 0.026851851851851852
0 0.15911458333333334 0.04490740740740741 0.04739583333333333 0.023148148148148147
0 0.1203125 0.053703703703703705 0.04635416666666667 0.016666666666666666
0 0.11666666666666667 0.07314814814814814 0.051041666666666666 0.016666666666666666
0 0.15338541666666666 0.06712962962962964 0.03697916666666667 0.025
0 0.11223958333333334 0.10092592592592593 0.044270833333333336 0.03518518518518519
0 0.1328125 0.11203703703703703 0.035416666666666666 0.03796296296296296
0 0.134375 0.13472222222222222 0.052083333333333336 0.03796296296296296
0 0.09609375 0.12962962962962962 0.0421875 0.04537037037037037
0 0.07630208333333334 0.09166666666666666 0.042708333333333334 0.028703703703703703
0 0.06536458333333334 0.06157407407407407 0.04635416666666667 0.025
0 0.07890625 0.024074074074074074 0.020833333333333332 0.046296296296296294
0 0.0953125 0.02638888888888889 0.0140625 0.05092592592592592
0 0.11041666666666666 0.025 0.013541666666666667 0.05
0 0.12369791666666667 0.023148148148148147 0.0203125 0.046296296296296294
0 0.047135416666666666 0.02546296296296296 0.025520833333333333 0.03333333333333333
0 0.033854166666666664 0.1175925925925926 0.034375 0.05740740740740741
0 0.0234375 0.15185185185185185 0.046875 0.03981481481481482
0 0.0125 0.19583333333333333 0.025 0.05648148148148148
0 0.06276041666666667 0.1587962962962963 0.028125 0.04537037037037037
0 0.0875 0.18981481481481483 0.042708333333333334 0.062037037037037036
0 0.12161458333333333 0.18472222222222223 0.044270833333333336 0.07685185185185185
0 0.04921875 0.1986111111111111 0.03854166666666667 0.06574074074074074
0 0.019270833333333334 0.24259259259259258 0.03854166666666667 0.037037037037037035
0 0.09817708333333333 0.25 0.040625 0.06111111111111111
0 0.13307291666666668 0.24537037037037038 0.046875 0.06944444444444445
0 0.175 0.24768518518518517 0.0703125 0.058333333333333334
0 0.059895833333333336 0.28379629629629627 0.04583333333333333 0.025
0 0.016927083333333332 0.287962962962963 0.033854166666666664 0.030555555555555555
0 0.0140625 0.33194444444444443 0.028125 0.049074074074074076
0 0.03828125 0.3296296296296296 0.05416666666666667 0.07222222222222222
0 0.0859375 0.3050925925925926 0.023958333333333335 0.037037037037037035
0 0.11484375 0.3212962962962963 0.0609375 0.05925925925925926
0 0.13645833333333332 0.375 0.07447916666666667 0.06666666666666667
0 0.05703125 0.36435185185185187 0.0671875 0.06759259259259259
0 0.0296875 0.4203703703703704 0.059375 0.07222222222222222
0 0.06614583333333333 0.44212962962962965 0.07447916666666667 0.046296296296296294
0 0.06770833333333333 0.4685185185185185 0.07916666666666666 0.04351851851851852
0 0.11692708333333333 0.46296296296296297 0.04583333333333333 0.08796296296296297
0 0.05755208333333333 0.500462962962963 0.07864583333333333 0.06851851851851852
0 0.07161458333333333 0.500462962962963 0.075 0.12037037037037036
0 0.02109375 0.5421296296296296 0.0265625 0.08333333333333333
0 0.023958333333333335 0.6319444444444444 0.04791666666666667 0.12314814814814815
0 0.08541666666666667 0.7097222222222223 0.090625 0.14814814814814814
0 0.03697916666666667 0.8083333333333333 0.07395833333333333 0.22407407407407406
0 0.021354166666666667 0.9569444444444445 0.042708333333333334 0.0824074074074074
0 0.10755208333333334 0.9745370370370371 0.11041666666666666 0.049074074074074076
0 0.29270833333333335 0.3050925925925926 0.0953125 0.1425925925925926