0 0.34010416666666665 0.8587962962962963 0.10260416666666666 0.2
0 0.4466145833333333 0.788425925925926 0.09895833333333333 0.18703703703703703
0 0.5239583333333333 0.7166666666666667 0.12447916666666667 0.21296296296296297
0 0.6950520833333333 0.774074074074074 0.12552083333333333 0.2111111111111111
0 0.49375 0.8777777777777778 0.1796875 0.15925925925925927
0 0.4513020833333333 0.9430555555555555 0.1578125 0.11388888888888889
0 0.1890625 0.6111111111111112 0.10677083333333333 0.18055555555555555
0 0.011979166666666667 0.6805555555555556 0.023958333333333335 0.0712962962962963
0 0.06484375 0.7458333333333333 0.10677083333333333 0.1361111111111111
0 0.07395833333333333 0.8689814814814815 0.12760416666666666 0.15925925925925927
0 0.05078125 0.9574074074074074 0.1015625 0.08518518518518518
0 0.1890625 0.4300925925925926 0.11145833333333334 0.1814814814814815
0 0.29244791666666664 0.34074074074074073 0.115625 0.11944444444444445
0 0.32109375 0.2375 0.06979166666666667 0.12777777777777777
0 0.27317708333333335 0.23287037037037037 0.05520833333333333 0.07962962962962963
0 0.2203125 0.2986111111111111 0.075 0.15092592592592594
0 0.43072916666666666 0.19490740740740742 0.08385416666666666 0.08796296296296297
0 0.7252604166666666 0.2310185185185185 0.09375 0.11203703703703703
0 0.8388020833333333 0.4689814814814815 0.08958333333333333 0.20555555555555555
0 0.5174479166666667 0.12268518518518519 0.07239583333333334 0.09722222222222222
0 0.46927083333333336 0.1111111111111111 0.06458333333333334 0.07592592592592592
0 0.625 0.06898148148148148 0.06145833333333333 0.07314814814814814
0 0.7549479166666667 0.0763888888888889 0.06979166666666667 0.07314814814814814
0 0.56953125 0.03333333333333333 0.0546875 0.06666666666666667
0 0.8075520833333333 0.03564814814814815 0.06979166666666667 0.0712962962962963
0 0.9692708333333333 0.2800925925925926 0.06145833333333333 0.11018518518518519
0 0.9830729166666666 0.2023148148148148 0.033854166666666664 0.10092592592592593
0 0.9479166666666666 0.16527777777777777 0.04739583333333333 0.09259259259259259
0 0.9315104166666667 0.11064814814814815 0.057291666666666664 0.062037037037037036
0 0.9033854166666667 0.08287037037037037 0.03697916666666667 0.05185185185185185
0 0.94375 0.026851851851851852 0.040625 0.053703703703703705
0 0.9158854166666667 0.02546296296296296 0.043229166666666666 0.05092592592592592
0 0.9541666666666667 0.07962962962962963 0.040625 0.05185185185185185
0 0.98046875 0.07731481481481481 0.0390625 0.06851851851851852
0 0.9778645833333334 0.13055555555555556 0.042708333333333334 0.06111111111111111
0 0.9921875 0.7685185185185185 0.015625 0.16296296296296298
0 0.08854166666666667 0.1625 0.058854166666666666 0.10092592592592593
0 0.1296875 0.1287037037037037 0.04791666666666667 0.06759259259259259
0 0.17213541666666668 0.12037037037037036 0.05520833333333333 0.06111111111111111
0 0.20885416666666667 0.11481481481481481 0.027604166666666666 0.06018518518518518
0 0.15208333333333332 0.07222222222222222 0.03802083333333333 0.049074074074074076
0 0.18854166666666666 0.0625 0.059375 0.04537037037037037
0 0.18541666666666667 0.08703703703703704 0.03854166666666667 0.02962962962962963
0 0.22994791666666667 0.08657407407407407 0.05364583333333333 0.05740740740740741
0 0.25807291666666665 0.04490740740740741 0.05520833333333333 0.07592592592592592
0 0.21197916666666666 0.02638888888888889 0.04635416666666667 0.05277777777777778
0 0.17005208333333333 0.02638888888888889 0.04635416666666667 0.05277777777777778
0 0.07421875 0.08287037037037037 0.0578125 0.05185185185185185
0 0.0671875 0.050462962962962966 0.04791666666666667 0.03796296296296296
0 0.09427083333333333 0.028703703703703703 0.03177083333333333 0.05740740740740741
0 0.12213541666666666 0.02638888888888889 0.0265625 0.05277777777777778
0 0.04609375 0.14583333333333334 0.06458333333333334 0.06481481481481481
0 0.038802083333333334 0.10601851851851851 0.03958333333333333 0.040740740740740744
0 0.014322916666666666 0.13194444444444445 0.028645833333333332 0.06574074074074074
0 0.009895833333333333 0.20277777777777778 0.019791666666666666 0.09166666666666666
0 0.015625 0.2972222222222222 0.03125 0.08703703703703704
0 0.009114583333333334 0.37962962962962965 0.018229166666666668 0.09074074074074075
0 0.33125 0.12361111111111112 0.06197916666666667 0.11666666666666667
0 0.33828125 0.05 0.049479166666666664 0.06759259259259259
0 0.37552083333333336 0.05694444444444444 0.05625 0.11388888888888889
0 0.4546875 0.05185185185185185 0.04895833333333333 0.07777777777777778
0 0.4609375 0.06296296296296296 0.1171875 0.049074074074074076