0 0.309375 0.8912037037037037 0.16770833333333332 0.2175925925925926
0 0.3809895833333333 0.5731481481481482 0.1546875 0.1648148148148148
0 0.25078125 0.5462962962962963 0.08177083333333333 0.13240740740740742
0 0.5942708333333333 0.5518518518518518 0.103125 0.22407407407407406
0 0.628125 0.44351851851851853 0.10833333333333334 0.13425925925925927
0 0.7083333333333334 0.32546296296296295 0.08333333333333333 0.10833333333333334
0 0.8067708333333333 0.33194444444444443 0.1 0.10462962962962963
0 0.8080729166666667 0.25324074074074077 0.0921875 0.07407407407407407
0 0.8888020833333333 0.4097222222222222 0.05572916666666667 0.1712962962962963
0 0.8638020833333333 0.6143518518518518 0.10416666666666667 0.1787037037037037
0 0.9635416666666666 0.6375 0.07291666666666667 0.19722222222222222
0 0.9588541666666667 0.538425925925926 0.06510416666666667 0.12037037037037036
0 0.86796875 0.924537037037037 0.09739583333333333 0.15092592592592594
0 0.9447916666666667 0.33240740740740743 0.07708333333333334 0.15
0 0.9354166666666667 0.24768518518518517 0.0703125 0.08796296296296297
0 0.9747395833333333 0.24027777777777778 0.050520833333333334 0.09907407407407408
0 0.7057291666666666 0.20462962962962963 0.0921875 0.12222222222222222
0 0.32395833333333335 0.287962962962963 0.06302083333333333 0.09074074074074075
0 0.36640625 0.3023148148148148 0.06822916666666666 0.09907407407407408
0 0.5377604166666666 0.3101851851851852 0.09322916666666667 0.15185185185185185
0 0.58515625 0.1787037037037037 0.06875 0.11574074074074074
0 0.6372395833333333 0.15092592592592594 0.051041666666666666 0.07777777777777778
0 0.6669270833333333 0.08148148148148149 0.065625 0.10740740740740741
0 0.721875 0.13564814814814816 0.04479166666666667 0.07592592592592592
0 0.7911458333333333 0.10972222222222222 0.04010416666666667 0.07037037037037037
0 0.12708333333333333 0.25925925925925924 0.07447916666666667 0.09537037037037037
0 0.06145833333333333 0.26342592592592595 0.06354166666666666 0.09537037037037037
0 0.22057291666666667 0.21712962962962962 0.06302083333333333 0.08611111111111111
0 0.2578125 0.16111111111111112 0.059375 0.05092592592592592
0 0.3260416666666667 0.16898148148148148 0.059375 0.06574074074074074
0 0.32526041666666666 0.1337962962962963 0.0375 0.03333333333333333
0 0.3125 0.10555555555555556 0.04375 0.03611111111111111
0 0.3255208333333333 0.09027777777777778 0.046875 0.03981481481481482
0 0.2911458333333333 0.09027777777777778 0.0296875 0.03425925925925926
0 0.2598958333333333 0.09074074074074075 0.0515625 0.040740740740740744
0 0.24192708333333332 0.04675925925925926 0.0546875 0.062037037037037036
0 0.09401041666666667 0.19027777777777777 0.07239583333333334 0.06666666666666667
0 0.03854166666666667 0.040740740740740744 0.053125 0.08148148148148149
0 0.41640625 0.2412037037037037 0.0609375 0.10092592592592593
0 0.4546875 0.1486111111111111 0.0515625 0.05648148148148148
0 0.5041666666666667 0.12222222222222222 0.04895833333333333 0.05462962962962963
0 0.4869791666666667 0.18009259259259258 0.04895833333333333 0.062037037037037036
0 0.5484375 0.026851851851851852 0.0203125 0.026851851851851852
0 0.34453125 0.046296296296296294 0.04583333333333333 0.0712962962962963
0 0.38567708333333334 0.014351851851851852 0.04114583333333333 0.028703703703703703
0 0.4270833333333333 0.013888888888888888 0.023958333333333335 0.023148148148148147
0 0.40234375 0.07175925925925926 0.06510416666666667 0.040740740740740744
0 0.38723958333333336 0.12453703703703704 0.059895833333333336 0.05
0 0.7559895833333333 0.0912037037037037 0.04791666666666667 0.07222222222222222
0 0.7205729166666667 0.041666666666666664 0.033854166666666664 0.032407407407407406
0 0.7205729166666667 0.07592592592592592 0.040625 0.06759259259259259
0 0.9138020833333333 0.05462962962962963 0.046875 0.05092592592592592
0 0.91015625 0.08657407407407407 0.05416666666666667 0.05740740740740741
0 0.8669270833333333 0.10694444444444444 0.051041666666666666 0.06296296296296296
0 0.83203125 0.13055555555555556 0.046875 0.06574074074074074
0 0.9802083333333333 0.06111111111111111 0.03958333333333333 0.07592592592592592
0 0.7916666666666666 0.05462962962962963 0.028645833333333332 0.03148148148148148
0 0.8119791666666667 0.0625 0.025 0.040740740740740744
0 0.8419270833333333 0.038425925925925926 0.020833333333333332 0.02962962962962963
0 0.8674479166666667 0.04259259259259259 0.022395833333333334 0.030555555555555555
0 0.8296875 0.047685185185185185 0.0234375 0.028703703703703703
0 0.7481770833333333 0.025 0.024479166666666666 0.03518518518518519
0 0.67421875 0.02361111111111111 0.025520833333333333 0.028703703703703703
0 0.6606770833333333 0.02824074074074074 0.022916666666666665 0.041666666666666664
0 0.5221354166666666 0.049074074074074076 0.027083333333333334 0.026851851851851852
0 0.4828125 0.04212962962962963 0.0296875 0.021296296296296296
0 0.4505208333333333 0.03287037037037037 0.0375 0.02962962962962963
0 0.45859375 0.0587962962962963 0.052083333333333336 0.03333333333333333
0 0.46380208333333334 0.10046296296296296 0.052083333333333336 0.058333333333333334
0 0.6018229166666667 0.1050925925925926 0.020833333333333332 0.04722222222222222
0 0.6286458333333333 0.07175925925925926 0.03229166666666667 0.07685185185185185
0 0.5143229166666666 0.0763888888888889 0.023958333333333335 0.03148148148148148
0 0.496875 0.020833333333333332 0.020833333333333332 0.028703703703703703
0 0.5799479166666667 0.03888888888888889 0.021354166666666667 0.021296296296296296
0 0.43578125 0.37366666666666665 0.08416666666666663 0.09157407407407406
0 0.39737500000000003 0.4411203703703704 0.08830729166666665 0.09566666666666672
0 0.48430208333333336 0.2767777777777778 0.05886979166666665 0.1022037037037037