0 0.0375 0.9023148148148148 0.06770833333333333 0.1425925925925926
0 0.01875 0.9495370370370371 0.0375 0.09907407407407408
0 0.09375 0.8449074074074074 0.06666666666666667 0.12129629629629629
0 0.11119791666666666 0.9689814814814814 0.11302083333333333 0.062037037037037036
0 0.16276041666666666 0.8777777777777778 0.049479166666666664 0.15555555555555556
0 0.23671875 0.9282407407407407 0.096875 0.14166666666666666
0 0.26640625 0.8736111111111111 0.0859375 0.14074074074074075
0 0.2109375 0.7944444444444444 0.09583333333333334 0.1
0 0.26276041666666666 0.7708333333333334 0.07135416666666666 0.09444444444444444
0 0.32395833333333335 0.7958333333333333 0.0796875 0.075
0 0.3690104166666667 0.8347222222222223 0.0921875 0.07962962962962963
0 0.36041666666666666 0.9157407407407407 0.09635416666666667 0.10555555555555556
0 0.40234375 0.9583333333333334 0.10260416666666666 0.07777777777777778
0 0.34401041666666665 0.7097222222222223 0.09583333333333334 0.07962962962962963
0 0.37838541666666664 0.6370370370370371 0.06875 0.08055555555555556
0 0.3302083333333333 0.6259259259259259 0.0625 0.09259259259259259
0 0.37526041666666665 0.5550925925925926 0.08333333333333333 0.1
0 0.44583333333333336 0.5939814814814814 0.06614583333333333 0.0824074074074074
0 0.4348958333333333 0.6893518518518519 0.0765625 0.0962962962962963
0 0.41432291666666665 0.7680555555555556 0.09895833333333333 0.075
0 0.4544270833333333 0.8046296296296296 0.084375 0.13333333333333333
0 0.48046875 0.8837962962962963 0.08020833333333334 0.13518518518518519
0 0.50625 0.9777777777777777 0.13541666666666666 0.044444444444444446
0 0.58984375 0.9513888888888888 0.121875 0.06574074074074074
0 0.5890625 0.8217592592592593 0.08125 0.16296296296296298
0 0.6494791666666667 0.8578703703703704 0.058854166666666666 0.10740740740740741
0 0.62890625 0.9921296296296296 0.06145833333333333 0.01574074074074074
0 0.6778645833333333 0.9537037037037037 0.06770833333333333 0.09259259259259259
0 0.6796875 0.8185185185185185 0.08697916666666666 0.11574074074074074
0 0.6614583333333334 0.7662037037037037 0.07083333333333333 0.06944444444444445
0 0.6302083333333334 0.7245370370370371 0.0671875 0.1
0 0.5552083333333333 0.7125 0.07604166666666666 0.08333333333333333
0 0.4903645833333333 0.7467592592592592 0.1109375 0.12777777777777777
0 0.5075520833333333 0.6537037037037037 0.0515625 0.09444444444444444
0 0.5614583333333333 0.6513888888888889 0.05625 0.1037037037037037
0 0.6216145833333333 0.6486111111111111 0.049479166666666664 0.12962962962962962
0 0.5619791666666667 0.5412037037037037 0.10416666666666667 0.08055555555555556
0 0.6072916666666667 0.5810185185185185 0.06510416666666667 0.06296296296296296
0 0.6705729166666666 0.5916666666666667 0.0765625 0.09259259259259259
0 0.6927083333333334 0.6944444444444444 0.06822916666666666 0.08981481481481482
0 0.7203125 0.7699074074074074 0.07552083333333333 0.18981481481481483
0 0.6 0.4546296296296296 0.053125 0.1259259259259259
0 0.6596354166666667 0.44537037037037036 0.06822916666666666 0.08055555555555556
0 0.6713541666666667 0.5217592592592593 0.10260416666666666 0.08981481481481482
0 0.7213541666666666 0.47824074074074074 0.07083333333333333 0.075
0 0.7416666666666667 0.5560185185185185 0.044270833333333336 0.05740740740740741
0 0.7307291666666667 0.5935185185185186 0.028125 0.09351851851851851
0 0.76953125 0.6398148148148148 0.0484375 0.16944444444444445
0 0.8169270833333333 0.5884259259259259 0.08802083333333334 0.07592592592592592
0 0.8244791666666667 0.6699074074074074 0.0984375 0.09166666666666666
0 0.8463541666666666 0.5203703703703704 0.09270833333333334 0.0824074074074074
0 0.884375 0.8560185185185185 0.09114583333333333 0.17592592592592593
0 0.7768229166666667 0.95 0.0953125 0.1
0 0.5106770833333333 0.4148148148148148 0.09635416666666667 0.10092592592592593
0 0.4356770833333333 0.412962962962963 0.07083333333333333 0.09722222222222222
0 0.5 0.3527777777777778 0.07864583333333333 0.03611111111111111
0 0.5505208333333333 0.2898148148148148 0.0671875 0.1
0 0.5330729166666667 0.23425925925925925 0.09895833333333333 0.06851851851851852
0 0.6940104166666666 0.2574074074074074 0.051041666666666666 0.09259259259259259
0 0.7541666666666667 0.2865740740740741 0.06041666666666667 0.07685185185185185
0 0.7630208333333334 0.2263888888888889 0.06145833333333333 0.041666666666666664
0 0.71640625 0.19444444444444445 0.059375 0.06296296296296296
0 0.66171875 0.1726851851851852 0.049479166666666664 0.04259259259259259
0 0.6510416666666666 0.21851851851851853 0.05677083333333333 0.05740740740740741
0 0.68046875 0.12361111111111112 0.052083333333333336 0.05740740740740741
0 0.74375 0.16157407407407406 0.05677083333333333 0.05185185185185185
0 0.30442708333333335 0.449537037037037 0.09010416666666667 0.0962962962962963
0 0.21927083333333333 0.5356481481481481 0.11614583333333334 0.1111111111111111
0 0.20338541666666668 0.43703703703703706 0.10833333333333334 0.06481481481481481
0 0.2125 0.37453703703703706 0.05677083333333333 0.0712962962962963
0 0.28515625 0.28194444444444444 0.06822916666666666 0.1398148148148148
0 0.31015625 0.16203703703703703 0.0546875 0.1259259259259259
0 0.15 0.5564814814814815 0.051041666666666666 0.14814814814814814
0 0.08645833333333333 0.41759259259259257 0.04375 0.06574074074074074
0 0.07369791666666667 0.37592592592592594 0.04895833333333333 0.05740740740740741
0 0.03229166666666667 0.4393518518518518 0.06458333333333334 0.05185185185185185
0 0.01328125 0.487962962962963 0.0265625 0.04259259259259259
0 0.043229166666666666 0.48148148148148145 0.030208333333333334 0.03425925925925926
0 0.06640625 0.5180555555555556 0.0421875 0.08796296296296297
0 0.09505208333333333 0.47685185185185186 0.04375 0.04351851851851852
0 0.017447916666666667 0.600925925925926 0.034895833333333334 0.09351851851851851
0 0.021875 0.5300925925925926 0.04375 0.06481481481481481
0 0.01640625 0.6819444444444445 0.0328125 0.053703703703703705
0 0.040364583333333336 0.7555555555555555 0.08072916666666667 0.21203703703703702
0 0.11953125 0.3490740740740741 0.04010416666666667 0.04814814814814815
0 0.16536458333333334 0.2439814814814815 0.0625 0.08333333333333333
0 0.12473958333333333 0.25 0.03697916666666667 0.09074074074074075
0 0.08697916666666666 0.2847222222222222 0.03958333333333333 0.04351851851851852
0 0.05703125 0.29768518518518516 0.025 0.03518518518518519
0 0.020052083333333335 0.3125 0.04010416666666667 0.04814814814814815
0 0.039322916666666666 0.2657407407407407 0.022395833333333334 0.03333333333333333
0 0.011979166666666667 0.26666666666666666 0.019270833333333334 0.028703703703703703
0 0.08229166666666667 0.22361111111111112 0.0484375 0.06574074074074074
0 0.0625 0.34074074074074073 0.05572916666666667 0.05555555555555555
0 0.014583333333333334 0.375 0.029166666666666667 0.07407407407407407
0 0.01796875 0.2412037037037037 0.0359375 0.05277777777777778
0 0.03333333333333333 0.21481481481481482 0.059895833333333336 0.04814814814814815
0 0.08541666666666667 0.18333333333333332 0.04479166666666667 0.03518518518518519
0 0.07213541666666666 0.1537037037037037 0.0359375 0.04722222222222222
0 0.046875 0.13564814814814816 0.0375 0.05925925925925926
0 0.01796875 0.1638888888888889 0.0359375 0.041666666666666664
0 0.04114583333333333 0.1037037037037037 0.033854166666666664 0.05092592592592592
0 0.078125 0.10601851851851851 0.04739583333333333 0.03148148148148148
0 0.0703125 0.06944444444444445 0.0453125 0.028703703703703703
0 0.04895833333333333 0.025 0.018229166666666668 0.05
0 0.06927083333333334 0.024537037037037038 0.024479166666666666 0.049074074074074076
0 0.09140625 0.02638888888888889 0.028645833333333332 0.05277777777777778
0 0.14114583333333333 0.022222222222222223 0.0375 0.044444444444444446
0 0.11328125 0.05740740740740741 0.035416666666666666 0.03333333333333333
0 0.13020833333333334 0.05694444444444444 0.03177083333333333 0.017592592592592594
0 0.13411458333333334 0.0712962962962963 0.033854166666666664 0.046296296296296294
0 0.15338541666666666 0.09212962962962963 0.04114583333333333 0.07592592592592592
0 0.18359375 0.04722222222222222 0.027604166666666666 0.06574074074074074
0 0.17421875 0.13240740740740742 0.06770833333333333 0.06574074074074074
0 0.16119791666666666 0.1648148148148148 0.05572916666666667 0.07222222222222222
0 0.22447916666666667 0.07592592592592592 0.05364583333333333 0.04814814814814815
0 0.24088541666666666 0.044444444444444446 0.03333333333333333 0.04814814814814815
0 0.27265625 0.03518518518518519 0.026041666666666668 0.03333333333333333
0 0.28203125 0.058333333333333334 0.03333333333333333 0.05925925925925926
0 0.2565104166666667 0.016666666666666666 0.013020833333333334 0.021296296296296296
0 0.2390625 0.012962962962962963 0.0140625 0.025925925925925925
0 0.21770833333333334 0.008796296296296297 0.04375 0.017592592592592594
0 0.215625 0.03796296296296296 0.023958333333333335 0.03333333333333333
0 0.2752604166666667 0.010185185185185186 0.034895833333333334 0.020370370370370372
0 0.30494791666666665 0.014814814814814815 0.03802083333333333 0.02962962962962963
0 0.35520833333333335 0.02361111111111111 0.035416666666666666 0.04722222222222222
0 0.3416666666666667 0.050462962962962966 0.03229166666666667 0.03888888888888889
0 0.39375 0.027314814814814816 0.033854166666666664 0.02962962962962963
0 0.37057291666666664 0.06342592592592593 0.029166666666666667 0.028703703703703703
0 0.38255208333333335 0.0875 0.050520833333333334 0.04259259259259259
0 0.3421875 0.13287037037037036 0.04375 0.1037037037037037
0 0.3921875 0.13842592592592592 0.058333333333333334 0.07314814814814814
0 0.43671875 0.1398148148148148 0.05 0.06481481481481481
0 0.44114583333333335 0.07407407407407407 0.05260416666666667 0.03981481481481482
0 0.409375 0.06620370370370371 0.034895833333333334 0.0712962962962963
0 0.43697916666666664 0.021296296296296296 0.04895833333333333 0.024074074074074074
0 0.4393229166666667 0.040740740740740744 0.06145833333333333 0.024074074074074074
0 0.51171875 0.03657407407407407 0.046875 0.06574074074074074
0 0.5299479166666666 0.018055555555555554 0.049479166666666664 0.03518518518518519
0 0.6502604166666667 0.027777777777777776 0.04791666666666667 0.05092592592592592
0 0.6736979166666667 0.0412037037037037 0.0421875 0.07314814814814814
0 0.8549479166666667 0.014814814814814815 0.036458333333333336 0.028703703703703703
0 0.9059895833333333 0.016666666666666666 0.026041666666666668 0.03333333333333333
0 0.93984375 0.021296296296296296 0.034895833333333334 0.04259259259259259
0 0.9651041666666667 0.020833333333333332 0.03229166666666667 0.037037037037037035
0 0.98984375 0.030555555555555555 0.019270833333333334 0.037037037037037035
0 0.9526041666666667 0.05462962962962963 0.0484375 0.044444444444444446
0 0.965625 0.0763888888888889 0.051041666666666666 0.04814814814814815
0 0.9776041666666667 0.09861111111111111 0.04010416666666667 0.062037037037037036
0 0.9875 0.11388888888888889 0.023958333333333335 0.06388888888888888
0 0.9895833333333334 0.1587962962962963 0.020833333333333332 0.03888888888888889
0 0.9934895833333334 0.1787037037037037 0.013020833333333334 0.03148148148148148
0 0.99609375 0.20833333333333334 0.0078125 0.044444444444444446
0 0.9809895833333333 0.3486111111111111 0.03802083333333333 0.0824074074074074