0 0.7671875 0.09444444444444444 0.050520833333333334 0.07777777777777778
0 0.8901041666666667 0.1310185185185185 0.0609375 0.09537037037037037
0 0.8947916666666667 0.03425925925925926 0.0515625 0.053703703703703705
0 0.9268229166666667 0.01712962962962963 0.03958333333333333 0.03425925925925926
0 0.96484375 0.041666666666666664 0.0296875 0.06666666666666667
0 0.90546875 0.06666666666666667 0.04583333333333333 0.040740740740740744
0 0.934375 0.09166666666666666 0.05677083333333333 0.053703703703703705
0 0.9760416666666667 0.11805555555555555 0.04791666666666667 0.058333333333333334
0 0.9703125 0.18333333333333332 0.057291666666666664 0.08703703703703704
0 0.6799479166666667 0.037037037037037035 0.04635416666666667 0.062037037037037036
0 0.75703125 0.1824074074074074 0.052083333333333336 0.07685185185185185
0 0.72265625 0.25462962962962965 0.05572916666666667 0.05277777777777778
0 0.6505208333333333 0.2875 0.0640625 0.05092592592592592
0 0.5505208333333333 0.2518518518518518 0.08177083333333333 0.07222222222222222
0 0.56328125 0.1675925925925926 0.06302083333333333 0.08981481481481482
0 0.61328125 0.13935185185185187 0.021875 0.021296296296296296
0 0.69375 0.14166666666666666 0.06875 0.05092592592592592
0 0.6815104166666667 0.18472222222222223 0.058854166666666666 0.049074074074074076
0 0.6190104166666667 0.17083333333333334 0.04583333333333333 0.046296296296296294
0 0.6236979166666666 0.21203703703703702 0.040625 0.03518518518518519
0 0.67109375 0.2162037037037037 0.034895833333333334 0.025
0 0.65703125 0.2523148148148148 0.07916666666666666 0.037037037037037035
0 0.4395833333333333 0.14166666666666666 0.058333333333333334 0.07314814814814814
0 0.3919270833333333 0.15601851851851853 0.0546875 0.08796296296296297
0 0.37161458333333336 0.09768518518518518 0.05520833333333333 0.06111111111111111
0 0.43802083333333336 0.0712962962962963 0.04635416666666667 0.06111111111111111
0 0.35911458333333335 0.03888888888888889 0.052083333333333336 0.058333333333333334
0 0.321875 0.08333333333333333 0.03958333333333333 0.06851851851851852
0 0.35390625 0.012962962962962963 0.016666666666666666 0.023148148148148147
0 0.5328125 0.038425925925925926 0.04375 0.06018518518518518
0 0.4791666666666667 0.04351851851851852 0.05 0.05185185185185185
0 0.41380208333333335 0.03333333333333333 0.04895833333333333 0.06666666666666667
0 0.7986979166666667 0.8518518518518519 0.09010416666666667 0.14907407407407408
0 0.7377604166666667 0.8703703703703703 0.078125 0.1111111111111111
0 0.67265625 0.8791666666666667 0.0578125 0.11574074074074074
0 0.63984375 0.9523148148148148 0.09427083333333333 0.09537037037037037
0 0.72734375 0.9666666666666667 0.07447916666666667 0.06666666666666667
0 0.79765625 0.975462962962963 0.0828125 0.049074074074074076
0 0.9140625 0.5365740740740741 0.09479166666666666 0.10277777777777777
0 0.8729166666666667 0.5800925925925926 0.09635416666666667 0.09166666666666666
0 0.8786458333333333 0.6361111111111111 0.0875 0.075
0 0.8427083333333333 0.6902777777777778 0.09583333333333334 0.14074074074074075
0 0.803125 0.5847222222222223 0.07291666666666667 0.10092592592592593
0 0.8161458333333333 0.524537037037037 0.07916666666666666 0.06944444444444445
0 0.7432291666666667 0.5606481481481481 0.0625 0.06111111111111111
0 0.7533854166666667 0.6185185185185185 0.0953125 0.08518518518518518
0 0.7450520833333333 0.6606481481481481 0.053125 0.05555555555555555
0 0.7846354166666667 0.7236111111111111 0.0703125 0.08148148148148149
0 0.6627604166666666 0.5449074074074074 0.07291666666666667 0.08611111111111111
0 0.73046875 0.5259259259259259 0.0859375 0.05555555555555555
0 0.6515625 0.48518518518518516 0.0671875 0.058333333333333334
0 0.5447916666666667 0.4935185185185185 0.05625 0.09351851851851851
0 0.5979166666666667 0.5111111111111111 0.06770833333333333 0.10092592592592593
0 0.6096354166666667 0.5657407407407408 0.040625 0.058333333333333334
0 0.5635416666666667 0.5675925925925925 0.05677083333333333 0.08425925925925926
0 0.49140625 0.5171296296296296 0.05625 0.0787037037037037
0 0.5153645833333333 0.5050925925925925 0.026041666666666668 0.04722222222222222
0 0.6677083333333333 0.6023148148148149 0.06770833333333333 0.06759259259259259
0 0.6942708333333333 0.6694444444444444 0.07135416666666666 0.10833333333333334
0 0.6486979166666667 0.7847222222222222 0.07916666666666666 0.09814814814814815
0 0.71953125 0.7805555555555556 0.07916666666666666 0.09537037037037037
0 0.4825520833333333 0.6425925925925926 0.07552083333333333 0.08055555555555556
0 0.4796875 0.5805555555555556 0.0734375 0.09722222222222222
0 0.5424479166666667 0.6449074074074074 0.07083333333333333 0.08333333333333333
0 0.5692708333333333 0.6851851851851852 0.04583333333333333 0.06296296296296296
0 0.6236979166666666 0.6675925925925926 0.06354166666666666 0.10462962962962963
0 0.5489583333333333 0.9375 0.10104166666666667 0.10648148148148148
0 0.6111979166666667 0.9097222222222222 0.06354166666666666 0.14351851851851852
0 0.37473958333333335 0.962037037037037 0.08072916666666667 0.07592592592592592
0 0.42734375 0.9347222222222222 0.07552083333333333 0.06388888888888888
0 0.48671875 0.9712962962962963 0.15104166666666666 0.05740740740740741
0 0.44192708333333336 0.6986111111111111 0.07239583333333334 0.11018518518518519
0 0.47369791666666666 0.6875 0.05677083333333333 0.06851851851851852
0 0.471875 0.762962962962963 0.109375 0.09351851851851851
0 0.38723958333333336 0.6328703703703704 0.06875 0.07592592592592592
0 0.3658854166666667 0.6787037037037037 0.07083333333333333 0.08055555555555556
0 0.36875 0.7393518518518518 0.08958333333333333 0.0787037037037037
0 0.5848958333333333 0.7662037037037037 0.06354166666666666 0.08611111111111111
0 0.5643229166666667 0.8319444444444445 0.09010416666666667 0.06296296296296296
0 0.50546875 0.8476851851851852 0.07552083333333333 0.058333333333333334
0 0.36171875 0.8277777777777777 0.09322916666666667 0.07962962962962963
0 0.3216145833333333 0.7805555555555556 0.05520833333333333 0.14351851851851852
0 0.33880208333333334 0.8972222222222223 0.08645833333333333 0.09814814814814815
0 0.4390625 0.8671296296296296 0.13958333333333334 0.08518518518518518
0 0.265625 0.937962962962963 0.09583333333333334 0.11388888888888889
0 0.2630208333333333 0.8393518518518519 0.0796875 0.12407407407407407
0 0.240625 0.7703703703703704 0.08177083333333333 0.09907407407407408
0 0.17421875 0.749537037037037 0.08385416666666666 0.1425925925925926
0 0.16666666666666666 0.8611111111111112 0.1140625 0.10555555555555556
0 0.13567708333333334 0.8824074074074074 0.0953125 0.19444444444444445
0 0.08020833333333334 0.9384259259259259 0.07083333333333333 0.12314814814814815
0 0.0953125 0.7106481481481481 0.09947916666666666 0.14537037037037037
0 0.41380208333333335 0.5611111111111111 0.06458333333333334 0.13055555555555556
0 0.43333333333333335 0.49953703703703706 0.05625 0.07777777777777778
0 0.37395833333333334 0.5208333333333334 0.07291666666666667 0.08425925925925926
0 0.3109375 0.5115740740740741 0.08072916666666667 0.08796296296296297
0 0.26276041666666666 0.5805555555555556 0.08020833333333334 0.08703703703703704
0 0.3572916666666667 0.5847222222222223 0.05572916666666667 0.075
0 0.2721354166666667 0.7078703703703704 0.08489583333333334 0.10925925925925926
0 0.2794270833333333 0.6587962962962963 0.08333333333333333 0.08055555555555556
0 0.3072916666666667 0.6189814814814815 0.08385416666666666 0.07592592592592592
0 0.026822916666666665 0.5703703703703704 0.05364583333333333 0.11018518518518519
0 0.022135416666666668 0.687037037037037 0.044270833333333336 0.10462962962962963
0 0.15 0.5259259259259259 0.06770833333333333 0.10925925925925926
0 0.08541666666666667 0.5958333333333333 0.0640625 0.06111111111111111
0 0.08645833333333333 0.5583333333333333 0.06197916666666667 0.05925925925925926
0 0.024479166666666666 0.4930555555555556 0.04739583333333333 0.06481481481481481
0 0.09010416666666667 0.4166666666666667 0.07239583333333334 0.05925925925925926
0 0.07473958333333333 0.4486111111111111 0.06927083333333334 0.07037037037037037
0 0.014583333333333334 0.41203703703703703 0.029166666666666667 0.10740740740740741
0 0.05078125 0.3726851851851852 0.059375 0.08796296296296297
0 0.13046875 0.1865740740740741 0.06770833333333333 0.07222222222222222
0 0.07109375 0.17314814814814813 0.046875 0.08425925925925926
0 0.046614583333333334 0.12268518518518519 0.03958333333333333 0.044444444444444446
0 0.015364583333333333 0.12685185185185185 0.030729166666666665 0.09259259259259259
0 0.024479166666666666 0.20046296296296295 0.04895833333333333 0.06759259259259259
0 0.009375 0.24351851851851852 0.01875 0.05462962962962963
0 0.04635416666666667 0.24814814814814815 0.05625 0.03518518518518519
0 0.13984375 0.24074074074074073 0.04739583333333333 0.07222222222222222
0 0.18385416666666668 0.2375 0.042708333333333334 0.07407407407407407
0 0.15755208333333334 0.30092592592592593 0.05572916666666667 0.0787037037037037
0 0.08359375 0.32546296296296295 0.0765625 0.07314814814814814
0 0.059895833333333336 0.29907407407407405 0.06302083333333333 0.07962962962962963
0 0.10364583333333334 0.27175925925925926 0.03802083333333333 0.037037037037037035
0 0.12083333333333333 0.3162037037037037 0.0390625 0.09351851851851851
0 0.023177083333333334 0.20092592592592592 0.04635416666666667 0.06481481481481481
0 0.22369791666666666 0.12361111111111112 0.03958333333333333 0.06944444444444445
0 0.16276041666666666 0.03333333333333333 0.057291666666666664 0.049074074074074076
0 0.11197916666666667 0.03796296296296296 0.049479166666666664 0.032407407407407406
0 0.20442708333333334 0.04675925925925926 0.044270833333333336 0.03518518518518519
0 0.17421875 0.14351851851851852 0.041666666666666664 0.06018518518518518
0 0.11927083333333334 0.10555555555555556 0.052083333333333336 0.03796296296296296
0 0.13932291666666666 0.12083333333333333 0.03958333333333333 0.03888888888888889
0 0.27421875 0.05787037037037037 0.030729166666666665 0.026851851851851852
0 0.18359375 0.1050925925925926 0.044270833333333336 0.05740740740740741
0 0.06927083333333334 0.08518518518518518 0.058854166666666666 0.053703703703703705