0 0.3072916666666667 0.5472222222222223 0.12864583333333332 0.16203703703703703
0 0.39791666666666664 0.2175925925925926 0.11354166666666667 0.15092592592592594
0 0.6216145833333333 0.19675925925925927 0.06614583333333333 0.125
0 0.69453125 0.19212962962962962 0.057291666666666664 0.12222222222222222
0 0.83203125 0.16111111111111112 0.11197916666666667 0.15925925925925927
0 0.92265625 0.45601851851851855 0.058854166666666666 0.11574074074074074
0 0.9575520833333333 0.5069444444444444 0.05572916666666667 0.15555555555555556
0 0.25859375 0.30185185185185187 0.06927083333333334 0.13148148148148148
0 0.0515625 0.9166666666666666 0.103125 0.16018518518518518
0 0.04348958333333333 0.5532407407407407 0.06927083333333334 0.11851851851851852
0 0.10598958333333333 0.3138888888888889 0.05364583333333333 0.09074074074074075
0 0.10729166666666666 0.15185185185185185 0.04791666666666667 0.0787037037037037
0 0.053385416666666664 0.1638888888888889 0.05625 0.05
0 0.0265625 0.14027777777777778 0.04375 0.053703703703703705
0 0.06770833333333333 0.21388888888888888 0.053125 0.03611111111111111
0 0.028385416666666666 0.25972222222222224 0.0453125 0.07314814814814814
0 0.039322916666666666 0.35185185185185186 0.07395833333333333 0.062037037037037036
0 0.059895833333333336 0.2449074074074074 0.043229166666666666 0.06296296296296296
0 0.08489583333333334 0.055092592592592596 0.030208333333333334 0.03611111111111111
0 0.1328125 0.08981481481481482 0.03958333333333333 0.030555555555555555
0 0.09583333333333334 0.08287037037037037 0.0328125 0.03148148148148148
0 0.0609375 0.10648148148148148 0.049479166666666664 0.06574074074074074
0 0.19322916666666667 0.058333333333333334 0.034375 0.03888888888888889
0 0.21302083333333333 0.08935185185185185 0.03854166666666667 0.03333333333333333
0 0.5057291666666667 0.13518518518518519 0.07135416666666666 0.07222222222222222
0 0.5059895833333333 0.06759259259259259 0.058333333333333334 0.05740740740740741
0 0.559375 0.07037037037037037 0.04739583333333333 0.06296296296296296
0 0.6125 0.022685185185185187 0.04583333333333333 0.04537037037037037
0 0.6747395833333333 0.05925925925925926 0.03229166666666667 0.0712962962962963
0 0.6419270833333334 0.05416666666666667 0.030208333333333334 0.08703703703703704
0 0.353125 0.1 0.04635416666666667 0.1398148148148148
0 0.36328125 0.03981481481481482 0.026041666666666668 0.03611111111111111
0 0.428125 0.11296296296296296 0.058333333333333334 0.0962962962962963
0 0.43203125 0.06342592592592593 0.03333333333333333 0.05185185185185185
0 0.16276041666666666 0.1824074074074074 0.04739583333333333 0.046296296296296294
0 0.12369791666666667 0.0412037037037037 0.025520833333333333 0.018518518518518517
0 0.14791666666666667 0.03888888888888889 0.023958333333333335 0.027777777777777776
0 0.16510416666666666 0.01990740740740741 0.015104166666666667 0.030555555555555555
0 0.18151041666666667 0.0125 0.015104166666666667 0.025
0 0.26536458333333335 0.04351851851851852 0.029166666666666667 0.021296296296296296
0 0.25078125 0.06712962962962964 0.043229166666666666 0.03333333333333333
0 0.8994791666666667 0.05694444444444444 0.050520833333333334 0.06944444444444445
0 0.9453125 0.1037037037037037 0.05364583333333333 0.05462962962962963
0 0.98203125 0.17916666666666667 0.0359375 0.14074074074074075
0 0.79140625 0.0125 0.030208333333333334 0.025