0 0.05026041666666667 0.9041666666666667 0.096875 0.1537037037037037
0 0.10390625 0.5453703703703704 0.0796875 0.14537037037037037
0 0.05963541666666667 0.5189814814814815 0.07083333333333333 0.09074074074074075
0 0.0828125 0.4236111111111111 0.08958333333333333 0.08333333333333333
0 0.0140625 0.49722222222222223 0.028125 0.11296296296296296
0 0.044270833333333336 0.3592592592592593 0.06354166666666666 0.07037037037037037
0 0.10078125 0.3106481481481482 0.058854166666666666 0.10833333333333334
0 0.08880208333333334 0.2638888888888889 0.04791666666666667 0.08518518518518518
0 0.020833333333333332 0.28888888888888886 0.041666666666666664 0.06851851851851852
0 0.011197916666666667 0.3541666666666667 0.022395833333333334 0.06851851851851852
0 0.16770833333333332 0.3574074074074074 0.04635416666666667 0.0787037037037037
0 0.21614583333333334 0.32037037037037036 0.05260416666666667 0.09907407407407408
0 0.25546875 0.30648148148148147 0.0625 0.14722222222222223
0 0.35651041666666666 0.2777777777777778 0.06041666666666667 0.11574074074074074
0 0.2721354166666667 0.18287037037037038 0.058333333333333334 0.11574074074074074
0 0.18958333333333333 0.2388888888888889 0.0359375 0.07314814814814814
0 0.18802083333333333 0.19722222222222222 0.04739583333333333 0.016666666666666666
0 0.19583333333333333 0.17222222222222222 0.0484375 0.03148148148148148
0 0.14244791666666667 0.24166666666666667 0.0453125 0.06851851851851852
0 0.14479166666666668 0.20277777777777778 0.030729166666666665 0.03981481481481482
0 0.10442708333333334 0.21203703703703702 0.04739583333333333 0.058333333333333334
0 0.07395833333333333 0.2050925925925926 0.03697916666666667 0.08703703703703704
0 0.06536458333333334 0.1587962962962963 0.057291666666666664 0.021296296296296296
0 0.11666666666666667 0.15694444444444444 0.04479166666666667 0.049074074074074076
0 0.04088541666666667 0.21574074074074073 0.04114583333333333 0.08148148148148149
0 0.024739583333333332 0.16111111111111112 0.049479166666666664 0.08888888888888889
0 0.06692708333333333 0.14907407407407408 0.04114583333333333 0.032407407407407406
0 0.09947916666666666 0.13287037037037036 0.04010416666666667 0.03796296296296296
0 0.16536458333333334 0.16203703703703703 0.041666666666666664 0.044444444444444446
0 0.15911458333333334 0.14351851851851852 0.034375 0.032407407407407406
0 0.1734375 0.1287037037037037 0.03125 0.03333333333333333
0 0.17526041666666667 0.11712962962962963 0.03802083333333333 0.030555555555555555
0 0.18307291666666667 0.10416666666666667 0.04010416666666667 0.027777777777777776
0 0.15026041666666667 0.09351851851851851 0.0375 0.01574074074074074
0 0.1671875 0.08518518518518518 0.04479166666666667 0.02962962962962963
0 0.09348958333333333 0.08981481481481482 0.04791666666666667 0.03611111111111111
0 0.22265625 0.14444444444444443 0.042708333333333334 0.02962962962962963
0 0.22760416666666666 0.12453703703703704 0.0140625 0.023148148148148147
0 0.21067708333333332 0.09768518518518518 0.020833333333333332 0.032407407407407406
0 0.22213541666666667 0.07314814814814814 0.015625 0.027777777777777776
0 0.20546875 0.058333333333333334 0.019791666666666666 0.03333333333333333
0 0.20625 0.03564814814814815 0.023958333333333335 0.03333333333333333
0 0.18411458333333333 0.027314814814814816 0.040625 0.02962962962962963
0 0.16276041666666666 0.03611111111111111 0.027604166666666666 0.017592592592592594
0 0.16171875 0.059722222222222225 0.03229166666666667 0.05
0 0.13567708333333334 0.06620370370370371 0.034375 0.044444444444444446
0 0.11640625 0.03148148148148148 0.027083333333333334 0.03333333333333333
0 0.11302083333333333 0.05740740740740741 0.028645833333333332 0.03888888888888889
0 0.08541666666666667 0.053703703703703705 0.0328125 0.027777777777777776
0 0.08567708333333333 0.022222222222222223 0.0328125 0.03611111111111111
0 0.06197916666666667 0.09722222222222222 0.03958333333333333 0.03333333333333333
0 0.05625 0.060648148148148145 0.033854166666666664 0.041666666666666664
0 0.03567708333333333 0.03009259259259259 0.043229166666666666 0.04351851851851852
0 0.02265625 0.06527777777777778 0.025 0.027777777777777776
0 0.11979166666666667 0.011111111111111112 0.04791666666666667 0.022222222222222223
0 0.15572916666666667 0.011574074074074073 0.03802083333333333 0.023148148148148147
0 0.24166666666666667 0.07314814814814814 0.04635416666666667 0.03611111111111111
0 0.26927083333333335 0.055092592592592596 0.04583333333333333 0.027777777777777776
0 0.296875 0.028703703703703703 0.021354166666666667 0.05277777777777778
0 0.25625 0.019444444444444445 0.015104166666666667 0.03425925925925926
0 0.24947916666666667 0.03564814814814815 0.03854166666666667 0.032407407407407406
0 0.20390625 0.01990740740740741 0.0484375 0.03148148148148148
0 0.3138020833333333 0.11898148148148148 0.059375 0.06574074074074074
0 0.35234375 0.09444444444444444 0.078125 0.1111111111111111
0 0.37890625 0.02361111111111111 0.053125 0.026851851851851852
0 0.39739583333333334 0.04722222222222222 0.034375 0.03425925925925926
0 0.3651041666666667 0.06157407407407407 0.036458333333333336 0.04351851851851852
0 0.35052083333333334 0.03888888888888889 0.030729166666666665 0.03611111111111111
0 0.4114583333333333 0.07407407407407407 0.05364583333333333 0.03981481481481482
0 0.4203125 0.09490740740740741 0.059375 0.041666666666666664
0 0.4317708333333333 0.13240740740740742 0.059375 0.05277777777777778
0 0.46432291666666664 0.07962962962962963 0.04375 0.027777777777777776
0 0.4791666666666667 0.1087962962962963 0.044270833333333336 0.03796296296296296
0 0.5002604166666667 0.1412037037037037 0.06145833333333333 0.05092592592592592
0 0.503125 0.07175925925925926 0.04791666666666667 0.05185185185185185
0 0.47708333333333336 0.03935185185185185 0.0546875 0.044444444444444446
0 0.46328125 0.04027777777777778 0.03802083333333333 0.05462962962962963
0 0.5169270833333334 0.03888888888888889 0.03802083333333333 0.04814814814814815
0 0.55390625 0.07083333333333333 0.030208333333333334 0.06388888888888888
0 0.5106770833333333 0.012037037037037037 0.0390625 0.024074074074074074
0 0.43333333333333335 0.008796296296296297 0.0265625 0.017592592592592594
0 0.4276041666666667 0.04027777777777778 0.0328125 0.044444444444444446
0 0.56640625 0.009259259259259259 0.051041666666666666 0.018518518518518517
0 0.621875 0.0587962962962963 0.049479166666666664 0.03796296296296296
0 0.6239583333333333 0.027777777777777776 0.05625 0.037037037037037035
0 0.6559895833333333 0.01574074074074074 0.041666666666666664 0.03148148148148148
0 0.6723958333333333 0.03287037037037037 0.04479166666666667 0.026851851851851852
0 0.6643229166666667 0.075 0.0578125 0.058333333333333334
0 0.6864583333333333 0.23564814814814813 0.07135416666666666 0.06388888888888888
0 0.7130208333333333 0.22916666666666666 0.05520833333333333 0.07592592592592592
0 0.7861979166666667 0.18518518518518517 0.050520833333333334 0.08518518518518518
0 0.8098958333333334 0.13472222222222222 0.06354166666666666 0.06111111111111111
0 0.7463541666666667 0.056018518518518516 0.04583333333333333 0.07222222222222222
0 0.7893229166666667 0.017592592592592594 0.034895833333333334 0.03518518518518519
0 0.7424479166666667 0.007407407407407408 0.0390625 0.014814814814814815
0 0.87890625 0.008796296296296297 0.030729166666666665 0.017592592592592594
0 0.9072916666666667 0.018518518518518517 0.030208333333333334 0.026851851851851852
0 0.9263020833333333 0.026851851851851852 0.028125 0.03611111111111111
0 0.9510416666666667 0.03333333333333333 0.021354166666666667 0.03425925925925926
0 0.94609375 0.06342592592592593 0.04791666666666667 0.049074074074074076
0 0.90078125 0.06388888888888888 0.03229166666666667 0.05092592592592592
0 0.946875 0.10787037037037037 0.051041666666666666 0.05462962962962963
0 0.9763020833333333 0.17731481481481481 0.04739583333333333 0.04351851851851852
0 0.9955729166666667 0.21296296296296297 0.008854166666666666 0.06388888888888888
0 0.9963541666666667 0.2875 0.007291666666666667 0.041666666666666664
0 0.9182291666666667 0.47129629629629627 0.057291666666666664 0.11666666666666667
0 0.9703125 0.5083333333333333 0.059375 0.0962962962962963