0 0.07916666666666666 0.5648148148148148 0.06979166666666667 0.16296296296296298
0 0.16588541666666667 0.49074074074074076 0.05260416666666667 0.13055555555555556
0 0.18072916666666666 0.5467592592592593 0.07604166666666666 0.13055555555555556
0 0.24427083333333333 0.5745370370370371 0.06979166666666667 0.12129629629629629
0 0.23984375 0.3587962962962963 0.08177083333333333 0.125
0 0.096875 0.31157407407407406 0.07760416666666667 0.08796296296296297
0 0.08958333333333333 0.23935185185185184 0.0375 0.075
0 0.04765625 0.2569444444444444 0.0421875 0.07314814814814814
0 0.01875 0.20555555555555555 0.0375 0.05185185185185185
0 0.02265625 0.15462962962962962 0.0453125 0.041666666666666664
0 0.026302083333333334 0.11388888888888889 0.027604166666666666 0.04351851851851852
0 0.07890625 0.07685185185185185 0.059895833333333336 0.04351851851851852
0 0.0671875 0.04814814814814815 0.049479166666666664 0.03333333333333333
0 0.02734375 0.06805555555555555 0.0375 0.03981481481481482
0 0.014583333333333334 0.04583333333333333 0.029166666666666667 0.026851851851851852
0 0.0125 0.11064814814814815 0.025 0.04722222222222222
0 0.09036458333333333 0.018055555555555554 0.0375 0.03611111111111111
0 0.16380208333333332 0.044444444444444446 0.046875 0.053703703703703705
0 0.18802083333333333 0.1412037037037037 0.044270833333333336 0.062037037037037036
0 0.21744791666666666 0.1310185185185185 0.033854166666666664 0.07037037037037037
0 0.27682291666666664 0.0412037037037037 0.044270833333333336 0.0824074074074074
0 0.365625 0.04259259259259259 0.03854166666666667 0.08148148148148149
0 0.4158854166666667 0.059722222222222225 0.033854166666666664 0.06018518518518518
0 0.4484375 0.06388888888888888 0.022395833333333334 0.044444444444444446
0 0.5015625 0.017592592592592594 0.040625 0.03518518518518519
0 0.475 0.1388888888888889 0.034375 0.07314814814814814
0 0.5111979166666667 0.13564814814814816 0.036458333333333336 0.06018518518518518
0 0.4200520833333333 0.11342592592592593 0.057291666666666664 0.049074074074074076
0 0.44140625 0.1398148148148148 0.030208333333333334 0.075
0 0.39947916666666666 0.15324074074074073 0.043229166666666666 0.03888888888888889
0 0.3796875 0.2037037037037037 0.05677083333333333 0.05
0 0.42890625 0.22361111111111112 0.05520833333333333 0.07592592592592592
0 0.4140625 0.18425925925925926 0.05625 0.03425925925925926
0 0.35130208333333335 0.18101851851851852 0.0010416666666666667 0.001851851851851852
0 0.5 0.18518518518518517 0.0734375 0.037037037037037035
0 0.49765625 0.23287037037037037 0.09322916666666667 0.07592592592592592
0 0.56796875 0.26064814814814813 0.03958333333333333 0.08148148148148149
0 0.5158854166666667 0.27361111111111114 0.0578125 0.07407407407407407
0 0.62890625 0.26666666666666666 0.06614583333333333 0.0824074074074074
0 0.6372395833333333 0.20185185185185187 0.06354166666666666 0.07037037037037037
0 0.5377604166666666 0.08703703703703704 0.0515625 0.041666666666666664
0 0.5528645833333333 0.32731481481481484 0.0640625 0.07592592592592592
0 0.6151041666666667 0.34629629629629627 0.08125 0.10277777777777777
0 0.6083333333333333 0.3990740740740741 0.078125 0.06388888888888888
0 0.5263020833333333 0.49953703703703706 0.059895833333333336 0.10740740740740741
0 0.6229166666666667 0.4685185185185185 0.050520833333333334 0.06388888888888888
0 0.6703125 0.4935185185185185 0.09114583333333333 0.058333333333333334
0 0.6486979166666667 0.5393518518518519 0.08489583333333334 0.09259259259259259
0 0.66953125 0.41898148148148145 0.053125 0.09444444444444444
0 0.7588541666666667 0.4828703703703704 0.0515625 0.08518518518518518
0 0.7307291666666667 0.6055555555555555 0.0875 0.13703703703703704
0 0.803125 0.3592592592592593 0.041666666666666664 0.07962962962962963
0 0.8044270833333333 0.4324074074074074 0.065625 0.04537037037037037
0 0.8604166666666667 0.33240740740740743 0.041666666666666664 0.075
0 0.6984375 0.029166666666666667 0.0421875 0.05462962962962963
0 0.73046875 0.07314814814814814 0.034375 0.08148148148148149
0 0.74765625 0.02962962962962963 0.04375 0.044444444444444446
0 0.6666666666666666 0.018055555555555554 0.027604166666666666 0.03611111111111111
0 0.7671875 0.09351851851851851 0.049479166666666664 0.06851851851851852
0 0.7984375 0.08148148148148149 0.03229166666666667 0.07777777777777778
0 0.77890625 0.13518518518518519 0.051041666666666666 0.041666666666666664
0 0.81484375 0.12777777777777777 0.03177083333333333 0.08703703703703704
0 0.7505208333333333 0.19166666666666668 0.03958333333333333 0.07685185185185185
0 0.83359375 0.20972222222222223 0.044270833333333336 0.08611111111111111
0 0.8596354166666667 0.14537037037037037 0.030208333333333334 0.09537037037037037
0 0.8947916666666667 0.18611111111111112 0.0328125 0.1
0 0.86484375 0.25277777777777777 0.0546875 0.05277777777777778
0 0.9260416666666667 0.22962962962962963 0.03854166666666667 0.1037037037037037
0 0.9322916666666666 0.30648148148148147 0.059895833333333336 0.06481481481481481
0 0.9028645833333333 0.34444444444444444 0.04583333333333333 0.03333333333333333
0 0.9760416666666667 0.35324074074074074 0.0375 0.04722222222222222
0 0.9828125 0.2740740740740741 0.030729166666666665 0.1287037037037037
0 0.9526041666666667 0.14722222222222223 0.059895833333333336 0.07222222222222222
0 0.96328125 0.10324074074074074 0.03125 0.06111111111111111
0 0.9895833333333334 0.12222222222222222 0.01875 0.05740740740740741
0 0.9265625 0.060648148148148145 0.0234375 0.053703703703703705
0 0.94921875 0.06435185185185185 0.021354166666666667 0.05462962962962963
0 0.9630208333333333 0.052314814814814814 0.027604166666666666 0.04814814814814815
0 0.97578125 0.04953703703703704 0.025 0.041666666666666664
0 0.8833333333333333 0.05694444444444444 0.03697916666666667 0.02962962962962963
0 0.8606770833333334 0.03009259259259259 0.033854166666666664 0.032407407407407406
0 0.8833333333333333 0.018055555555555554 0.03229166666666667 0.03611111111111111
0 0.90703125 0.021296296296296296 0.026041666666666668 0.023148148148148147
0 0.99765625 0.06712962962962964 0.0046875 0.03425925925925926
0 0.86015625 0.40879629629629627 0.04739583333333333 0.04351851851851852
0 0.9263020833333333 0.40370370370370373 0.03125 0.040740740740740744
0 0.9703125 0.4222222222222222 0.034895833333333334 0.044444444444444446
0 0.9471354166666667 0.44583333333333336 0.03802083333333333 0.028703703703703703
0 0.9299479166666667 0.4625 0.04010416666666667 0.037037037037037035
0 0.9588541666666667 0.5013888888888889 0.058333333333333334 0.053703703703703705
0 0.9661458333333334 0.5592592592592592 0.04583333333333333 0.07685185185185185
0 0.91953125 0.5425925925925926 0.040625 0.0787037037037037
0 0.9333333333333333 0.6365740740740741 0.04479166666666667 0.06574074074074074
0 0.96875 0.7055555555555556 0.06145833333333333 0.0824074074074074
0 0.8927083333333333 0.7111111111111111 0.084375 0.07314814814814814
0 0.88203125 0.6416666666666667 0.059895833333333336 0.06851851851851852
0 0.7997395833333333 0.7171296296296297 0.0828125 0.11944444444444445
0 0.9263020833333333 0.8532407407407407 0.05364583333333333 0.08148148148148149
0 0.94609375 0.8027777777777778 0.04010416666666667 0.03796296296296296
0 0.9768229166666667 0.7652777777777777 0.04635416666666667 0.05555555555555555
0 0.93671875 0.9449074074074074 0.10104166666666667 0.11018518518518519
0 0.9908854166666666 0.9782407407407407 0.0171875 0.04351851851851852
0 0.3536458333333333 0.3476851851851852 0.11875 0.17314814814814813