0 0.9744791666666667 0.18009259259259258 0.04635416666666667 0.06851851851851852
0 0.74296875 0.06805555555555555 0.06770833333333333 0.075
0 0.90859375 0.07407407407407407 0.051041666666666666 0.04722222222222222
0 0.8903645833333333 0.024074074074074074 0.042708333333333334 0.04814814814814815
0 0.9359375 0.02638888888888889 0.05572916666666667 0.04722222222222222
0 0.9252604166666667 0.047685185185185185 0.0453125 0.03148148148148148
0 0.9458333333333333 0.08148148148148149 0.034375 0.06388888888888888
0 0.978125 0.11203703703703703 0.04375 0.075
0 0.69140625 0.11666666666666667 0.06927083333333334 0.05555555555555555
0 0.72890625 0.15648148148148147 0.06197916666666667 0.05277777777777778
0 0.7322916666666667 0.25462962962962965 0.06354166666666666 0.0824074074074074
0 0.77890625 0.20833333333333334 0.049479166666666664 0.07222222222222222
0 0.5544270833333333 0.24444444444444444 0.09739583333333333 0.11203703703703703
0 0.5979166666666667 0.18888888888888888 0.07239583333333334 0.08333333333333333
0 0.65078125 0.15416666666666667 0.049479166666666664 0.049074074074074076
0 0.6848958333333334 0.1837962962962963 0.05520833333333333 0.06481481481481481
0 0.640625 0.2162037037037037 0.05260416666666667 0.07222222222222222
0 0.6703125 0.2351851851851852 0.05572916666666667 0.04351851851851852
0 0.6734375 0.2796296296296296 0.07083333333333333 0.0962962962962963
0 0.5283854166666667 0.36944444444444446 0.08229166666666667 0.11018518518518519
0 0.44427083333333334 0.4111111111111111 0.08229166666666667 0.10833333333333334
0 0.27369791666666665 0.4648148148148148 0.1015625 0.13518518518518519
0 0.3263020833333333 0.5152777777777777 0.1 0.09351851851851851
0 0.28515625 0.6435185185185185 0.090625 0.1175925925925926
0 0.3171875 0.5800925925925926 0.078125 0.06388888888888888
0 0.48125 0.5097222222222222 0.08229166666666667 0.08518518518518518
0 0.46432291666666664 0.5652777777777778 0.08697916666666666 0.06944444444444445
0 0.4510416666666667 0.612037037037037 0.0890625 0.075
0 0.37526041666666665 0.6203703703703703 0.07864583333333333 0.05740740740740741
0 0.3932291666666667 0.1537037037037037 0.057291666666666664 0.09444444444444444
0 0.43984375 0.1425925925925926 0.04895833333333333 0.08981481481481482
0 0.36822916666666666 0.08888888888888889 0.0671875 0.07962962962962963
0 0.4583333333333333 0.05324074074074074 0.06041666666666667 0.07037037037037037
0 0.52265625 0.034722222222222224 0.0453125 0.05925925925925926
0 0.42291666666666666 0.027777777777777776 0.059375 0.05555555555555555
0 0.37890625 0.03333333333333333 0.04010416666666667 0.06666666666666667
0 0.346875 0.03518518518518519 0.04010416666666667 0.046296296296296294
0 0.84765625 0.5328703703703703 0.09583333333333334 0.09722222222222222
0 0.8729166666666667 0.5703703703703704 0.08958333333333333 0.06111111111111111
0 0.86953125 0.637962962962963 0.0953125 0.09166666666666666
0 0.7752604166666667 0.600925925925926 0.06614583333333333 0.14166666666666666
0 0.7515625 0.5263888888888889 0.08333333333333333 0.07222222222222222
0 0.7171875 0.44212962962962965 0.06614583333333333 0.10185185185185185
0 0.6885416666666667 0.47685185185185186 0.06302083333333333 0.10185185185185185
0 0.7307291666666667 0.5976851851851852 0.0578125 0.0962962962962963
0 0.7234375 0.6509259259259259 0.11770833333333333 0.07962962962962963
0 0.74140625 0.6902777777777778 0.07708333333333334 0.06018518518518518
0 0.6677083333333333 0.7138888888888889 0.07447916666666667 0.0712962962962963
0 0.67734375 0.7800925925925926 0.0609375 0.12777777777777777
0 0.7510416666666667 0.8055555555555556 0.11302083333333333 0.11203703703703703
0 0.7734375 0.8726851851851852 0.08958333333333333 0.10833333333333334
0 0.7791666666666667 0.950925925925926 0.10729166666666666 0.09814814814814815
0 0.6817708333333333 0.9555555555555556 0.10520833333333333 0.08888888888888889
0 0.6859375 0.8773148148148148 0.07604166666666666 0.10833333333333334
0 0.5494791666666666 0.5365740740740741 0.06510416666666667 0.09166666666666666
0 0.5653645833333333 0.49583333333333335 0.06145833333333333 0.08703703703703704
0 0.6307291666666667 0.48055555555555557 0.05572916666666667 0.07407407407407407
0 0.6380208333333334 0.5375 0.0625 0.04814814814814815
0 0.615625 0.5638888888888889 0.04010416666666667 0.04814814814814815
0 0.6174479166666667 0.6541666666666667 0.06458333333333334 0.1175925925925926
0 0.5033854166666667 0.6981481481481482 0.075 0.08055555555555556
0 0.5591145833333333 0.7074074074074074 0.044270833333333336 0.14444444444444443
0 0.55859375 0.7606481481481482 0.08697916666666666 0.0787037037037037
0 0.6309895833333333 0.7236111111111111 0.049479166666666664 0.08333333333333333
0 0.5190104166666667 0.9666666666666667 0.09270833333333334 0.06666666666666667
0 0.5078125 0.8384259259259259 0.09635416666666667 0.10648148148148148
0 0.6080729166666666 0.8023148148148148 0.10052083333333334 0.10092592592592593
0 0.6072916666666667 0.8944444444444445 0.07864583333333333 0.07407407407407407
0 0.5947916666666667 0.950925925925926 0.11145833333333334 0.09814814814814815
0 0.40520833333333334 0.8875 0.08333333333333333 0.07592592592592592
0 0.4140625 0.825 0.078125 0.08796296296296297
0 0.47994791666666664 0.7657407407407407 0.0921875 0.07314814814814814
0 0.42161458333333335 0.9787037037037037 0.0859375 0.04259259259259259
0 0.3463541666666667 0.9148148148148149 0.0875 0.10185185185185185
0 0.3098958333333333 0.9569444444444445 0.06770833333333333 0.08611111111111111
0 0.24322916666666666 0.9708333333333333 0.0671875 0.058333333333333334
0 0.19296875 0.8625 0.07291666666666667 0.1398148148148148
0 0.24973958333333332 0.9032407407407408 0.049479166666666664 0.10555555555555556
0 0.30625 0.8356481481481481 0.13333333333333333 0.08055555555555556
0 0.3106770833333333 0.7592592592592593 0.07135416666666666 0.10740740740740741
0 0.2390625 0.7379629629629629 0.09479166666666666 0.06851851851851852
0 0.22317708333333333 0.8032407407407407 0.12239583333333333 0.0824074074074074
0 0.09375 0.9597222222222223 0.078125 0.08055555555555556
0 0.16197916666666667 0.9384259259259259 0.090625 0.12314814814814815
0 0.09817708333333333 0.7212962962962963 0.09114583333333333 0.23981481481481481
0 0.17708333333333334 0.7152777777777778 0.059375 0.1259259259259259
0 0.19036458333333334 0.5634259259259259 0.07760416666666667 0.14444444444444443
0 0.1453125 0.5166666666666667 0.0546875 0.13333333333333333
0 0.09114583333333333 0.4115740740740741 0.07135416666666666 0.07314814814814814
0 0.07526041666666666 0.44907407407407407 0.058854166666666666 0.05092592592592592
0 0.0671875 0.5148148148148148 0.07239583333333334 0.08148148148148149
0 0.0234375 0.48657407407407405 0.046875 0.07407407407407407
0 0.03203125 0.5574074074074075 0.0640625 0.075
0 0.03515625 0.6361111111111111 0.06822916666666666 0.1111111111111111
0 0.18489583333333334 0.22962962962962963 0.058333333333333334 0.08518518518518518
0 0.13697916666666668 0.2449074074074074 0.059375 0.07314814814814814
0 0.12994791666666666 0.18472222222222223 0.059375 0.05740740740740741
0 0.09713541666666667 0.27870370370370373 0.05625 0.06018518518518518
0 0.14869791666666668 0.29907407407407405 0.06197916666666667 0.08888888888888889
0 0.09973958333333334 0.3425925925925926 0.0515625 0.08981481481481482
0 0.06432291666666666 0.3648148148148148 0.04635416666666667 0.07037037037037037
0 0.06744791666666666 0.3106481481481482 0.026041666666666668 0.037037037037037035
0 0.021354166666666667 0.3106481481481482 0.042708333333333334 0.05462962962962963
0 0.028385416666666666 0.33796296296296297 0.0546875 0.075
0 0.04375 0.2125 0.051041666666666666 0.05740740740740741
0 0.040364583333333336 0.262037037037037 0.06510416666666667 0.041666666666666664
0 0.06953125 0.1574074074074074 0.04583333333333333 0.05740740740740741
0 0.05078125 0.17175925925925925 0.05260416666666667 0.058333333333333334
0 0.06770833333333333 0.08888888888888889 0.05572916666666667 0.05277777777777778
0 0.21223958333333334 0.12407407407407407 0.04583333333333333 0.06481481481481481
0 0.2453125 0.1 0.043229166666666666 0.05185185185185185
0 0.2518229166666667 0.07268518518518519 0.040625 0.025
0 0.21770833333333334 0.06342592592592593 0.03177083333333333 0.023148148148148147
0 0.2518229166666667 0.04953703703703704 0.0140625 0.021296296296296296
0 0.19375 0.038425925925925926 0.0453125 0.026851851851851852
0 0.19817708333333334 0.02824074074074074 0.034375 0.025
0 0.17942708333333332 0.01898148148148148 0.05416666666666667 0.03796296296296296
0 0.17161458333333332 0.14444444444444443 0.0484375 0.06111111111111111
0 0.128125 0.1375 0.0609375 0.044444444444444446
0 0.12161458333333333 0.08009259259259259 0.04635416666666667 0.03333333333333333
0 0.0796875 0.06111111111111111 0.0390625 0.05648148148148148
0 0.07109375 0.023148148148148147 0.03229166666666667 0.046296296296296294
0 0.09713541666666667 0.02824074074074074 0.029166666666666667 0.05
0 0.12265625 0.023148148148148147 0.04739583333333333 0.046296296296296294
0 0.16927083333333334 0.08564814814814815 0.030729166666666665 0.062037037037037036