0 0.6033854166666667 0.712037037037037 0.16666666666666666 0.14074074074074075
0 0.621875 0.8643518518518518 0.15364583333333334 0.2064814814814815
0 0.80078125 0.5055555555555555 0.11041666666666666 0.31666666666666665
0 0.5268229166666667 0.5601851851851852 0.1109375 0.19444444444444445
0 0.5828125 0.32314814814814813 0.11041666666666666 0.18981481481481483
0 0.8072916666666666 0.25555555555555554 0.1234375 0.11296296296296296
0 0.9200520833333333 0.5115740740740741 0.109375 0.20555555555555555
0 0.9700520833333334 0.44814814814814813 0.059895833333333336 0.1
0 0.96171875 0.2671296296296296 0.07447916666666667 0.14166666666666666
0 0.9609375 0.16666666666666666 0.06770833333333333 0.08333333333333333
0 0.9421875 0.18981481481481483 0.06875 0.058333333333333334
0 0.8744791666666667 0.040740740740740744 0.06145833333333333 0.08148148148148149
0 0.9427083333333334 0.046296296296296294 0.09375 0.09259259259259259
0 0.7721354166666666 0.14351851851851852 0.10833333333333334 0.08981481481481482
0 0.7083333333333334 0.11805555555555555 0.06770833333333333 0.08518518518518518
0 0.65234375 0.1125 0.09635416666666667 0.09259259259259259
0 0.5989583333333334 0.175 0.078125 0.10925925925925926
0 0.4375 0.38333333333333336 0.0953125 0.12222222222222222
0 0.278125 0.3023148148148148 0.07916666666666666 0.1175925925925926
0 0.3255208333333333 0.21203703703703702 0.06614583333333333 0.09722222222222222
0 0.3809895833333333 0.22824074074074074 0.06770833333333333 0.08611111111111111
0 0.35494791666666664 0.4064814814814815 0.0921875 0.16203703703703703
0 0.06848958333333334 0.29259259259259257 0.1109375 0.1527777777777778
0 0.08411458333333334 0.14722222222222223 0.052083333333333336 0.11851851851851852
0 0.12447916666666667 0.16342592592592592 0.06145833333333333 0.12685185185185185
0 0.16197916666666667 0.14953703703703702 0.0546875 0.1175925925925926
0 0.221875 0.14907407407407408 0.0546875 0.07592592592592592
0 0.19921875 0.05925925925925926 0.10677083333333333 0.06944444444444445
0 0.25729166666666664 0.13333333333333333 0.059895833333333336 0.044444444444444446
0 0.30130208333333336 0.09861111111111111 0.0765625 0.06481481481481481
0 0.27682291666666664 0.05324074074074074 0.04010416666666667 0.03518518518518519
0 0.253125 0.04722222222222222 0.028645833333333332 0.023148148148148147
0 0.25 0.023148148148148147 0.0328125 0.03981481481481482
0 0.2994791666666667 0.13657407407407407 0.06666666666666667 0.027777777777777776
0 0.40598958333333335 0.1259259259259259 0.046875 0.09814814814814815
0 0.45598958333333334 0.11944444444444445 0.04635416666666667 0.08611111111111111
0 0.3255208333333333 0.10694444444444444 0.05625 0.062037037037037036
0 0.35859375 0.08796296296296297 0.052083333333333336 0.07777777777777778
0 0.33958333333333335 0.0412037037037037 0.05 0.05462962962962963
0 0.40598958333333335 0.0763888888888889 0.049479166666666664 0.07777777777777778
0 0.42734375 0.0412037037037037 0.03177083333333333 0.05925925925925926
0 0.46822916666666664 0.05462962962962963 0.0546875 0.053703703703703705
0 0.51484375 0.22037037037037038 0.06875 0.09814814814814815
0 0.4401041666666667 0.23981481481481481 0.06510416666666667 0.07407407407407407
0 0.5372395833333333 0.14722222222222223 0.0453125 0.05925925925925926
0 0.5966145833333333 0.058333333333333334 0.0375 0.11666666666666667
0 0.6765625 0.04675925925925926 0.0671875 0.05925925925925926
0 0.73046875 0.0625 0.04635416666666667 0.07592592592592592
0 0.7973958333333333 0.03935185185185185 0.05625 0.0787037037037037
0 0.7377604166666667 0.020833333333333332 0.05364583333333333 0.041666666666666664
0 0.69375 0.016203703703703703 0.046875 0.032407407407407406
0 0.7651041666666667 0.020370370370370372 0.0390625 0.040740740740740744