0 0.8546875 0.41435185185185186 0.12239583333333333 0.16203703703703703
0 0.69453125 0.7722222222222223 0.0953125 0.21481481481481482
0 0.46536458333333336 0.7601851851851852 0.13020833333333334 0.17407407407407408
0 0.3380208333333333 0.8435185185185186 0.13125 0.18703703703703703
0 0.5065104166666666 0.8787037037037037 0.14322916666666666 0.17407407407407408
0 0.2559895833333333 0.5046296296296297 0.109375 0.15092592592592594
0 0.25833333333333336 0.3990740740740741 0.11197916666666667 0.12777777777777777
0 0.2994791666666667 0.3138888888888889 0.0921875 0.1037037037037037
0 0.30520833333333336 0.22268518518518518 0.08177083333333333 0.12685185185185185
0 0.4421875 0.2023148148148148 0.06875 0.10462962962962963
0 0.5268229166666667 0.11898148148148148 0.07447916666666667 0.09907407407407408
0 0.6203125 0.07175925925925926 0.06145833333333333 0.1037037037037037
0 0.765625 0.09166666666666666 0.05572916666666667 0.10648148148148148
0 0.09973958333333334 0.9120370370370371 0.14739583333333334 0.1574074074074074
0 0.049479166666666664 0.9574074074074074 0.09895833333333333 0.08518518518518518
0 0.06380208333333333 0.7671296296296296 0.08229166666666667 0.12685185185185185
0 0.09322916666666667 0.663425925925926 0.07395833333333333 0.15462962962962962
0 0.16354166666666667 0.549537037037037 0.084375 0.20092592592592592
0 0.018489583333333334 0.6736111111111112 0.03697916666666667 0.11574074074074074
0 0.2171875 0.2638888888888889 0.0625 0.09907407407407408
0 0.17265625 0.3731481481481482 0.09166666666666666 0.12129629629629629
0 0.07942708333333333 0.275 0.0734375 0.10925925925925926
0 0.027083333333333334 0.2569444444444444 0.05416666666666667 0.062037037037037036
0 0.0125 0.3537037037037037 0.025 0.08425925925925926
0 0.14557291666666666 0.2125 0.07083333333333333 0.12777777777777777
0 0.09427083333333333 0.16712962962962963 0.05625 0.08981481481481482
0 0.11953125 0.11712962962962963 0.043229166666666666 0.06388888888888888
0 0.0484375 0.10462962962962963 0.0453125 0.075
0 0.01875 0.1375 0.0375 0.05925925925925926
0 0.017708333333333333 0.19768518518518519 0.035416666666666666 0.06296296296296296
0 0.1671875 0.12268518518518519 0.0609375 0.06018518518518518
0 0.07942708333333333 0.07916666666666666 0.05364583333333333 0.04814814814814815
0 0.09244791666666667 0.04814814814814815 0.04375 0.03796296296296296
0 0.13333333333333333 0.01898148148148148 0.036458333333333336 0.03796296296296296
0 0.12265625 0.07361111111111111 0.0265625 0.03981481481481482
0 0.17369791666666667 0.04953703703703704 0.040625 0.03333333333333333
0 0.17682291666666666 0.06944444444444445 0.05520833333333333 0.05277777777777778
0 0.24661458333333333 0.10277777777777777 0.046875 0.06851851851851852
0 0.21015625 0.10138888888888889 0.036458333333333336 0.05740740740740741
0 0.27760416666666665 0.06620370370370371 0.026041666666666668 0.037037037037037035
0 0.26119791666666664 0.023148148148148147 0.035416666666666666 0.027777777777777776
0 0.24244791666666668 0.052314814814814814 0.06302083333333333 0.030555555555555555
0 0.21223958333333334 0.03194444444444444 0.05260416666666667 0.02962962962962963
0 0.17630208333333333 0.012962962962962963 0.0359375 0.025925925925925925
0 0.34661458333333334 0.12546296296296297 0.06875 0.08518518518518518
0 0.30104166666666665 0.1300925925925926 0.021354166666666667 0.08796296296296297
0 0.3450520833333333 0.04351851851851852 0.030208333333333334 0.0712962962962963
0 0.321875 0.06759259259259259 0.04583333333333333 0.03888888888888889
0 0.3890625 0.05277777777777778 0.04583333333333333 0.09722222222222222
0 0.47578125 0.11851851851851852 0.058333333333333334 0.06481481481481481
0 0.459375 0.06157407407407407 0.0609375 0.06296296296296296
0 0.43723958333333335 0.034722222222222224 0.04895833333333333 0.03888888888888889
0 0.50078125 0.047685185185185185 0.040625 0.05
0 0.5583333333333333 0.049074074074074076 0.06979166666666667 0.08981481481481482
0 0.49765625 0.02175925925925926 0.041666666666666664 0.041666666666666664
0 0.9697916666666667 0.26805555555555555 0.06041666666666667 0.09722222222222222
0 0.8768229166666667 0.08842592592592592 0.0359375 0.05555555555555555
0 0.9247395833333333 0.1087962962962963 0.041666666666666664 0.046296296296296294
0 0.9432291666666667 0.15694444444444444 0.046875 0.09074074074074075
0 0.97734375 0.12407407407407407 0.03333333333333333 0.05277777777777778
0 0.98359375 0.16018518518518518 0.0328125 0.04722222222222222
0 0.9864583333333333 0.20324074074074075 0.027083333333333334 0.06296296296296296
0 0.9372395833333333 0.027314814814814816 0.046875 0.05462962962962963
0 0.9104166666666667 0.014814814814814815 0.04791666666666667 0.02962962962962963
0 0.9565104166666667 0.05185185185185185 0.042708333333333334 0.044444444444444446
0 0.9731770833333333 0.10833333333333334 0.03802083333333333 0.03888888888888889