0 0.026822916666666665 0.5532407407407407 0.05364583333333333 0.049074074074074076
0 0.02109375 0.5013888888888889 0.0421875 0.0712962962962963
0 0.07604166666666666 0.4666666666666667 0.06979166666666667 0.06574074074074074
0 0.090625 0.40925925925925927 0.0703125 0.04722222222222222
0 0.013020833333333334 0.4300925925925926 0.026041666666666668 0.0824074074074074
0 0.08151041666666667 0.5435185185185185 0.05364583333333333 0.05925925925925926
0 0.07760416666666667 0.6032407407407407 0.07447916666666667 0.07592592592592592
0 0.026041666666666668 0.6134259259259259 0.052083333333333336 0.05740740740740741
0 0.009635416666666667 0.7027777777777777 0.019270833333333334 0.1037037037037037
0 0.0421875 0.6773148148148148 0.05520833333333333 0.10092592592592593
0 0.0984375 0.7064814814814815 0.08229166666666667 0.10462962962962963
0 0.15807291666666667 0.5231481481481481 0.0765625 0.10925925925925926
0 0.13776041666666666 0.45787037037037037 0.06875 0.06296296296296296
0 0.043229166666666666 0.3523148148148148 0.05260416666666667 0.08148148148148149
0 0.09322916666666667 0.3347222222222222 0.041666666666666664 0.07777777777777778
0 0.016666666666666666 0.3347222222222222 0.03333333333333333 0.08055555555555556
0 0.08463541666666667 0.35694444444444445 0.028645833333333332 0.06111111111111111
0 0.1140625 0.30833333333333335 0.04010416666666667 0.08148148148148149
0 0.15677083333333333 0.2967592592592593 0.059375 0.07777777777777778
0 0.18645833333333334 0.24953703703703703 0.0484375 0.09351851851851851
0 0.14192708333333334 0.2513888888888889 0.04583333333333333 0.0824074074074074
0 0.07239583333333334 0.24305555555555555 0.06041666666666667 0.03796296296296296
0 0.05 0.29305555555555557 0.0453125 0.05
0 0.0265625 0.2689814814814815 0.053125 0.030555555555555555
0 0.01796875 0.2388888888888889 0.0359375 0.040740740740740744
0 0.014583333333333334 0.28055555555555556 0.029166666666666667 0.032407407407407406
0 0.09661458333333334 0.26944444444444443 0.04583333333333333 0.03333333333333333
0 0.020833333333333332 0.19953703703703704 0.041666666666666664 0.06759259259259259
0 0.025 0.16018518518518518 0.04583333333333333 0.03425925925925926
0 0.038802083333333334 0.1175925925925926 0.03802083333333333 0.05277777777777778
0 0.0078125 0.1361111111111111 0.015625 0.06296296296296296
0 0.07135416666666666 0.1685185185185185 0.034895833333333334 0.06111111111111111
0 0.05807291666666667 0.14675925925925926 0.03125 0.05648148148148148
0 0.08828125 0.12685185185185185 0.04375 0.03333333333333333
0 0.06901041666666667 0.10277777777777777 0.036458333333333336 0.032407407407407406
0 0.12291666666666666 0.19166666666666668 0.059895833333333336 0.062037037037037036
0 0.1 0.1736111111111111 0.03177083333333333 0.04722222222222222
0 0.11484375 0.13333333333333333 0.0296875 0.032407407407407406
0 0.17630208333333333 0.14351851851851852 0.035416666666666666 0.062037037037037036
0 0.15677083333333333 0.16342592592592592 0.03958333333333333 0.05
0 0.14557291666666666 0.11898148148148148 0.03333333333333333 0.05925925925925926
0 0.1125 0.1050925925925926 0.041666666666666664 0.026851851851851852
0 0.11744791666666667 0.08055555555555556 0.0484375 0.027777777777777776
0 0.15208333333333332 0.075 0.025 0.040740740740740744
0 0.1625 0.06388888888888888 0.0265625 0.025925925925925925
0 0.1828125 0.10925925925925926 0.041666666666666664 0.04537037037037037
0 0.22838541666666667 0.11805555555555555 0.04479166666666667 0.06944444444444445
0 0.21640625 0.0763888888888889 0.04479166666666667 0.021296296296296296
0 0.18411458333333333 0.07546296296296297 0.03125 0.027777777777777776
0 0.20729166666666668 0.04490740740740741 0.04114583333333333 0.03796296296296296
0 0.25234375 0.049074074074074076 0.0296875 0.019444444444444445
0 0.2520833333333333 0.0712962962962963 0.0375 0.025
0 0.25104166666666666 0.09398148148148149 0.03697916666666667 0.030555555555555555
0 0.09609375 0.04814814814814815 0.04479166666666667 0.06111111111111111
0 0.05677083333333333 0.0699074074074074 0.034895833333333334 0.05277777777777778
0 0.04140625 0.02638888888888889 0.03177083333333333 0.05277777777777778
0 0.06901041666666667 0.023148148148148147 0.03333333333333333 0.046296296296296294
0 0.096875 0.014814814814814815 0.03958333333333333 0.02962962962962963
0 0.14557291666666666 0.033796296296296297 0.04114583333333333 0.022222222222222223
0 0.12526041666666668 0.0625 0.04010416666666667 0.03518518518518519
0 0.16484375 0.006944444444444444 0.030208333333333334 0.013888888888888888
0 0.17369791666666667 0.013888888888888888 0.040625 0.014814814814814815
0 0.23723958333333334 0.018055555555555554 0.019791666666666666 0.018518518518518517
0 0.21171875 0.01990740740740741 0.028125 0.024074074074074074
0 0.26901041666666664 0.03611111111111111 0.049479166666666664 0.025
0 0.30703125 0.008333333333333333 0.016666666666666666 0.013888888888888888
0 0.28177083333333336 0.02175925925925926 0.0421875 0.024074074074074074
0 0.3182291666666667 0.08888888888888889 0.0390625 0.0712962962962963
0 0.3419270833333333 0.043055555555555555 0.03802083333333333 0.032407407407407406
0 0.34140625 0.012037037037037037 0.03333333333333333 0.024074074074074074
0 0.37395833333333334 0.03796296296296296 0.04010416666666667 0.07592592592592592
0 0.3997395833333333 0.028703703703703703 0.026041666666666668 0.05740740740740741
0 0.36770833333333336 0.09166666666666666 0.057291666666666664 0.044444444444444446
0 0.44375 0.0699074074074074 0.04895833333333333 0.049074074074074076
0 0.4375 0.13796296296296295 0.0453125 0.06481481481481481
0 0.3854166666666667 0.15185185185185185 0.05 0.075
0 0.44583333333333336 0.015277777777777777 0.035416666666666666 0.030555555555555555
0 0.47291666666666665 0.034722222222222224 0.0625 0.05092592592592592
0 0.5309895833333333 0.03888888888888889 0.0390625 0.04722222222222222
0 0.5567708333333333 0.010648148148148148 0.0390625 0.021296296296296296
0 0.62109375 0.11018518518518519 0.05625 0.08333333333333333
0 0.5434895833333333 0.2462962962962963 0.07552083333333333 0.06574074074074074
0 0.60390625 0.26944444444444443 0.084375 0.06574074074074074
0 0.60546875 0.20092592592592592 0.059375 0.041666666666666664
0 0.6111979166666667 0.17083333333333334 0.07604166666666666 0.03333333333333333
0 0.6622395833333333 0.15185185185185185 0.03802083333333333 0.07407407407407407
0 0.6921875 0.1388888888888889 0.05 0.06944444444444445
0 0.721875 0.1787037037037037 0.059895833333333336 0.021296296296296296
0 0.6682291666666667 0.2671296296296296 0.06875 0.05462962962962963
0 0.72265625 0.20601851851851852 0.059895833333333336 0.019444444444444445
0 0.6776041666666667 0.20694444444444443 0.0546875 0.03333333333333333
0 0.72890625 0.2796296296296296 0.06979166666666667 0.09166666666666666
0 0.76015625 0.24259259259259258 0.05520833333333333 0.07037037037037037
0 0.7861979166666667 0.20462962962962963 0.052083333333333336 0.0787037037037037
0 0.7645833333333333 0.44537037037037036 0.08020833333333334 0.09166666666666666
0 0.76796875 0.09444444444444444 0.0421875 0.058333333333333334
0 0.8692708333333333 0.08148148148148149 0.04479166666666667 0.049074074074074076
0 0.8911458333333333 0.12222222222222222 0.059895833333333336 0.07037037037037037
0 0.8981770833333333 0.029166666666666667 0.046875 0.03796296296296296
0 0.9403645833333333 0.05555555555555555 0.044270833333333336 0.046296296296296294
0 0.9330729166666667 0.0875 0.052083333333333336 0.02962962962962963
0 0.9447916666666667 0.10324074074074074 0.0546875 0.03611111111111111
0 0.9796875 0.12361111111111112 0.03958333333333333 0.05
0 0.9822916666666667 0.11435185185185186 0.035416666666666666 0.041666666666666664
0 0.97734375 0.19583333333333333 0.0453125 0.05462962962962963
0 0.9921875 0.1699074074074074 0.015625 0.024074074074074074
0 0.9859375 0.026851851851851852 0.013020833333333334 0.023148148148148147
0 0.9856770833333334 0.04490740740740741 0.023958333333333335 0.018518518518518517
0 0.9244791666666666 0.017592592592592594 0.034375 0.03518518518518519
0 0.9 0.5370370370370371 0.09791666666666667 0.07962962962962963
0 0.878125 0.5912037037037037 0.10416666666666667 0.06018518518518518
0 0.8736979166666666 0.6328703703703704 0.07916666666666666 0.08333333333333333
0 0.9265625 0.7055555555555556 0.10104166666666667 0.11203703703703703
0 0.82421875 0.6842592592592592 0.078125 0.09537037037037037
0 0.7989583333333333 0.5351851851851852 0.10677083333333333 0.06296296296296296
0 0.7255208333333333 0.5171296296296296 0.08697916666666666 0.03888888888888889
0 0.6997395833333333 0.5564814814814815 0.078125 0.05092592592592592
0 0.5697916666666667 0.4546296296296296 0.08333333333333333 0.07592592592592592
0 0.6471354166666666 0.5171296296296296 0.07083333333333333 0.05185185185185185
0 0.6442708333333333 0.5574074074074075 0.07708333333333334 0.041666666666666664
0 0.621875 0.5912037037037037 0.10677083333333333 0.09074074074074075
0 0.5903645833333333 0.5162037037037037 0.07447916666666667 0.1
0 0.7184895833333333 0.6648148148148149 0.08958333333333333 0.11851851851851852
0 0.6916666666666667 0.5944444444444444 0.109375 0.09722222222222222
0 0.7924479166666667 0.7046296296296296 0.096875 0.125
0 0.778125 0.5884259259259259 0.09322916666666667 0.08611111111111111
0 0.603125 0.6944444444444444 0.09583333333333334 0.06666666666666667
0 0.67890625 0.7402777777777778 0.10677083333333333 0.06944444444444445
0 0.79765625 0.8495370370370371 0.06458333333333334 0.15462962962962962
0 0.7294270833333333 0.7870370370370371 0.08802083333333334 0.058333333333333334
0 0.6213541666666667 0.8384259259259259 0.11354166666666667 0.1175925925925926
0 0.7390625 0.8611111111111112 0.07760416666666667 0.09259259259259259
0 0.6768229166666667 0.8666666666666667 0.051041666666666666 0.12129629629629629
0 0.61328125 0.9023148148148148 0.07395833333333333 0.13055555555555556
0 0.7354166666666667 0.9453703703703704 0.10989583333333333 0.08055555555555556
0 0.8122395833333333 0.9648148148148148 0.10416666666666667 0.06851851851851852
0 0.7458333333333333 0.9875 0.0578125 0.025
0 0.6591145833333333 0.9597222222222223 0.08489583333333334 0.08055555555555556
0 0.56328125 0.9745370370370371 0.10416666666666667 0.05092592592592592
0 0.5130208333333334 0.9296296296296296 0.09010416666666667 0.09907407407407408
0 0.41302083333333334 0.9601851851851851 0.10677083333333333 0.07407407407407407
0 0.38958333333333334 0.8962962962962963 0.10104166666666667 0.09537037037037037
0 0.3567708333333333 0.8592592592592593 0.0734375 0.08888888888888889
0 0.26979166666666665 0.913425925925926 0.084375 0.1259259259259259
0 0.2703125 0.8143518518518519 0.08802083333333334 0.14166666666666666
0 0.16770833333333332 0.8606481481481482 0.12760416666666666 0.09907407407407408
0 0.08854166666666667 0.9115740740740741 0.13333333333333333 0.17685185185185184
0 0.05182291666666667 0.9125 0.09635416666666667 0.175
0 0.16770833333333332 0.7425925925925926 0.06875 0.1111111111111111
0 0.21744791666666666 0.7708333333333334 0.08645833333333333 0.10185185185185185
0 0.27239583333333334 0.7087962962962963 0.08333333333333333 0.08981481481481482
0 0.32005208333333335 0.7944444444444444 0.058854166666666666 0.11944444444444445
0 0.3653645833333333 0.7527777777777778 0.08177083333333333 0.08055555555555556
0 0.43203125 0.837037037037037 0.10260416666666666 0.08333333333333333
0 0.5138020833333333 0.8351851851851851 0.07552083333333333 0.1111111111111111
0 0.4635416666666667 0.7569444444444444 0.08072916666666667 0.09259259259259259
0 0.41458333333333336 0.7546296296296297 0.04375 0.07407407407407407
0 0.35911458333333335 0.6939814814814815 0.084375 0.06296296296296296
0 0.37526041666666665 0.6425925925925926 0.07708333333333334 0.06388888888888888
0 0.34609375 0.5851851851851851 0.09010416666666667 0.06944444444444445
0 0.29453125 0.6152777777777778 0.0671875 0.08981481481481482
0 0.24010416666666667 0.6203703703703703 0.08177083333333333 0.1111111111111111
0 0.29453125 0.6671296296296296 0.07447916666666667 0.05092592592592592
0 0.315625 0.5013888888888889 0.08958333333333333 0.07777777777777778
0 0.3658854166666667 0.512962962962963 0.06666666666666667 0.05462962962962963
0 0.4049479166666667 0.5324074074074074 0.08072916666666667 0.05462962962962963
0 0.4388020833333333 0.5564814814814815 0.08802083333333334 0.04814814814814815
0 0.4671875 0.49537037037037035 0.08489583333333334 0.06944444444444445
0 0.77265625 0.5833333333333334 0.013020833333333334 0.021296296296296296
0 0.9333333333333333 0.612037037037037 0.0125 0.007407407407407408
0 0.4671875 0.5847222222222223 0.0734375 0.06296296296296296
0 0.4856770833333333 0.6342592592592593 0.06302083333333333 0.10185185185185185
0 0.5283854166666667 0.5935185185185186 0.0609375 0.06296296296296296
0 0.5697916666666667 0.5814814814814815 0.0703125 0.13425925925925927
0 0.5625 0.7111111111111111 0.10260416666666666 0.04722222222222222
0 0.5526041666666667 0.7694444444444445 0.09010416666666667 0.11203703703703703
0 0.4752604166666667 0.6875 0.090625 0.05185185185185185
0 0.42291666666666666 0.6189814814814815 0.0796875 0.1111111111111111
0 0.42916666666666664 0.6986111111111111 0.06145833333333333 0.07685185185185185