0 0.69453125 0.7430555555555556 0.13020833333333334 0.20185185185185187
0 0.8515625 0.4111111111111111 0.06614583333333333 0.11851851851851852
0 0.9705729166666667 0.2638888888888889 0.058854166666666666 0.08611111111111111
0 0.9895833333333334 0.7546296296296297 0.020833333333333332 0.19166666666666668
0 0.5213541666666667 0.8796296296296297 0.12760416666666666 0.1574074074074074
0 0.4700520833333333 0.774537037037037 0.1015625 0.15092592592592594
0 0.3484375 0.825 0.11197916666666667 0.12222222222222222
0 0.3580729166666667 0.9157407407407407 0.1484375 0.15555555555555556
0 0.07734375 0.9226851851851852 0.13020833333333334 0.11388888888888889
0 0.05364583333333333 0.9643518518518519 0.10729166666666666 0.0712962962962963
0 0.06432291666666666 0.7814814814814814 0.07135416666666666 0.17407407407407408
0 0.23359375 0.6157407407407407 0.0953125 0.19722222222222222
0 0.34036458333333336 0.5287037037037037 0.11302083333333333 0.16203703703703703
0 0.17682291666666666 0.49953703703703706 0.07552083333333333 0.14722222222222223
0 0.11015625 0.5939814814814814 0.071875 0.16666666666666666
0 0.23880208333333333 0.37453703703703706 0.0875 0.16111111111111112
0 0.2947916666666667 0.3111111111111111 0.09010416666666667 0.09444444444444444
0 0.44583333333333336 0.19583333333333333 0.07083333333333333 0.09166666666666666
0 0.5200520833333333 0.1175925925925926 0.0625 0.12314814814814815
0 0.47630208333333335 0.11574074074074074 0.059895833333333336 0.07685185185185185
0 0.3484375 0.1259259259259259 0.07239583333333334 0.11296296296296296
0 0.3065104166666667 0.21574074074074073 0.08854166666666667 0.13148148148148148
0 0.2955729166666667 0.125 0.04375 0.09722222222222222
0 0.125 0.24351851851851852 0.11666666666666667 0.14166666666666666
0 0.38203125 0.05138888888888889 0.06822916666666666 0.10277777777777777
0 0.34088541666666666 0.04212962962962963 0.04010416666666667 0.08425925925925926
0 0.42161458333333335 0.0699074074074074 0.03333333333333333 0.041666666666666664
0 0.4625 0.06527777777777778 0.04583333333333333 0.07222222222222222
0 0.49895833333333334 0.04861111111111111 0.03958333333333333 0.05092592592592592
0 0.56875 0.0375 0.042708333333333334 0.0712962962962963
0 0.65 0.05925925925925926 0.06770833333333333 0.09166666666666666
0 0.6130208333333333 0.05416666666666667 0.025 0.03888888888888889
0 0.70390625 0.19074074074074074 0.078125 0.125
0 0.609375 0.019444444444444445 0.046875 0.03888888888888889
0 0.4393229166666667 0.03194444444444444 0.04739583333333333 0.04259259259259259
0 0.5307291666666667 0.021296296296296296 0.0328125 0.04259259259259259
0 0.17057291666666666 0.12037037037037036 0.04791666666666667 0.05648148148148148
0 0.21015625 0.11388888888888889 0.033854166666666664 0.06666666666666667
0 0.12265625 0.12638888888888888 0.0515625 0.06111111111111111
0 0.08463541666666667 0.16018518518518518 0.04583333333333333 0.0712962962962963
0 0.12864583333333332 0.07777777777777778 0.03177083333333333 0.041666666666666664
0 0.14322916666666666 0.04351851851851852 0.04895833333333333 0.04722222222222222
0 0.171875 0.05416666666666667 0.0390625 0.03425925925925926
0 0.17369791666666667 0.06666666666666667 0.05677083333333333 0.03611111111111111
0 0.24296875 0.05277777777777778 0.06458333333333334 0.05277777777777778
0 0.23125 0.08101851851851852 0.05260416666666667 0.053703703703703705
0 0.16848958333333333 0.024537037037037038 0.0203125 0.026851851851851852
0 0.09479166666666666 0.07453703703703704 0.040625 0.06296296296296296
0 0.11276041666666667 0.022222222222222223 0.025 0.044444444444444446
0 0.08645833333333333 0.02824074074074074 0.03958333333333333 0.04537037037037037
0 0.01171875 0.3333333333333333 0.0234375 0.07592592592592592
0 0.015625 0.27361111111111114 0.03125 0.058333333333333334
0 0.017447916666666667 0.2013888888888889 0.034895833333333334 0.0712962962962963
0 0.039322916666666666 0.1361111111111111 0.0375 0.09074074074074075
0 0.05520833333333333 0.09814814814814815 0.0421875 0.06111111111111111
0 0.01640625 0.13472222222222222 0.0328125 0.06944444444444445
0 0.7609375 0.08564814814814815 0.06510416666666667 0.12129629629629629
0 0.8802083333333334 0.09583333333333334 0.04895833333333333 0.06851851851851852
0 0.9299479166666667 0.10462962962962963 0.049479166666666664 0.05555555555555555
0 0.94453125 0.16018518518518518 0.046875 0.08611111111111111
0 0.975 0.13148148148148148 0.028645833333333332 0.05092592592592592
0 0.9859375 0.1587962962962963 0.028125 0.041666666666666664
0 0.9875 0.2023148148148148 0.025 0.06018518518518518
0 0.9942708333333333 0.09722222222222222 0.011458333333333333 0.06666666666666667
0 0.9380208333333333 0.02361111111111111 0.03229166666666667 0.04722222222222222
0 0.9143229166666667 0.019444444444444445 0.04635416666666667 0.03888888888888889
0 0.9481770833333333 0.06805555555555555 0.041666666666666664 0.044444444444444446