0 0.17005208333333333 0.6037037037037037 0.103125 0.11666666666666667
0 0.21770833333333334 0.4375 0.06666666666666667 0.1814814814814815
0 0.2755208333333333 0.30787037037037035 0.10208333333333333 0.14629629629629629
0 0.28098958333333335 0.6041666666666666 0.07604166666666666 0.14537037037037037
0 0.37005208333333334 0.6439814814814815 0.06875 0.13703703703703704
0 0.13932291666666666 0.7425925925925926 0.11614583333333334 0.13703703703703704
0 0.090625 0.8162037037037037 0.09635416666666667 0.18425925925925926
0 0.071875 0.9194444444444444 0.14375 0.1574074074074074
0 0.025260416666666667 0.8773148148148148 0.050520833333333334 0.17592592592592593
0 0.271875 0.9578703703703704 0.11145833333333334 0.08425925925925926
0 0.3932291666666667 0.762962962962963 0.11979166666666667 0.10833333333333334
0 0.44166666666666665 0.8328703703703704 0.12291666666666666 0.12962962962962962
0 0.55078125 0.6444444444444445 0.090625 0.18611111111111112
0 0.6690104166666667 0.5537037037037037 0.09375 0.10555555555555556
0 0.6963541666666667 0.4486111111111111 0.10677083333333333 0.10092592592592593
0 0.7541666666666667 0.549074074074074 0.06822916666666666 0.1175925925925926
0 0.6765625 0.9050925925925926 0.184375 0.15092592592592594
0 0.9606770833333333 0.46296296296296297 0.059375 0.1388888888888889
0 0.8005208333333333 0.17777777777777778 0.08958333333333333 0.09907407407407408
0 0.7286458333333333 0.2273148148148148 0.049479166666666664 0.08703703703703704
0 0.6856770833333333 0.2125 0.0765625 0.07407407407407407
0 0.6296875 0.1986111111111111 0.05 0.10185185185185185
0 0.9078125 0.017592592592592594 0.05416666666666667 0.03518518518518519
0 0.8973958333333333 0.049074074074074076 0.04375 0.044444444444444446
0 0.94921875 0.06018518518518518 0.0484375 0.02962962962962963
0 0.9356770833333333 0.08287037037037037 0.04375 0.05277777777777778
0 0.9739583333333334 0.0962962962962963 0.04375 0.04814814814814815
0 0.9916666666666667 0.04537037037037037 0.016666666666666666 0.027777777777777776
0 0.97734375 0.12777777777777777 0.0453125 0.05092592592592592
0 0.9872395833333333 0.18703703703703703 0.022916666666666665 0.08703703703703704
0 0.96171875 0.19722222222222222 0.040625 0.07962962962962963
0 0.8359375 0.011574074074074073 0.0375 0.023148148148148147
0 0.6520833333333333 0.043055555555555555 0.034375 0.05462962962962963
0 0.61328125 0.04953703703703704 0.04479166666666667 0.04537037037037037
0 0.5497395833333333 0.05462962962962963 0.026041666666666668 0.04722222222222222
0 0.5669270833333333 0.018055555555555554 0.033854166666666664 0.018518518518518517
0 0.58515625 0.012037037037037037 0.04010416666666667 0.024074074074074074
0 0.6080729166666666 0.008796296296296297 0.033854166666666664 0.013888888888888888
0 0.51484375 0.03935185185185185 0.0375 0.049074074074074076
0 0.5286458333333334 0.009259259259259259 0.04114583333333333 0.014814814814814815
0 0.4903645833333333 0.031018518518518518 0.022916666666666665 0.04814814814814815
0 0.46067708333333335 0.052314814814814814 0.030729166666666665 0.07407407407407407
0 0.471875 0.02546296296296296 0.019791666666666666 0.011111111111111112
0 0.42890625 0.050462962962962966 0.03229166666666667 0.05277777777777778
0 0.40572916666666664 0.06018518518518518 0.04791666666666667 0.03981481481481482
0 0.35572916666666665 0.052314814814814814 0.03802083333333333 0.044444444444444446
0 0.3921875 0.019444444444444445 0.027604166666666666 0.021296296296296296
0 0.35182291666666665 0.008333333333333333 0.027083333333333334 0.011111111111111112
0 0.3697916666666667 0.015277777777777777 0.022916666666666665 0.012037037037037037
0 0.48515625 0.11805555555555555 0.075 0.05277777777777778
0 0.26145833333333335 0.19444444444444445 0.06614583333333333 0.11666666666666667
0 0.03333333333333333 0.2708333333333333 0.051041666666666666 0.11666666666666667
0 0.011979166666666667 0.5282407407407408 0.023958333333333335 0.15
0 0.018489583333333334 0.17453703703703705 0.03697916666666667 0.06944444444444445
0 0.022135416666666668 0.15462962962962962 0.044270833333333336 0.040740740740740744
0 0.03463541666666667 0.1300925925925926 0.06927083333333334 0.049074074074074076
0 0.053385416666666664 0.1050925925925926 0.05 0.05462962962962963
0 0.0703125 0.0699074074074074 0.04895833333333333 0.04537037037037037
0 0.035416666666666666 0.05092592592592592 0.029166666666666667 0.04259259259259259
0 0.08333333333333333 0.027314814814814816 0.0390625 0.04814814814814815
0 0.11328125 0.030555555555555555 0.0375 0.06111111111111111
0 0.046614583333333334 0.021296296296296296 0.024479166666666666 0.04259259259259259
0 0.18020833333333333 0.024074074074074074 0.0515625 0.032407407407407406
0 0.2015625 0.0412037037037037 0.05260416666666667 0.018518518518518517
0 0.20520833333333333 0.0712962962962963 0.051041666666666666 0.03425925925925926
0 0.18828125 0.10648148148148148 0.04635416666666667 0.044444444444444446
0 0.24140625 0.09305555555555556 0.03958333333333333 0.053703703703703705
0 0.26119791666666664 0.05740740740740741 0.018229166666666668 0.03518518518518519
0 0.28932291666666665 0.027314814814814816 0.041666666666666664 0.025925925925925925
0 0.2390625 0.03935185185185185 0.044270833333333336 0.018518518518518517
0 0.253125 0.0125 0.05625 0.025
0 0.3078125 0.07777777777777778 0.0453125 0.05740740740740741
0 0.0049479166666666664 0.34074074074074073 0.009895833333333333 0.053703703703703705