0 0.5213541666666667 0.37175925925925923 0.16770833333333332 0.26296296296296295
0 0.6674479166666667 0.5125 0.08802083333333334 0.17407407407407408
0 0.75 0.44722222222222224 0.09583333333333334 0.18703703703703703
0 0.7627604166666667 0.47129629629629627 0.08854166666666667 0.11388888888888889
0 0.2515625 0.45694444444444443 0.1078125 0.24722222222222223
0 0.2921875 0.3074074074074074 0.09166666666666666 0.10740740740740741
0 0.121875 0.7828703703703703 0.125 0.1712962962962963
0 0.24661458333333333 0.9203703703703704 0.171875 0.15925925925925927
0 0.40546875 0.5453703703703704 0.11354166666666667 0.19907407407407407
0 0.56171875 0.9004629629629629 0.1390625 0.19907407407407407
0 0.06770833333333333 0.975925925925926 0.11875 0.04814814814814815
0 0.9669270833333333 0.6694444444444444 0.06614583333333333 0.17962962962962964
0 0.91953125 0.18935185185185185 0.07708333333333334 0.0824074074074074
0 0.9432291666666667 0.15185185185185185 0.05572916666666667 0.07407407407407407
0 0.9859375 0.17685185185185184 0.028125 0.08703703703703704
0 0.9893229166666667 0.12731481481481483 0.021354166666666667 0.041666666666666664
0 0.9783854166666667 0.09722222222222222 0.043229166666666666 0.07037037037037037
0 0.9802083333333333 0.04398148148148148 0.011458333333333333 0.019444444444444445
0 0.94296875 0.06574074074074074 0.06197916666666667 0.05925925925925926
0 0.953125 0.038425925925925926 0.017708333333333333 0.026851851851851852
0 0.953125 0.08842592592592592 0.03229166666666667 0.05092592592592592
0 0.8770833333333333 0.03981481481481482 0.052083333333333336 0.07962962962962963
0 0.9333333333333333 0.026851851851851852 0.0375 0.053703703703703705
0 0.9057291666666667 0.018055555555555554 0.025 0.03611111111111111
0 0.6653645833333334 0.17453703703703705 0.11510416666666666 0.10740740740740741
0 0.7854166666666667 0.038425925925925926 0.06041666666666667 0.07685185185185185
0 0.6638020833333333 0.050462962962962966 0.058854166666666666 0.10092592592592593
0 0.503125 0.1337962962962963 0.07708333333333334 0.06944444444444445
0 0.4734375 0.1050925925925926 0.0546875 0.049074074074074076
0 0.45416666666666666 0.08703703703703704 0.051041666666666666 0.049074074074074076
0 0.5046875 0.06805555555555555 0.05416666666666667 0.05555555555555555
0 0.5309895833333333 0.03657407407407407 0.053125 0.05462962962962963
0 0.5591145833333333 0.03287037037037037 0.058854166666666666 0.062037037037037036
0 0.5625 0.014814814814814815 0.04479166666666667 0.02962962962962963
0 0.5596354166666667 0.0712962962962963 0.04114583333333333 0.06851851851851852
0 0.6125 0.043055555555555555 0.04375 0.06481481481481481
0 0.3328125 0.14537037037037037 0.07239583333333334 0.15648148148148147
0 0.37395833333333334 0.1 0.04010416666666667 0.0787037037037037
0 0.4484375 0.04490740740740741 0.025520833333333333 0.05648148148148148
0 0.45807291666666666 0.022222222222222223 0.04739583333333333 0.03425925925925926
0 0.41380208333333335 0.03564814814814815 0.043229166666666666 0.03611111111111111
0 0.42213541666666665 0.013425925925925926 0.035416666666666666 0.026851851851851852
0 0.3625 0.038425925925925926 0.0296875 0.05648148148148148
0 0.41119791666666666 0.08194444444444444 0.053125 0.044444444444444446
0 0.33151041666666664 0.046296296296296294 0.03802083333333333 0.037037037037037035
0 0.16328125 0.3824074074074074 0.08385416666666666 0.15555555555555556
0 0.04296875 0.2935185185185185 0.08333333333333333 0.09074074074074075
0 0.01875 0.25277777777777777 0.0375 0.06296296296296296
0 0.09453125 0.1648148148148148 0.078125 0.06759259259259259
0 0.17109375 0.1912037037037037 0.0734375 0.12222222222222222
0 0.07786458333333333 0.09305555555555556 0.05677083333333333 0.0824074074074074
0 0.11380208333333333 0.08425925925925926 0.0421875 0.0712962962962963
0 0.14765625 0.1087962962962963 0.0375 0.08888888888888889
0 0.18098958333333334 0.1125 0.04114583333333333 0.05092592592592592
0 0.228125 0.0837962962962963 0.05520833333333333 0.05092592592592592
0 0.21458333333333332 0.11388888888888889 0.0484375 0.08703703703703704
0 0.21666666666666667 0.0412037037037037 0.03333333333333333 0.041666666666666664
0 0.21796875 0.01990740740740741 0.0359375 0.03611111111111111
0 0.24244791666666668 0.047685185185185185 0.03229166666666667 0.032407407407407406
0 0.278125 0.04398148148148148 0.03854166666666667 0.028703703703703703
0 0.26614583333333336 0.0787037037037037 0.0359375 0.03796296296296296
0 0.17057291666666666 0.047685185185185185 0.0453125 0.040740740740740744
0 0.13072916666666667 0.043055555555555555 0.03854166666666667 0.040740740740740744
0 0.18020833333333333 0.010648148148148148 0.041666666666666664 0.021296296296296296
0 0.11041666666666666 0.022222222222222223 0.059895833333333336 0.044444444444444446