0 0.146875 0.93125 0.1171875 0.1375
0 0.05625 0.95078125 0.1125 0.0953125
0 0.47734375 0.94453125 0.134375 0.1
0 0.60703125 0.946875 0.1265625 0.10625
0 0.71015625 0.90625 0.0828125 0.1234375
0 0.878125 0.95703125 0.0390625 0.0859375
0 0.9734375 0.8796875 0.046875 0.10625
0 0.775 0.81171875 0.0765625 0.1484375
0 0.71015625 0.69375 0.0890625 0.1609375
0 0.49296875 0.70625 0.14375 0.159375
0 0.3484375 0.62421875 0.0953125 0.1546875
0 0.278125 0.66171875 0.053125 0.09375
0 0.18046875 0.67421875 0.10625 0.0859375
0 0.184375 0.7609375 0.1078125 0.1046875
0 0.0953125 0.796875 0.08125 0.1828125
0 0.0203125 0.76328125 0.040625 0.165625
0 0.04453125 0.6515625 0.0640625 0.1390625
0 0.18984375 0.64453125 0.09375 0.0546875
0 0.109375 0.64140625 0.0828125 0.103125
0 0.85078125 0.840625 0.0921875 0.1125
0 0.9625 0.80625 0.075 0.1546875
0 0.55390625 0.87421875 0.08125 0.125
0 0.4515625 0.859375 0.10625 0.0796875
0 0.30390625 0.79453125 0.096875 0.0953125
0 0.43671875 0.80234375 0.0796875 0.0890625
0 0.875 0.62734375 0.1015625 0.13125
0 0.94453125 0.628125 0.059375 0.096875
0 0.88203125 0.56796875 0.065625 0.0875
0 0.94453125 0.5390625 0.1 0.0859375
0 0.87421875 0.48125 0.0859375 0.1359375
0 0.953125 0.440625 0.0703125 0.0875
0 0.74765625 0.51796875 0.125 0.1359375
0 0.66015625 0.57265625 0.084375 0.0984375
0 0.63671875 0.49609375 0.0765625 0.0625
0 0.57421875 0.51796875 0.06875 0.0734375
0 0.5265625 0.5734375 0.1171875 0.0671875
0 0.41171875 0.64765625 0.0703125 0.1359375
0 0.2515625 0.56796875 0.0796875 0.103125
0 0.040625 0.58203125 0.08125 0.0984375
0 0.14765625 0.53203125 0.103125 0.109375
0 0.1203125 0.4671875 0.10625 0.0984375
0 0.2359375 0.43984375 0.1078125 0.06875
0 0.28046875 0.49921875 0.103125 0.090625
0 0.42265625 0.51171875 0.10625 0.0953125
0 0.78515625 0.65390625 0.075 0.1109375
0 0.084375 0.365625 0.0890625 0.10625
0 0.1375 0.40859375 0.0921875 0.0609375
0 0.24296875 0.34375 0.0984375 0.09375
0 0.1828125 0.2921875 0.0390625 0.075
0 0.13125 0.3078125 0.0515625 0.0734375
0 0.01796875 0.36640625 0.0359375 0.046875
0 0.01875 0.47265625 0.0375 0.0859375
0 0.5015625 0.46484375 0.0609375 0.090625
0 0.50546875 0.371875 0.071875 0.1046875
0 0.58515625 0.4203125 0.0734375 0.0921875
0 0.665625 0.378125 0.0515625 0.0859375
0 0.66953125 0.3203125 0.0578125 0.053125
0 0.73203125 0.31875 0.046875 0.065625
0 0.7890625 0.33984375 0.0859375 0.0734375
0 0.734375 0.42890625 0.08125 0.0703125
0 0.81015625 0.41875 0.0859375 0.090625
0 0.60078125 0.30234375 0.0625 0.0796875
0 0.55546875 0.30234375 0.0546875 0.078125
0 0.3625 0.378125 0.0546875 0.1390625
0 0.41953125 0.30859375 0.0484375 0.0515625
0 0.2296875 0.24921875 0.0921875 0.06875
0 0.4375 0.26015625 0.084375 0.0625
0 0.4140625 0.24140625 0.065625 0.065625
0 0.31796875 0.26875 0.046875 0.09375
0 0.08046875 0.26328125 0.0953125 0.0703125
0 0.71171875 0.24609375 0.071875 0.0453125
0 0.8953125 0.26875 0.05625 0.0546875
0 0.9546875 0.30703125 0.059375 0.0828125
0 0.99296875 0.3234375 0.0140625 0.06875
0 0.88984375 0.35625 0.0546875 0.0875
0 0.4171875 0.40859375 0.0609375 0.084375
0 0.378125 0.45 0.0375 0.05625
0 0.51953125 0.3390625 0.04375 0.0859375
0 0.25625 0.4359375 0.0609375 0.0671875
0 0.32421875 0.5125 0.0609375 0.0609375
0 0.328125 0.54921875 0.06875 0.0625
0 0.0203125 0.2953125 0.040625 0.096875
0 0.50390625 0.24609375 0.0453125 0.0703125
0 0.74921875 0.23203125 0.0390625 0.071875
0 0.79296875 0.25859375 0.040625 0.0984375
0 0.83984375 0.253125 0.05 0.1078125
0 0.6140625 0.2609375 0.0359375 0.0671875
0 0.66328125 0.27265625 0.03125 0.078125
0 0.56171875 0.24609375 0.040625 0.04375
0 0.60078125 0.45703125 0.025 0.0578125
0 0.3046875 0.4171875 0.059375 0.103125