0 0.453125 0.92421875 0.075 0.1515625
0 0.35390625 0.9609375 0.1265625 0.078125
0 0.32734375 0.92890625 0.0546875 0.0734375
0 0.36015625 0.87109375 0.06875 0.13125
0 0.27265625 0.93359375 0.0484375 0.1328125
0 0.23671875 0.91328125 0.078125 0.153125
0 0.17890625 0.9375 0.071875 0.1125
0 0.1359375 0.95703125 0.0390625 0.06875
0 0.103125 0.97890625 0.0515625 0.0421875
0 0.08671875 0.90390625 0.0734375 0.11875
0 0.1125 0.85703125 0.0859375 0.05625
0 0.06015625 0.775 0.0515625 0.0578125
0 0.06796875 0.83515625 0.0546875 0.0828125
0 0.02421875 0.84609375 0.0484375 0.125
0 0.23046875 0.8234375 0.06875 0.1046875
0 0.24765625 0.8015625 0.09375 0.0875
0 0.15234375 0.77890625 0.0390625 0.065625
0 0.18515625 0.7921875 0.0703125 0.134375
0 0.10234375 0.7546875 0.103125 0.1265625
0 0.20078125 0.72265625 0.090625 0.075
0 0.196875 0.67734375 0.046875 0.0578125
0 0.29140625 0.71640625 0.09375 0.1109375
0 0.29765625 0.6671875 0.0671875 0.0703125
0 0.02578125 0.753125 0.0515625 0.0625
0 0.0609375 0.68203125 0.08125 0.075
0 0.346875 0.61640625 0.0359375 0.071875
0 0.25078125 0.5953125 0.0265625 0.071875
0 0.23828125 0.62890625 0.04375 0.0578125
0 0.2171875 0.5703125 0.0484375 0.0640625
0 0.27734375 0.5640625 0.04375 0.0515625
0 0.440625 0.7171875 0.065625 0.1265625
0 0.62109375 0.81171875 0.0890625 0.11875
0 0.64609375 0.709375 0.04375 0.1203125
0 0.6734375 0.9546875 0.0984375 0.090625
0 0.54453125 0.96953125 0.1 0.0609375
0 0.01171875 0.6328125 0.0234375 0.14375
0 0.06171875 0.62734375 0.078125 0.0703125
0 0.346875 0.4921875 0.046875 0.065625
0 0.28046875 0.478125 0.0328125 0.065625
0 0.21484375 0.50703125 0.0546875 0.0546875
0 0.18671875 0.46796875 0.04375 0.06875
0 0.1015625 0.4515625 0.0453125 0.0765625
0 0.24765625 0.38046875 0.0625 0.0421875
0 0.34140625 0.40625 0.0328125 0.0515625
0 0.38671875 0.45390625 0.0234375 0.0578125
0 0.43125 0.5953125 0.0359375 0.0796875
0 0.10703125 0.53515625 0.034375 0.065625
0 0.15 0.51484375 0.04375 0.0640625
0 0.15390625 0.61171875 0.0984375 0.065625
0 0.1421875 0.65859375 0.0515625 0.05625
0 0.20078125 0.65546875 0.0796875 0.065625
0 0.046875 0.5453125 0.0421875 0.0640625
0 0.03671875 0.4484375 0.05 0.0515625
0 0.1671875 0.43125 0.05625 0.0453125
0 0.1125 0.4125 0.046875 0.040625
0 0.36484375 0.40625 0.0234375 0.0515625
0 0.2875 0.39609375 0.0328125 0.04375
0 0.25546875 0.41328125 0.0234375 0.0375
0 0.25546875 0.45625 0.0359375 0.0578125
0 0.21640625 0.453125 0.0296875 0.0671875
0 0.29765625 0.44296875 0.046875 0.040625
0 0.15078125 0.384375 0.0578125 0.0359375
0 0.35078125 0.36953125 0.03125 0.04375
0 0.8484375 0.93984375 0.125 0.1203125
0 0.821875 0.79453125 0.121875 0.121875
0 0.765625 0.7109375 0.075 0.05625
0 0.68125 0.6578125 0.06875 0.1015625
0 0.878125 0.7515625 0.059375 0.0640625
0 0.8625 0.77109375 0.0921875 0.0859375
0 0.80625 0.65625 0.071875 0.1
0 0.90234375 0.6890625 0.046875 0.0703125
0 0.96015625 0.728125 0.0390625 0.0953125
0 0.8703125 0.64375 0.0453125 0.1
0 0.9265625 0.6203125 0.065625 0.090625
0 0.98671875 0.64296875 0.0265625 0.1
0 0.83515625 0.54609375 0.0375 0.0875
0 0.86796875 0.57734375 0.05 0.090625
0 0.7609375 0.61796875 0.05 0.0859375
0 0.71796875 0.596875 0.046875 0.0828125
0 0.65078125 0.60234375 0.0328125 0.0703125
0 0.61640625 0.58671875 0.040625 0.103125
0 0.578125 0.6078125 0.0328125 0.078125
0 0.55234375 0.615625 0.0359375 0.10625
0 0.690625 0.559375 0.03125 0.08125
0 0.71875 0.553125 0.021875 0.0671875
0 0.7375 0.55390625 0.0203125 0.0765625
0 0.76484375 0.5453125 0.028125 0.053125
0 0.7921875 0.540625 0.0203125 0.071875
0 0.9171875 0.5546875 0.0578125 0.0609375
0 0.97265625 0.55703125 0.028125 0.0625
0 0.88515625 0.5203125 0.0421875 0.0859375
0 0.78828125 0.48828125 0.0625 0.053125
0 0.94609375 0.503125 0.0328125 0.046875
0 0.975 0.49453125 0.046875 0.0671875
0 0.66171875 0.54296875 0.053125 0.0578125
0 0.59453125 0.54140625 0.0515625 0.05625
0 0.54921875 0.54296875 0.0265625 0.04375
0 0.64375 0.45234375 0.0265625 0.05625
0 0.62578125 0.44375 0.025 0.059375
0 0.63828125 0.50234375 0.0640625 0.0515625
0 0.38203125 0.39375 0.0234375 0.0640625
0 0.85859375 0.49296875 0.0609375 0.0734375
0 0.8484375 0.44296875 0.0296875 0.0546875
0 0.7640625 0.44921875 0.028125 0.053125
0 0.734375 0.50546875 0.0484375 0.0453125
0 0.7234375 0.4578125 0.05 0.0625
0 0.803125 0.45234375 0.0390625 0.06875
0 0.91015625 0.396875 0.0265625 0.04375
0 0.89609375 0.3390625 0.046875 0.059375
0 0.80078125 0.37578125 0.0625 0.0359375
0 0.809375 0.39296875 0.0390625 0.0640625
0 0.7875 0.33828125 0.0609375 0.05
0 0.56953125 0.47421875 0.0296875 0.0859375
0 0.9828125 0.415625 0.034375 0.0671875
0 0.94140625 0.371875 0.03125 0.05
0 0.846875 0.36953125 0.0328125 0.065625
0 0.87890625 0.396875 0.025 0.059375
0 0.9765625 0.3546875 0.0296875 0.04375
0 0.9921875 0.3734375 0.015625 0.04375
0 0.81171875 0.58203125 0.0375 0.046875