0 0.70703125 0.865625 0.171875 0.196875
0 0.77734375 0.953125 0.128125 0.09375
0 0.59296875 0.91328125 0.0984375 0.15
0 0.50859375 0.91875 0.08125 0.1625
0 0.44296875 0.93671875 0.0546875 0.1265625
0 0.453125 0.82578125 0.046875 0.090625
0 0.36875 0.87109375 0.1 0.1328125
0 0.30234375 0.84296875 0.0625 0.121875
0 0.11796875 0.93984375 0.1296875 0.1203125
0 0.24609375 0.965625 0.1203125 0.06875
0 0.11796875 0.8546875 0.08125 0.0984375
0 0.1890625 0.76015625 0.1359375 0.0828125
0 0.28125 0.71015625 0.1265625 0.1359375
0 0.1890625 0.68359375 0.05625 0.090625
0 0.11640625 0.6921875 0.059375 0.1078125
0 0.01875 0.91953125 0.0375 0.1203125
0 0.846875 0.71953125 0.08125 0.1921875
0 0.9046875 0.67109375 0.103125 0.084375
0 0.94609375 0.75390625 0.0953125 0.1328125
0 0.9453125 0.8375 0.109375 0.1453125
0 0.7328125 0.65 0.084375 0.0875
0 0.61171875 0.65703125 0.1203125 0.1046875
0 0.5453125 0.6203125 0.08125 0.0703125
0 0.41015625 0.64765625 0.1078125 0.0625
0 0.40546875 0.721875 0.096875 0.103125
0 0.64375 0.965625 0.08125 0.06875
0 0.72109375 0.57109375 0.0859375 0.0703125
0 0.60625 0.60078125 0.0828125 0.0921875
0 0.828125 0.61875 0.078125 0.090625
0 0.9125 0.6109375 0.09375 0.1015625
0 0.9453125 0.4921875 0.0640625 0.0984375
0 0.88046875 0.53203125 0.08125 0.09375
0 0.97578125 0.58515625 0.0484375 0.1015625
0 0.7359375 0.47890625 0.1046875 0.1265625
0 0.64765625 0.5046875 0.0515625 0.1140625
0 0.55390625 0.53828125 0.0390625 0.090625
0 0.509375 0.58125 0.0296875 0.1546875
0 0.45078125 0.578125 0.0859375 0.121875
0 0.3234375 0.56484375 0.0875 0.10625
0 0.2859375 0.61328125 0.065625 0.1015625
0 0.2578125 0.5625 0.053125 0.0859375
0 0.20859375 0.609375 0.090625 0.1078125
0 0.14765625 0.546875 0.06875 0.1125
0 0.19765625 0.52265625 0.0375 0.096875
0 0.27578125 0.5015625 0.084375 0.1265625
0 0.259375 0.45 0.0484375 0.0875
0 0.41328125 0.4640625 0.1328125 0.0796875
0 0.41484375 0.43359375 0.1140625 0.0625
0 0.34453125 0.44453125 0.0625 0.0890625
0 0.38125 0.50390625 0.071875 0.0921875
0 0.50625 0.4015625 0.0796875 0.0984375
0 0.8140625 0.43671875 0.0671875 0.1078125
0 0.93984375 0.4015625 0.1015625 0.1015625
0 0.8921875 0.39609375 0.075 0.08125
0 0.75234375 0.38359375 0.0640625 0.0890625
0 0.72890625 0.3078125 0.0515625 0.0625
0 0.61015625 0.3640625 0.04375 0.1
0 0.03046875 0.48359375 0.0453125 0.10625
0 0.2171875 0.3359375 0.053125 0.0953125
0 0.16953125 0.328125 0.053125 0.0609375
0 0.48671875 0.33984375 0.0984375 0.05625
0 0.46640625 0.28515625 0.0921875 0.0625
0 0.37578125 0.36640625 0.090625 0.0796875
0 0.675 0.290625 0.0546875 0.115625
0 0.88828125 0.30859375 0.046875 0.0921875
0 0.92734375 0.31953125 0.0578125 0.065625
0 0.81171875 0.31484375 0.0671875 0.071875
0 0.565625 0.3015625 0.0984375 0.078125
0 0.35859375 0.28125 0.078125 0.08125
0 0.27890625 0.29609375 0.0640625 0.06875
0 0.23671875 0.26484375 0.0546875 0.0671875
0 0.14140625 0.459375 0.0609375 0.09375
0 0.0625 0.40234375 0.0796875 0.084375
0 0.15390625 0.38828125 0.0828125 0.08125
0 0.2140625 0.421875 0.0625 0.065625
0 0.01953125 0.58828125 0.0390625 0.0984375
0 0.5640625 0.7796875 0.1140625 0.1359375
0 0.64765625 0.72421875 0.11875 0.1265625
0 0.76171875 0.7828125 0.0625 0.1421875
0 0.58359375 0.5296875 0.04375 0.0828125
0 0.615625 0.45703125 0.05625 0.084375
0 0.571875 0.4640625 0.0609375 0.084375
0 0.31875 0.37265625 0.0453125 0.09375
0 0.278125 0.3765625 0.034375 0.090625
0 0.2421875 0.403125 0.0359375 0.0984375
0 0.83203125 0.51875 0.0796875 0.103125
0 0.78359375 0.51015625 0.06875 0.1421875
0 0.6984375 0.3796875 0.0859375 0.078125
0 0.87890625 0.86875 0.1453125 0.159375
0 0.36953125 0.796875 0.1453125 0.075
0 0.25 0.90078125 0.096875 0.128125
0 0.396875 0.68125 0.08125 0.0875