0 0.2625 0.140625 0.225 0.18125
0 0.2890625 0.253125 0.19375 0.146875
0 0.4484375 0.14609375 0.1375 0.1671875
0 0.5625 0.2375 0.1578125 0.125
0 0.64375 0.33046875 0.1296875 0.1765625
0 0.5515625 0.36875 0.10625 0.1328125
0 0.43671875 0.3109375 0.1765625 0.15
0 0.41796875 0.41875 0.215625 0.1125
0 0.259375 0.415625 0.1515625 0.1859375
0 0.1546875 0.45 0.175 0.15
0 0.1296875 0.5765625 0.2078125 0.1765625
0 0.1078125 0.703125 0.203125 0.1640625
0 0.27109375 0.546875 0.1578125 0.128125
0 0.43359375 0.540625 0.1796875 0.165625
0 0.33671875 0.6390625 0.2015625 0.0984375
0 0.284375 0.73359375 0.28125 0.1328125
0 0.46796875 0.6640625 0.15625 0.1578125
0 0.5421875 0.7078125 0.234375 0.1734375
0 0.65234375 0.69921875 0.1671875 0.1390625
0 0.69375 0.5890625 0.0953125 0.109375
0 0.61171875 0.5515625 0.1890625 0.1078125
0 0.6 0.4734375 0.2046875 0.1171875
0 0.690625 0.91875 0.13125 0.1625
0 0.4859375 0.953125 0.159375 0.09375
0 0.23671875 0.953125 0.36875 0.0734375
0 0.95390625 0.9296875 0.0921875 0.140625
0 0.9046875 0.728125 0.15 0.10625
0 0.95625 0.63984375 0.0828125 0.153125
0 0.95546875 0.49609375 0.0890625 0.1203125
0 0.965625 0.315625 0.0640625 0.2734375
0 0.596875 0.946875 0.1484375 0.10625
0 0.86640625 0.92265625 0.1328125 0.1546875