0 0.271875 0.94609375 0.1140625 0.1078125
0 0.340625 0.9671875 0.075 0.065625
0 0.4109375 0.95859375 0.06875 0.0828125
0 0.37421875 0.8765625 0.084375 0.0859375
0 0.54609375 0.9421875 0.08125 0.115625
0 0.5015625 0.84765625 0.0671875 0.1484375
0 0.46640625 0.803125 0.0890625 0.1109375
0 0.34765625 0.83046875 0.075 0.1171875
0 0.24296875 0.8671875 0.10625 0.0984375
0 0.23984375 0.81015625 0.1171875 0.05625
0 0.29921875 0.74765625 0.0859375 0.103125
0 0.21875 0.778125 0.0765625 0.084375
0 0.21171875 0.734375 0.0953125 0.0578125
0 0.09921875 0.8109375 0.06875 0.128125
0 0.62890625 0.95078125 0.046875 0.0984375
0 0.678125 0.9546875 0.0375 0.090625
0 0.728125 0.93671875 0.0640625 0.1265625
0 0.79296875 0.978125 0.028125 0.04375
0 0.66796875 0.884375 0.0515625 0.103125
0 0.8609375 0.93046875 0.046875 0.115625
0 0.93203125 0.9578125 0.0796875 0.084375
0 0.94296875 0.91171875 0.053125 0.13125
0 0.92734375 0.7796875 0.09375 0.171875
0 0.9671875 0.75078125 0.065625 0.109375
0 0.80546875 0.80078125 0.0484375 0.1125
0 0.7703125 0.84375 0.075 0.1578125
0 0.71875 0.8359375 0.0359375 0.115625
0 0.615625 0.8375 0.0953125 0.1046875
0 0.58671875 0.78671875 0.0890625 0.103125
0 0.5546875 0.734375 0.071875 0.10625
0 0.6765625 0.80859375 0.0671875 0.1109375
0 0.7234375 0.72265625 0.05 0.1078125
0 0.75546875 0.74296875 0.0328125 0.096875
0 0.809375 0.72265625 0.034375 0.1125
0 0.77890625 0.72890625 0.0390625 0.0828125
0 0.77578125 0.659375 0.0234375 0.0890625
0 0.83359375 0.67734375 0.05625 0.140625
0 0.85703125 0.63984375 0.0609375 0.078125
0 0.98046875 0.6515625 0.0390625 0.1234375
0 0.44609375 0.7109375 0.09375 0.1078125
0 0.48046875 0.746875 0.0546875 0.1171875
0 0.48359375 0.671875 0.09375 0.0671875
0 0.53125 0.67578125 0.0734375 0.071875
0 0.63984375 0.70546875 0.0734375 0.0546875
0 0.52421875 0.61484375 0.071875 0.0578125
0 0.5625 0.6265625 0.0734375 0.059375
0 0.6375 0.56328125 0.0390625 0.0734375
0 0.66171875 0.63046875 0.0734375 0.0984375
0 0.64140625 0.60625 0.065625 0.059375
0 0.725 0.615625 0.034375 0.05625
0 0.703125 0.659375 0.05625 0.09375
0 0.75703125 0.62109375 0.03125 0.1
0 0.40546875 0.58515625 0.0578125 0.1
0 0.35703125 0.59375 0.040625 0.0578125
0 0.384375 0.54609375 0.078125 0.0671875
0 0.4609375 0.5734375 0.034375 0.075
0 0.52265625 0.57265625 0.046875 0.075
0 0.121875 0.69921875 0.0609375 0.06875
0 0.0640625 0.7359375 0.0453125 0.065625
0 0.2453125 0.6734375 0.0375 0.0890625
0 0.20625 0.653125 0.0390625 0.0671875
0 0.29140625 0.6359375 0.0546875 0.0734375
0 0.32734375 0.70390625 0.1234375 0.065625
0 0.35546875 0.66640625 0.0859375 0.0703125
0 0.11484375 0.62890625 0.053125 0.0734375
0 0.0796875 0.6765625 0.028125 0.0734375
0 0.02265625 0.71875 0.0453125 0.084375
0 0.0140625 0.65703125 0.028125 0.0859375
0 0.16796875 0.5875 0.05 0.1265625
0 0.209375 0.60390625 0.0265625 0.0734375
0 0.25 0.6 0.046875 0.071875
0 0.27578125 0.5765625 0.03125 0.0671875
0 0.2375 0.55703125 0.053125 0.0515625
0 0.01796875 0.55390625 0.03125 0.0671875
0 0.04296875 0.64453125 0.04375 0.0328125
0 0.03515625 0.6734375 0.0359375 0.04375
0 0.09296875 0.5828125 0.06875 0.0421875
0 0.08203125 0.553125 0.034375 0.05625
0 0.11484375 0.52578125 0.0359375 0.0546875
0 0.0875 0.51796875 0.0296875 0.0609375
0 0.04921875 0.49765625 0.0609375 0.0453125
0 0.0203125 0.46953125 0.0375 0.034375
0 0.25 0.50625 0.0453125 0.0671875
0 0.15234375 0.515625 0.0265625 0.0546875
0 0.1890625 0.509375 0.05625 0.040625
0 0.29453125 0.5265625 0.05 0.0875
0 0.325 0.49921875 0.0421875 0.078125
0 0.3109375 0.4703125 0.0453125 0.0734375
0 0.4015625 0.51875 0.053125 0.0390625
0 0.16796875 0.47890625 0.0421875 0.0390625
0 0.09453125 0.47109375 0.040625 0.0453125
0 0.05234375 0.44140625 0.046875 0.05
0 0.015625 0.425 0.0234375 0.0453125
0 0.1765625 0.428125 0.03125 0.034375
0 0.1828125 0.45390625 0.025 0.040625
0 0.20625 0.46171875 0.0421875 0.078125
0 0.1890625 0.4015625 0.0484375 0.0375
0 0.13984375 0.38828125 0.0515625 0.0359375
0 0.13515625 0.4203125 0.0359375 0.034375
0 0.1 0.41015625 0.0390625 0.0375
0 0.1203125 0.453125 0.0609375 0.05625
0 0.0390625 0.38671875 0.03125 0.0546875
0 0.09296875 0.378125 0.021875 0.0296875
0 0.24921875 0.40234375 0.034375 0.0546875
0 0.25625 0.42265625 0.0390625 0.034375
0 0.26328125 0.45078125 0.040625 0.0453125
0 0.13828125 0.353125 0.0484375 0.046875
0 0.18515625 0.38125 0.0375 0.0453125
0 0.06640625 0.37109375 0.0328125 0.065625
0 0.3828125 0.4796875 0.034375 0.0484375
0 0.41796875 0.48046875 0.0421875 0.053125
0 0.525 0.5 0.0328125 0.0859375
0 0.4734375 0.51640625 0.040625 0.0578125
0 0.440625 0.50390625 0.03125 0.053125
0 0.49375 0.49765625 0.0484375 0.0515625
0 0.45234375 0.47109375 0.03125 0.04375
0 0.5 0.4578125 0.0375 0.05
0 0.57421875 0.48515625 0.0546875 0.0765625
0 0.54609375 0.43203125 0.046875 0.0578125
0 0.49375 0.4203125 0.0375 0.0640625
0 0.57421875 0.42109375 0.0359375 0.0421875
0 0.61328125 0.40234375 0.0296875 0.0484375
0 0.6421875 0.46171875 0.0453125 0.059375
0 0.65859375 0.4125 0.03125 0.06875
0 0.6859375 0.415625 0.0203125 0.0765625
0 0.65078125 0.3765625 0.0328125 0.03125
0 0.79296875 0.46328125 0.0203125 0.0703125
0 0.7390625 0.44765625 0.0234375 0.0609375
0 0.82265625 0.48125 0.0296875 0.0484375
0 0.8390625 0.4296875 0.0328125 0.0359375
0 0.8546875 0.45234375 0.021875 0.0390625
0 0.903125 0.49609375 0.0328125 0.0578125
0 0.9109375 0.4421875 0.028125 0.0328125
0 0.92421875 0.465625 0.0453125 0.0296875
0 0.9125 0.41953125 0.0359375 0.04375
0 0.97421875 0.4171875 0.028125 0.053125
0 0.98984375 0.45703125 0.01875 0.053125
0 0.828125 0.40234375 0.0421875 0.025