0 0.04921875 0.95546875 0.0984375 0.0859375
0 0.15703125 0.95078125 0.134375 0.0984375
0 0.2515625 0.9421875 0.0609375 0.0890625
0 0.290625 0.9671875 0.0671875 0.065625
0 0.35859375 0.9640625 0.06875 0.071875
0 0.44140625 0.9515625 0.046875 0.078125
0 0.3953125 0.88984375 0.065625 0.08125
0 0.37109375 0.83046875 0.05 0.08125
0 0.29921875 0.81015625 0.071875 0.1203125
0 0.31953125 0.8796875 0.05 0.0765625
0 0.18046875 0.8203125 0.1109375 0.08125
0 0.18125 0.878125 0.0859375 0.06875
0 0.0171875 0.840625 0.034375 0.128125
0 0.0203125 0.7296875 0.040625 0.0859375
0 0.0765625 0.76484375 0.0921875 0.1015625
0 0.12734375 0.734375 0.0375 0.0890625
0 0.171875 0.7234375 0.0640625 0.1328125
0 0.234375 0.75703125 0.075 0.109375
0 0.2875 0.690625 0.0875 0.103125
0 0.378125 0.72265625 0.078125 0.0890625
0 0.37109375 0.65 0.0828125 0.09375
0 0.35703125 0.6140625 0.0703125 0.0671875
0 0.36796875 0.5796875 0.06875 0.075
0 0.26640625 0.6296875 0.0421875 0.065625
0 0.23984375 0.59765625 0.0625 0.0359375
0 0.23046875 0.62421875 0.0484375 0.046875
0 0.2015625 0.66171875 0.0734375 0.065625
0 0.18125 0.62421875 0.0546875 0.046875
0 0.14296875 0.653125 0.0515625 0.0671875
0 0.12734375 0.60703125 0.05 0.0671875
0 0.10546875 0.59296875 0.08125 0.0734375
0 0.08125 0.665625 0.06875 0.0671875
0 0.05078125 0.70078125 0.034375 0.1046875
0 0.065625 0.5890625 0.0390625 0.0421875
0 0.046875 0.61875 0.0296875 0.0765625
0 0.01171875 0.671875 0.0234375 0.0875
0 0.46875 0.7265625 0.08125 0.1265625
0 0.48125 0.65625 0.0453125 0.06875
0 0.46640625 0.9078125 0.0734375 0.09375
0 0.51328125 0.87734375 0.096875 0.1140625
0 0.5140625 0.96015625 0.0640625 0.0625
0 0.6109375 0.9125 0.0578125 0.0859375
0 0.69453125 0.93046875 0.059375 0.1390625
0 0.74609375 0.9421875 0.0421875 0.115625
0 0.746875 0.8234375 0.0421875 0.09375
0 0.746875 0.73828125 0.0890625 0.10625
0 0.671875 0.74921875 0.0359375 0.1046875
0 0.634375 0.74765625 0.040625 0.0984375
0 0.5984375 0.7609375 0.0625 0.084375
0 0.55 0.76640625 0.046875 0.115625
0 0.81875 0.92578125 0.0859375 0.1203125
0 0.89375 0.89609375 0.0421875 0.1046875
0 0.95078125 0.903125 0.05625 0.1171875
0 0.89296875 0.80078125 0.0671875 0.0953125
0 0.92265625 0.72109375 0.034375 0.065625
0 0.88203125 0.73671875 0.04375 0.04375
0 0.871875 0.66875 0.059375 0.08125
0 0.9203125 0.64140625 0.0578125 0.0765625
0 0.97421875 0.64453125 0.0515625 0.06875
0 0.978125 0.7703125 0.04375 0.0984375
0 0.9765625 0.8453125 0.046875 0.09375
0 0.5375 0.59921875 0.0546875 0.0875
0 0.69921875 0.65234375 0.0390625 0.0890625
0 0.67890625 0.575 0.0296875 0.046875
0 0.75 0.61328125 0.0625 0.0984375
0 0.8484375 0.55703125 0.034375 0.0390625
0 0.8828125 0.5546875 0.0296875 0.05
0 0.90859375 0.55703125 0.0328125 0.0484375
0 0.95078125 0.55703125 0.0546875 0.04375
0 0.578125 0.5890625 0.05625 0.0828125
0 0.61328125 0.56796875 0.046875 0.096875
0 0.5703125 0.53359375 0.0421875 0.046875
0 0.71328125 0.525 0.0390625 0.0546875
0 0.85703125 0.51953125 0.0375 0.046875
0 0.81640625 0.48515625 0.040625 0.05625
0 0.8390625 0.459375 0.046875 0.0484375
0 0.8703125 0.484375 0.0484375 0.04375
0 0.89453125 0.46875 0.040625 0.046875
0 0.934375 0.5203125 0.08125 0.03125
0 0.9671875 0.4671875 0.040625 0.034375
0 0.93125 0.4421875 0.0421875 0.0296875
0 0.953125 0.490625 0.06875 0.0625
0 0.97734375 0.425 0.0453125 0.040625
0 0.94140625 0.41015625 0.0484375 0.0484375
0 0.89453125 0.4296875 0.0515625 0.05625
0 0.8625 0.42265625 0.0421875 0.0328125
0 0.8140625 0.421875 0.0390625 0.0546875
0 0.75703125 0.42421875 0.0484375 0.04375
0 0.7296875 0.403125 0.0359375 0.0546875
0 0.75546875 0.4875 0.0359375 0.0765625
0 0.7203125 0.475 0.0375 0.0625
0 0.68515625 0.45703125 0.0234375 0.05625
0 0.7046875 0.43984375 0.021875 0.0296875
0 0.68359375 0.41796875 0.021875 0.028125
0 0.65625 0.4125 0.0359375 0.034375
0 0.653125 0.459375 0.0359375 0.0515625
0 0.61484375 0.4375 0.05625 0.0578125
0 0.55625 0.4484375 0.03125 0.034375
0 0.60625 0.41171875 0.0546875 0.028125
0 0.48828125 0.425 0.034375 0.046875
0 0.45390625 0.415625 0.05 0.0390625
0 0.440625 0.4453125 0.0515625 0.0546875
0 0.4671875 0.49140625 0.0625 0.0453125
0 0.5 0.528125 0.05 0.05625
0 0.4515625 0.53125 0.059375 0.0578125
0 0.39765625 0.53046875 0.059375 0.046875
0 0.38828125 0.4875 0.03125 0.0421875
0 0.3546875 0.4875 0.04375 0.0515625
0 0.3171875 0.47265625 0.0390625 0.0328125
0 0.3 0.51640625 0.0546875 0.0609375
0 0.33515625 0.54609375 0.059375 0.03125
0 0.240625 0.4859375 0.0453125 0.0375
0 0.2578125 0.52578125 0.040625 0.05625
0 0.21484375 0.52109375 0.0578125 0.059375
0 0.17734375 0.46875 0.0421875 0.059375
0 0.16015625 0.509375 0.034375 0.0453125
0 0.1375 0.53203125 0.0296875 0.034375
0 0.1140625 0.53359375 0.0421875 0.0375
0 0.0734375 0.534375 0.05625 0.0390625
0 0.03125 0.53203125 0.0375 0.0515625
0 0.009375 0.52734375 0.01875 0.0578125
0 0.021875 0.4765625 0.04375 0.0640625
0 0.06796875 0.48125 0.046875 0.0515625
0 0.08125 0.46171875 0.025 0.0390625
0 0.11328125 0.4640625 0.0421875 0.0421875
0 0.1109375 0.50546875 0.028125 0.0453125
0 0.19453125 0.43046875 0.0234375 0.0484375
0 0.18515625 0.421875 0.0375 0.040625
0 0.14453125 0.41953125 0.053125 0.053125
0 0.0828125 0.41328125 0.0515625 0.0359375
0 0.0640625 0.43203125 0.05 0.0375
0 0.0375 0.43203125 0.0203125 0.0484375
0 0.01484375 0.42890625 0.028125 0.0296875
0 0.0515625 0.40625 0.0421875 0.0359375