0 0.81640625 0.83828125 0.0703125 0.1375
0 0.8765625 0.825 0.0609375 0.2
0 0.93359375 0.81328125 0.0515625 0.1515625
0 0.95625 0.94453125 0.0578125 0.1109375
0 0.77890625 0.97421875 0.0984375 0.0515625
0 0.6234375 0.9578125 0.090625 0.084375
0 0.5734375 0.90234375 0.0671875 0.0984375
0 0.628125 0.87265625 0.0703125 0.1296875
0 0.703125 0.89921875 0.059375 0.140625
0 0.6953125 0.80390625 0.1015625 0.1171875
0 0.65078125 0.7625 0.0390625 0.0625
0 0.590625 0.8015625 0.0828125 0.1140625
0 0.42578125 0.93828125 0.0578125 0.09375
0 0.49921875 0.81953125 0.046875 0.0984375
0 0.45390625 0.78046875 0.06875 0.1140625
0 0.4421875 0.72890625 0.0390625 0.075
0 0.475 0.69296875 0.025 0.059375
0 0.51640625 0.72734375 0.065625 0.078125
0 0.55703125 0.67734375 0.0453125 0.0734375
0 0.60546875 0.68515625 0.04375 0.1140625
0 0.68984375 0.6640625 0.0828125 0.084375
0 0.70625 0.73671875 0.034375 0.1296875
0 0.8 0.73984375 0.0359375 0.125
0 0.7625 0.68125 0.078125 0.0953125
0 0.84609375 0.70234375 0.053125 0.140625
0 0.9640625 0.765625 0.071875 0.1390625
0 0.89921875 0.68515625 0.0765625 0.059375
0 0.94375 0.64921875 0.0484375 0.075
0 0.9734375 0.678125 0.0515625 0.0671875
0 0.8796875 0.61953125 0.05 0.0875
0 0.81328125 0.60390625 0.06875 0.0671875
0 0.746875 0.60390625 0.0765625 0.0671875
0 0.6890625 0.615625 0.0328125 0.071875
0 0.6796875 0.5640625 0.04375 0.0484375
0 0.64609375 0.6265625 0.040625 0.10625
0 0.6015625 0.58828125 0.0421875 0.0703125
0 0.57734375 0.6234375 0.0609375 0.0703125
0 0.5109375 0.625 0.0609375 0.1171875
0 0.92890625 0.60703125 0.0546875 0.090625
0 0.9 0.56171875 0.0765625 0.0421875
0 0.96328125 0.55234375 0.0484375 0.0796875
0 0.88828125 0.5390625 0.078125 0.0453125
0 0.93984375 0.509375 0.11875 0.05625
0 0.8546875 0.5046875 0.040625 0.0515625
0 0.78671875 0.49296875 0.0609375 0.0625
0 0.79609375 0.540625 0.053125 0.0625
0 0.72265625 0.51171875 0.0734375 0.0734375
0 0.54765625 0.56796875 0.05 0.1125
0 0.55390625 0.5484375 0.0765625 0.05625
0 0.58125 0.5234375 0.0578125 0.0453125
0 0.625 0.47421875 0.08125 0.0859375
0 0.69375 0.4375 0.0546875 0.08125
0 0.7625 0.465625 0.05 0.046875
0 0.87421875 0.4421875 0.071875 0.040625
0 0.90234375 0.4765625 0.0625 0.053125
0 0.9453125 0.4921875 0.034375 0.0546875
0 0.93671875 0.4265625 0.0359375 0.0703125
0 0.97265625 0.40703125 0.0359375 0.0609375
0 0.9921875 0.4359375 0.015625 0.0625
0 0.53125 0.4828125 0.06875 0.0671875
0 0.5671875 0.49921875 0.0671875 0.0453125
0 0.84609375 0.35703125 0.0328125 0.0765625
0 0.784375 0.3640625 0.0203125 0.059375
0 0.75859375 0.41953125 0.046875 0.034375
0 0.69921875 0.4 0.0453125 0.04375
0 0.7515625 0.34765625 0.0515625 0.0625
0 0.70234375 0.35390625 0.053125 0.046875
0 0.67109375 0.34375 0.046875 0.053125
0 0.68203125 0.3015625 0.0234375 0.05
0 0.6578125 0.29453125 0.015625 0.03125
0 0.78515625 0.27890625 0.04375 0.0453125
0 0.79453125 0.3015625 0.0265625 0.0296875
0 0.80546875 0.3390625 0.03125 0.0453125
0 0.85625 0.32265625 0.0359375 0.0234375
0 0.8875 0.35390625 0.059375 0.0421875
0 0.95 0.3359375 0.046875 0.04375
0 0.94140625 0.30234375 0.0375 0.025
0 0.915625 0.27734375 0.04375 0.0453125
0 0.84140625 0.275 0.0203125 0.028125
0 0.67109375 0.2515625 0.034375 0.0328125
0 0.6640625 0.2734375 0.034375 0.025
0 0.71484375 0.303125 0.0390625 0.0640625
0 0.74921875 0.3078125 0.0515625 0.0453125
0 0.74765625 0.2609375 0.0328125 0.0453125
0 0.8609375 0.30703125 0.034375 0.0390625
0 0.8671875 0.275 0.0328125 0.040625
0 0.55234375 0.30234375 0.04375 0.05625
0 0.50546875 0.2984375 0.025 0.040625
0 0.50546875 0.3359375 0.0265625 0.034375
0 0.50703125 0.378125 0.0546875 0.071875
0 0.534375 0.40546875 0.04375 0.05625
0 0.53984375 0.365625 0.0546875 0.0359375
0 0.5578125 0.3453125 0.0359375 0.040625
0 0.5828125 0.39296875 0.05 0.0765625
0 0.51015625 0.44609375 0.040625 0.053125
0 0.51796875 0.26640625 0.028125 0.053125
0 0.46328125 0.34609375 0.0515625 0.0640625
0 0.0890625 0.725 0.0515625 0.1359375
0 0.1375 0.7515625 0.0578125 0.109375
0 0.184375 0.75703125 0.0671875 0.125
0 0.0484375 0.73828125 0.04375 0.1421875
0 0.02109375 0.5828125 0.0421875 0.1
0 0.10546875 0.6375 0.096875 0.1328125
0 0.20859375 0.57578125 0.034375 0.075
0 0.03671875 0.50390625 0.0515625 0.08125
0 0.04765625 0.553125 0.0359375 0.0953125
0 0.09453125 0.49375 0.0375 0.0796875
0 0.13046875 0.43125 0.028125 0.0671875
0 0.1078125 0.43359375 0.0375 0.0609375
0 0.04140625 0.4359375 0.0328125 0.04375
0 0.06171875 0.39296875 0.065625 0.0515625
0 0.09921875 0.38984375 0.034375 0.05625
0 0.12578125 0.3828125 0.01875 0.0390625
0 0.16328125 0.34609375 0.0328125 0.0390625
0 0.06640625 0.3578125 0.04375 0.0515625
0 0.025 0.346875 0.0453125 0.0453125
0 0.0125 0.390625 0.025 0.059375
0 0.05234375 0.2765625 0.025 0.0375
0 0.14609375 0.26484375 0.046875 0.03125
0 0.17578125 0.28515625 0.0265625 0.0375
0 0.13515625 0.29296875 0.0359375 0.0296875
0 0.14140625 0.33125 0.040625 0.0453125
0 0.225 0.29765625 0.0421875 0.0265625
0 0.21015625 0.265625 0.04375 0.0546875
0 0.09921875 0.2640625 0.03125 0.04375
0 0.125 0.2421875 0.0203125 0.021875
0 0.10859375 0.33359375 0.021875 0.0296875
0 0.05390625 0.31796875 0.0828125 0.040625
0 0.26796875 0.265625 0.028125 0.0328125
0 0.24453125 0.2484375 0.0359375 0.034375
0 0.14921875 0.23515625 0.04375 0.0328125
0 0.0625 0.24765625 0.040625 0.025