0 0.54296875 0.753125 0.13125 0.1625
0 0.425 0.90859375 0.1984375 0.109375
0 0.41875 0.97421875 0.10625 0.0515625
0 0.27265625 0.9359375 0.1390625 0.128125
0 0.19609375 0.86484375 0.11875 0.1796875
0 0.07890625 0.9125 0.1578125 0.171875
0 0.35859375 0.78515625 0.09375 0.1828125
0 0.4328125 0.7671875 0.0859375 0.128125
0 0.7953125 0.896875 0.0859375 0.146875
0 0.6328125 0.91484375 0.1390625 0.0890625
0 0.728125 0.95859375 0.06875 0.0828125
0 0.90703125 0.92421875 0.1796875 0.1515625
0 0.78515625 0.84453125 0.1296875 0.0609375
0 0.75859375 0.7828125 0.1171875 0.0671875
0 0.88046875 0.77890625 0.1109375 0.1203125
0 0.97734375 0.82265625 0.0375 0.0921875
0 0.96640625 0.71171875 0.0671875 0.1078125
0 0.70546875 0.67890625 0.0734375 0.1359375
0 0.83984375 0.678125 0.096875 0.1
0 0.8625 0.58671875 0.04375 0.125
0 0.9421875 0.59609375 0.0703125 0.134375
0 0.7390625 0.496875 0.0625 0.0953125
0 0.47890625 0.484375 0.0953125 0.1125
0 0.4796875 0.52890625 0.0453125 0.1125
0 0.503125 0.5984375 0.0484375 0.0875
0 0.453125 0.60390625 0.0828125 0.0984375
0 0.34765625 0.60078125 0.0375 0.1140625
0 0.29609375 0.6078125 0.0578125 0.0953125
0 0.23671875 0.64609375 0.1328125 0.053125
0 0.2359375 0.71015625 0.1375 0.0828125
0 0.08671875 0.63828125 0.0609375 0.1765625
0 0.028125 0.74140625 0.05625 0.128125
0 0.1578125 0.521875 0.0796875 0.1015625
0 0.178125 0.5796875 0.0484375 0.096875
0 0.07265625 0.4859375 0.06875 0.13125
0 0.1359375 0.44765625 0.0546875 0.0921875
0 0.178125 0.375 0.0453125 0.053125
0 0.57109375 0.57421875 0.0390625 0.103125
0 0.78125 0.6109375 0.065625 0.0921875
0 0.82109375 0.56953125 0.0359375 0.08125
0 0.89453125 0.47734375 0.0765625 0.06875
0 0.81953125 0.509375 0.109375 0.0859375
0 0.65546875 0.38515625 0.0984375 0.078125
0 0.72421875 0.38984375 0.0546875 0.0546875
0 0.83046875 0.41328125 0.0765625 0.0859375
0 0.28515625 0.4234375 0.071875 0.0796875
0 0.225 0.46171875 0.0390625 0.10625
0 0.37109375 0.40859375 0.05625 0.0671875
0 0.43203125 0.37578125 0.0359375 0.059375
0 0.4546875 0.40546875 0.04375 0.096875
0 0.5625 0.36171875 0.034375 0.06875
0 0.52890625 0.325 0.03125 0.0828125
0 0.4703125 0.3359375 0.0546875 0.09375
0 0.4140625 0.33046875 0.0484375 0.0546875
0 0.359375 0.3375 0.028125 0.053125
0 0.3296875 0.32421875 0.0203125 0.0609375
0 0.33125 0.371875 0.03125 0.0609375
0 0.275 0.36484375 0.0328125 0.046875
0 0.22421875 0.30546875 0.0421875 0.0921875
0 0.13984375 0.33125 0.05 0.0703125
0 0.09140625 0.334375 0.0578125 0.0890625
0 0.05 0.390625 0.05 0.115625
0 0.1546875 0.3890625 0.0921875 0.05625
0 0.65546875 0.31875 0.03125 0.0703125
0 0.7125 0.33203125 0.0578125 0.053125
0 0.7734375 0.31015625 0.0421875 0.0921875
0 0.81796875 0.31484375 0.046875 0.0765625
0 0.93828125 0.3296875 0.059375 0.0765625
0 0.98359375 0.371875 0.0328125 0.11875
0 0.9203125 0.42265625 0.0296875 0.05625
0 0.95625 0.41171875 0.0203125 0.0546875
0 0.9703125 0.46171875 0.059375 0.0734375
0 0.86796875 0.33046875 0.0375 0.08125
0 0.89609375 0.3875 0.0578125 0.0734375
0 0.60625 0.325 0.05625 0.0546875
0 0.6140625 0.51484375 0.0734375 0.0890625
0 0.61015625 0.4640625 0.0421875 0.0703125
0 0.571875 0.440625 0.0515625 0.096875
0 0.50703125 0.4046875 0.059375 0.0625
0 0.39140625 0.4953125 0.065625 0.0859375
0 0.31171875 0.5265625 0.103125 0.065625
0 0.609375 0.6578125 0.0828125 0.0765625
0 0.61640625 0.82734375 0.0671875 0.1203125
0 0.25234375 0.78359375 0.078125 0.090625
0 0.125 0.67109375 0.053125 0.1125
0 0.03203125 0.596875 0.0640625 0.115625
0 0.01875 0.4203125 0.0375 0.2453125
0 0.2828125 0.3234375 0.0546875 0.0796875
0 0.66875 0.56171875 0.0640625 0.10625
0 0.07734375 0.8203125 0.05 0.103125
0 0.1703125 0.77890625 0.1078125 0.075
0 0.3359375 0.475 0.0515625 0.090625
0 0.73828125 0.60234375 0.0546875 0.1515625
0 0.22734375 0.59609375 0.05 0.1015625
0 0.54140625 0.51171875 0.0875 0.090625
0 0.61953125 0.975 0.115625 0.05
0 0.7703125 0.37890625 0.0234375 0.040625