0 0.03046875 0.809375 0.0609375 0.1078125
0 0.0265625 0.66953125 0.053125 0.0859375
0 0.05546875 0.65859375 0.0421875 0.0796875
0 0.09296875 0.70078125 0.053125 0.128125
0 0.14921875 0.6921875 0.0546875 0.0828125
0 0.0375 0.7140625 0.059375 0.09375
0 0.03359375 0.59375 0.0578125 0.06875
0 0.09609375 0.60390625 0.06875 0.0671875
0 0.1546875 0.5703125 0.0703125 0.0953125
0 0.1984375 0.6421875 0.0625 0.096875
0 0.36640625 0.81171875 0.0640625 0.140625
0 0.34296875 0.74765625 0.04375 0.121875
0 0.29765625 0.7484375 0.078125 0.1140625
0 0.284375 0.69375 0.0765625 0.059375
0 0.375 0.68125 0.0875 0.059375
0 0.296875 0.65078125 0.075 0.0703125
0 0.26796875 0.63828125 0.06875 0.075
0 0.21953125 0.51953125 0.034375 0.046875
0 0.2453125 0.5265625 0.03125 0.04375
0 0.184375 0.50546875 0.0359375 0.04375
0 0.1515625 0.5078125 0.040625 0.0515625
0 0.25078125 0.56640625 0.0671875 0.0453125
0 0.2078125 0.5640625 0.0375 0.0578125
0 0.33125 0.57578125 0.0546875 0.0625
0 0.34453125 0.6125 0.0640625 0.059375
0 0.43203125 0.6328125 0.046875 0.071875
0 0.390625 0.58203125 0.0515625 0.0875
0 0.33359375 0.5234375 0.0453125 0.05
0 0.296875 0.53125 0.0421875 0.059375
0 0.278125 0.509375 0.0515625 0.0578125
0 0.44921875 0.5328125 0.0875 0.0625
0 0.47421875 0.55234375 0.0890625 0.059375
0 0.46796875 0.56953125 0.059375 0.059375
0 0.49453125 0.621875 0.0625 0.0671875
0 0.5203125 0.67421875 0.0734375 0.0828125
0 0.546875 0.61328125 0.0609375 0.0578125
0 0.54375 0.5734375 0.06875 0.046875
0 0.565625 0.55703125 0.03125 0.059375
0 0.6015625 0.640625 0.071875 0.0953125
0 0.4875 0.79296875 0.090625 0.096875
0 0.47578125 0.87578125 0.053125 0.06875
0 0.51796875 0.88984375 0.0609375 0.096875
0 0.5703125 0.91640625 0.1109375 0.121875
0 0.71328125 0.95234375 0.0578125 0.0828125
0 0.77265625 0.953125 0.0984375 0.09375
0 0.94140625 0.94609375 0.0984375 0.103125
0 0.92734375 0.85546875 0.096875 0.1109375
0 0.90546875 0.775 0.0484375 0.1046875
0 0.85390625 0.790625 0.0734375 0.128125
0 0.78046875 0.8078125 0.0625 0.0765625
0 0.75703125 0.878125 0.09375 0.08125
0 0.73046875 0.8328125 0.065625 0.1015625
0 0.675 0.840625 0.08125 0.096875
0 0.64140625 0.70625 0.0625 0.134375
0 0.7765625 0.7390625 0.1140625 0.09375
0 0.76640625 0.66796875 0.05 0.075
0 0.728125 0.66875 0.0828125 0.10625
0 0.6640625 0.60234375 0.0828125 0.0671875
0 0.8171875 0.62109375 0.05 0.06875
0 0.865625 0.65859375 0.0890625 0.103125
0 0.8921875 0.72734375 0.0984375 0.0640625
0 0.96640625 0.7328125 0.0671875 0.14375
0 0.91953125 0.625 0.0515625 0.0515625
0 0.96484375 0.58203125 0.0703125 0.059375
0 0.9703125 0.6390625 0.059375 0.046875
0 0.96484375 0.48671875 0.0359375 0.0734375
0 0.9109375 0.5046875 0.0375 0.0625
0 0.98203125 0.43203125 0.034375 0.084375
0 0.88984375 0.43515625 0.0359375 0.046875
0 0.82421875 0.41796875 0.0640625 0.0578125
0 0.83359375 0.46796875 0.065625 0.0640625
0 0.86875 0.5234375 0.0453125 0.053125
0 0.81640625 0.50546875 0.0625 0.075
0 0.85859375 0.56171875 0.0375 0.0421875
0 0.81796875 0.55546875 0.04375 0.046875
0 0.7765625 0.54921875 0.0421875 0.04375
0 0.7640625 0.515625 0.05 0.05625
0 0.7375 0.51953125 0.0375 0.0609375
0 0.71796875 0.48125 0.0265625 0.046875
0 0.696875 0.47734375 0.025 0.04375
0 0.64375 0.47265625 0.034375 0.0359375
0 0.62265625 0.46796875 0.03125 0.05625
0 0.58046875 0.47421875 0.0625 0.059375
0 0.69375 0.52734375 0.0640625 0.071875
0 0.65234375 0.51640625 0.0328125 0.0515625
0 0.6 0.5171875 0.075 0.04375
0 0.5078125 0.48359375 0.040625 0.0671875
0 0.54609375 0.45 0.053125 0.0578125
0 0.52890625 0.40859375 0.0609375 0.0453125
0 0.55078125 0.38515625 0.0390625 0.0578125
0 0.525 0.3734375 0.05 0.046875
0 0.478125 0.38828125 0.071875 0.03125
0 0.46484375 0.42265625 0.0609375 0.046875
0 0.44375 0.45625 0.0515625 0.053125
0 0.465625 0.4984375 0.0578125 0.0359375
0 0.4203125 0.48515625 0.040625 0.040625
0 0.39609375 0.4421875 0.046875 0.0453125
0 0.3921875 0.48125 0.025 0.0484375
0 0.35625 0.47890625 0.0625 0.034375
0 0.35859375 0.44296875 0.034375 0.0375
0 0.28828125 0.475 0.040625 0.040625
0 0.2453125 0.4625 0.05 0.0421875
0 0.28359375 0.4359375 0.0484375 0.0453125
0 0.28359375 0.40078125 0.0515625 0.0359375
0 0.30390625 0.3828125 0.0453125 0.0359375
0 0.32734375 0.428125 0.0359375 0.0671875
0 0.41640625 0.409375 0.01875 0.0390625
0 0.38984375 0.4 0.0265625 0.046875
0 0.3671875 0.39921875 0.028125 0.05
0 0.39140625 0.3609375 0.053125 0.0375
0 0.34375 0.38203125 0.0328125 0.03125