0 0.92265625 0.92890625 0.071875 0.1421875
0 0.93828125 0.79765625 0.0578125 0.1109375
0 0.97578125 0.75078125 0.0484375 0.0765625
0 0.98828125 0.82734375 0.0234375 0.1328125
0 0.9484375 0.65625 0.090625 0.1171875
0 0.97109375 0.584375 0.0578125 0.0625
0 0.83046875 0.62578125 0.0671875 0.1484375
0 0.79765625 0.68359375 0.071875 0.1171875
0 0.8140625 0.771875 0.0625 0.1390625
0 0.7515625 0.71328125 0.0421875 0.125
0 0.78359375 0.9140625 0.115625 0.096875
0 0.8265625 0.93984375 0.065625 0.1203125
0 0.7296875 0.9640625 0.103125 0.071875
0 0.6921875 0.98046875 0.0546875 0.0390625
0 0.5546875 0.97890625 0.05625 0.0421875
0 0.5609375 0.9640625 0.08125 0.071875
0 0.490625 0.959375 0.115625 0.08125
0 0.35390625 0.975 0.11875 0.05
0 0.175 0.89296875 0.0609375 0.11875
0 0.13515625 0.90078125 0.06875 0.11875
0 0.11875 0.95625 0.071875 0.0875
0 0.0703125 0.94453125 0.0640625 0.1109375
0 0.0796875 0.8890625 0.0609375 0.075
0 0.02109375 0.9515625 0.0421875 0.096875
0 0.02421875 0.88671875 0.0484375 0.1046875
0 0.03359375 0.8171875 0.0671875 0.0875
0 0.09765625 0.7796875 0.1265625 0.115625
0 0.178125 0.75234375 0.0828125 0.115625
0 0.078125 0.71328125 0.096875 0.06875
0 0.0734375 0.65859375 0.0765625 0.0640625
0 0.09921875 0.58125 0.059375 0.075
0 0.02421875 0.6296875 0.0484375 0.0703125
0 0.065625 0.565625 0.046875 0.0703125
0 0.06875 0.528125 0.1 0.0625
0 0.01875 0.5171875 0.0375 0.071875
0 0.14140625 0.52421875 0.06875 0.0859375
0 0.2109375 0.528125 0.0625 0.1109375
0 0.2625 0.56484375 0.0703125 0.096875
0 0.1703125 0.615625 0.0640625 0.071875
0 0.17890625 0.6671875 0.0890625 0.078125
0 0.22421875 0.63046875 0.0515625 0.053125
0 0.27421875 0.64296875 0.053125 0.0953125
0 0.26171875 0.67578125 0.0359375 0.0734375
0 0.2515625 0.74140625 0.0515625 0.096875
0 0.2640625 0.840625 0.0609375 0.125
0 0.2953125 0.85234375 0.0671875 0.1125
0 0.33671875 0.87734375 0.103125 0.1421875
0 0.421875 0.8671875 0.096875 0.15
0 0.48203125 0.85 0.075 0.128125
0 0.553125 0.9140625 0.059375 0.096875
0 0.690625 0.83828125 0.0953125 0.1125
0 0.61640625 0.8015625 0.0890625 0.103125
0 0.53828125 0.85859375 0.065625 0.0734375
0 0.53984375 0.79296875 0.059375 0.08125
0 0.53046875 0.72734375 0.09375 0.0734375
0 0.54453125 0.69296875 0.0421875 0.0671875
0 0.5046875 0.69921875 0.084375 0.065625
0 0.503125 0.66015625 0.0828125 0.065625
0 0.4609375 0.77109375 0.0546875 0.084375
0 0.39609375 0.79375 0.0765625 0.0953125
0 0.35625 0.8 0.0671875 0.075
0 0.315625 0.7703125 0.06875 0.0671875
0 0.4140625 0.74296875 0.0765625 0.09375
0 0.38203125 0.71015625 0.06875 0.0859375
0 0.34609375 0.6 0.0828125 0.0734375
0 0.4171875 0.65703125 0.0828125 0.078125
0 0.40703125 0.56953125 0.0640625 0.078125
0 0.64375 0.74453125 0.0703125 0.103125
0 0.590625 0.71171875 0.0546875 0.0859375
0 0.6078125 0.67578125 0.0578125 0.09375
0 0.66796875 0.709375 0.075 0.1203125
0 0.66640625 0.65 0.059375 0.0859375
0 0.59765625 0.6234375 0.1015625 0.071875
0 0.590625 0.5734375 0.0921875 0.0671875
0 0.6578125 0.58125 0.0546875 0.1015625
0 0.68359375 0.55 0.0640625 0.115625
0 0.64765625 0.5203125 0.0546875 0.059375
0 0.58359375 0.509375 0.05 0.06875
0 0.60546875 0.475 0.0921875 0.06875
0 0.5140625 0.48515625 0.1421875 0.0734375
0 0.7640625 0.57578125 0.0703125 0.11875
0 0.7640625 0.5 0.0828125 0.090625
0 0.87109375 0.4953125 0.0859375 0.1125
0 0.95390625 0.48828125 0.06875 0.0875
0 0.98828125 0.4984375 0.0234375 0.084375
0 0.34296875 0.54765625 0.09375 0.0828125
0 0.38828125 0.47421875 0.0921875 0.0671875
0 0.3515625 0.4453125 0.0671875 0.053125
0 0.32890625 0.40234375 0.078125 0.053125
0 0.36328125 0.37734375 0.0609375 0.071875
0 0.2625 0.47734375 0.0671875 0.078125
0 0.21328125 0.42265625 0.0484375 0.0671875
0 0.1765625 0.428125 0.028125 0.0609375
0 0.1578125 0.43203125 0.0390625 0.0609375
0 0.12890625 0.42109375 0.0484375 0.0796875
0 0.1078125 0.434375 0.040625 0.0640625
0 0.06875 0.421875 0.0375 0.06875
0 0.025 0.43125 0.05 0.05625
0 0.02109375 0.371875 0.0421875 0.065625
0 0.06796875 0.35703125 0.04375 0.0515625
0 0.1109375 0.38125 0.0484375 0.0515625
0 0.15078125 0.3703125 0.05625 0.053125
0 0.15078125 0.33046875 0.05625 0.0484375
0 0.10546875 0.334375 0.0484375 0.0484375
0 0.04609375 0.3328125 0.0578125 0.0453125
0 0.0671875 0.3015625 0.053125 0.046875
0 0.13125 0.28828125 0.0703125 0.059375
0 0.19921875 0.2734375 0.0484375 0.0703125
0 0.20703125 0.34765625 0.0421875 0.059375
0 0.26484375 0.39765625 0.0359375 0.05
0 0.25703125 0.3515625 0.0328125 0.0484375
0 0.2484375 0.31875 0.071875 0.0609375
0 0.2484375 0.28515625 0.028125 0.05
0 0.29921875 0.284375 0.046875 0.046875
0 0.2921875 0.3328125 0.0375 0.065625
0 0.32890625 0.35703125 0.0328125 0.0359375
0 0.409375 0.2796875 0.0484375 0.0796875
0 0.43046875 0.33359375 0.0546875 0.0703125
0 0.3859375 0.3453125 0.0375 0.0390625
0 0.4453125 0.3703125 0.0375 0.053125
0 0.48515625 0.35546875 0.0484375 0.0515625
0 0.45703125 0.2796875 0.03125 0.0640625
0 0.4921875 0.2828125 0.0453125 0.05625
0 0.5484375 0.4078125 0.046875 0.0453125
0 0.5703125 0.3671875 0.046875 0.0671875
0 0.5453125 0.32890625 0.03125 0.09375
0 0.56328125 0.29296875 0.040625 0.078125
0 0.6015625 0.28828125 0.034375 0.0828125
0 0.6015625 0.32734375 0.046875 0.059375
0 0.6375 0.31484375 0.046875 0.0734375
0 0.63515625 0.37109375 0.06875 0.0640625
0 0.671875 0.39296875 0.0640625 0.071875
0 0.72109375 0.428125 0.078125 0.0453125
0 0.709375 0.371875 0.0421875 0.078125
0 0.74453125 0.3671875 0.0375 0.0796875
0 0.76796875 0.39921875 0.0484375 0.0859375
0 0.80390625 0.37734375 0.028125 0.075
0 0.834375 0.421875 0.0484375 0.05
0 0.84140625 0.3640625 0.05 0.078125
0 0.87265625 0.37109375 0.040625 0.0828125
0 0.9109375 0.37734375 0.046875 0.071875
0 0.9734375 0.384375 0.053125 0.05625
0 0.97421875 0.4265625 0.0515625 0.0515625
0 0.896875 0.28125 0.0484375 0.0578125
0 0.94140625 0.29921875 0.0421875 0.0484375
0 0.97890625 0.30390625 0.0421875 0.08125