0 0.759375 0.84609375 0.278125 0.178125
0 0.8578125 0.61796875 0.240625 0.14375
0 0.68359375 0.69375 0.2671875 0.2328125
0 0.809375 0.509375 0.1484375 0.1484375
0 0.8171875 0.37109375 0.184375 0.175
0 0.74296875 0.278125 0.1984375 0.0859375
0 0.7953125 0.16875 0.203125 0.1421875
0 0.53359375 0.1734375 0.4 0.15
0 0.596875 0.33671875 0.2484375 0.1890625
0 0.525 0.428125 0.2046875 0.1484375
0 0.64921875 0.5578125 0.2109375 0.2265625
0 0.475 0.609375 0.184375 0.18125
0 0.3359375 0.76953125 0.346875 0.1734375
0 0.18984375 0.6625 0.2703125 0.2578125
0 0.271875 0.92421875 0.39375 0.1515625
0 0.20859375 0.44296875 0.4171875 0.190625
0 0.1625 0.803125 0.2921875 0.19375
0 0.37109375 0.2890625 0.1875 0.16875
0 0.19921875 0.271875 0.3984375 0.2015625
0 0.18359375 0.1546875 0.2671875 0.1578125