0 0.79609375 0.5609375 0.175 0.125
0 0.75546875 0.653125 0.1609375 0.090625
0 0.6671875 0.728125 0.2125 0.0890625
0 0.54609375 0.70625 0.2203125 0.1296875
0 0.6359375 0.571875 0.1578125 0.1203125
0 0.62421875 0.446875 0.1640625 0.1390625
0 0.5 0.5125 0.15 0.1296875
0 0.4046875 0.6234375 0.259375 0.1328125
0 0.3390625 0.7171875 0.190625 0.1171875
0 0.27421875 0.5796875 0.1484375 0.1453125
0 0.3578125 0.4453125 0.1484375 0.165625
0 0.30625 0.325 0.15 0.1
0 0.234375 0.3921875 0.1484375 0.25
0 0.4625 0.39375 0.159375 0.1546875
0 0.3625 0.20859375 0.2421875 0.1171875
0 0.51484375 0.23671875 0.2 0.2390625
0 0.63671875 0.275 0.190625 0.228125
0 0.7265625 0.175 0.2609375 0.1671875
0 0.63359375 0.234375 0.3 0.23125