0 0.29296875 0.865625 0.171875 0.196875
0 0.22265625 0.953125 0.128125 0.09375
0 0.40703125 0.91328125 0.0984375 0.15
0 0.49140625 0.91875 0.08125 0.1625
0 0.55703125 0.93671875 0.0546875 0.1265625
0 0.546875 0.82578125 0.046875 0.090625
0 0.63125 0.87109375 0.0984375 0.1328125
0 0.69765625 0.84296875 0.0625 0.121875
0 0.88203125 0.93984375 0.1296875 0.1203125
0 0.75390625 0.965625 0.1203125 0.06875
0 0.88203125 0.8546875 0.08125 0.0984375
0 0.8109375 0.76015625 0.1359375 0.0828125
0 0.71875 0.71015625 0.1265625 0.1359375
0 0.8109375 0.68359375 0.05625 0.090625
0 0.88359375 0.6921875 0.059375 0.1078125
0 0.98125 0.91953125 0.0375 0.1203125
0 0.153125 0.71953125 0.08125 0.1921875
0 0.0953125 0.67109375 0.103125 0.084375
0 0.05390625 0.75390625 0.0953125 0.1328125
0 0.0546875 0.8375 0.109375 0.1453125
0 0.2671875 0.65 0.084375 0.0875
0 0.38828125 0.65703125 0.11875 0.1046875
0 0.4546875 0.6203125 0.08125 0.0703125
0 0.58984375 0.64765625 0.1078125 0.0625
0 0.59453125 0.721875 0.096875 0.103125
0 0.35625 0.965625 0.08125 0.06875
0 0.27890625 0.57109375 0.0859375 0.0703125
0 0.39375 0.60078125 0.084375 0.0921875
0 0.171875 0.61875 0.078125 0.090625
0 0.0875 0.6109375 0.09375 0.1015625
0 0.0546875 0.4921875 0.0640625 0.0984375
0 0.11953125 0.53203125 0.08125 0.09375
0 0.02421875 0.58515625 0.0484375 0.1015625
0 0.2640625 0.47890625 0.103125 0.1265625
0 0.35234375 0.5046875 0.053125 0.1140625
0 0.44609375 0.53828125 0.0390625 0.090625
0 0.490625 0.58125 0.028125 0.1546875
0 0.54921875 0.578125 0.0859375 0.121875
0 0.6765625 0.56484375 0.0875 0.10625
0 0.7140625 0.61328125 0.065625 0.1015625
0 0.7421875 0.5625 0.053125 0.0859375
0 0.79140625 0.609375 0.090625 0.1078125
0 0.85234375 0.546875 0.06875 0.1125
0 0.80234375 0.52265625 0.0359375 0.096875
0 0.72421875 0.5015625 0.0828125 0.1265625
0 0.740625 0.45 0.05 0.0875
0 0.58671875 0.4640625 0.1328125 0.0796875
0 0.58515625 0.43359375 0.1140625 0.0625
0 0.65546875 0.44453125 0.0625 0.0890625
0 0.61875 0.50390625 0.071875 0.0921875
0 0.49375 0.4015625 0.0796875 0.0984375
0 0.1859375 0.43671875 0.0671875 0.1078125
0 0.06015625 0.4015625 0.1015625 0.1015625
0 0.1078125 0.39609375 0.075 0.08125
0 0.24765625 0.38359375 0.0640625 0.0890625
0 0.27109375 0.3078125 0.053125 0.0625
0 0.38984375 0.3640625 0.04375 0.1
0 0.96953125 0.48359375 0.0453125 0.10625
0 0.7828125 0.3359375 0.053125 0.0953125
0 0.83046875 0.328125 0.053125 0.0609375
0 0.51328125 0.33984375 0.0984375 0.05625
0 0.53359375 0.28515625 0.090625 0.0625
0 0.62421875 0.36640625 0.090625 0.0796875
0 0.325 0.290625 0.0546875 0.115625
0 0.11171875 0.30859375 0.046875 0.0921875
0 0.07265625 0.31953125 0.0578125 0.065625
0 0.18828125 0.31484375 0.0671875 0.071875
0 0.434375 0.3015625 0.0984375 0.078125
0 0.64140625 0.28125 0.078125 0.08125
0 0.72109375 0.29609375 0.0640625 0.06875
0 0.76328125 0.26484375 0.0546875 0.0671875
0 0.85859375 0.459375 0.0609375 0.09375
0 0.9375 0.40234375 0.0796875 0.084375
0 0.84609375 0.38828125 0.0828125 0.08125
0 0.7859375 0.421875 0.0625 0.065625
0 0.98046875 0.58828125 0.0390625 0.0984375
0 0.4359375 0.7796875 0.1140625 0.1359375
0 0.35234375 0.72421875 0.11875 0.1265625
0 0.23828125 0.7828125 0.0625 0.1421875
0 0.41640625 0.5296875 0.0453125 0.0828125
0 0.384375 0.45703125 0.0546875 0.084375
0 0.428125 0.4640625 0.0609375 0.084375
0 0.68125 0.37265625 0.04375 0.09375
0 0.721875 0.3765625 0.034375 0.090625
0 0.7578125 0.403125 0.0359375 0.0984375
0 0.16796875 0.51875 0.0796875 0.103125
0 0.21640625 0.51015625 0.06875 0.1421875
0 0.3015625 0.3796875 0.0859375 0.078125
0 0.12109375 0.86875 0.1453125 0.159375
0 0.63046875 0.796875 0.1453125 0.075
0 0.75 0.90078125 0.096875 0.128125
0 0.603125 0.68125 0.08125 0.0875