0 0.09296875 0.88359375 0.1859375 0.23125
0 0.253125 0.9734375 0.13125 0.053125
0 0.28046875 0.9078125 0.06875 0.1125
0 0.346875 0.91640625 0.084375 0.121875
0 0.36953125 0.96640625 0.040625 0.0671875
0 0.56640625 0.96875 0.1265625 0.0625
0 0.5375 0.87890625 0.1140625 0.1234375
0 0.4484375 0.76953125 0.0921875 0.1359375
0 0.5 0.80546875 0.0578125 0.09375
0 0.54765625 0.77890625 0.075 0.0984375
0 0.49453125 0.72109375 0.0703125 0.071875
0 0.36328125 0.79296875 0.065625 0.1234375
0 0.20859375 0.78828125 0.071875 0.1296875
0 0.20078125 0.7171875 0.09375 0.059375
0 0.14609375 0.74375 0.0734375 0.0640625
0 0.02578125 0.73671875 0.0515625 0.1421875
0 0.03046875 0.6296875 0.0609375 0.096875
0 0.1875 0.62421875 0.1 0.1375
0 0.2734375 0.6390625 0.0625 0.1171875
0 0.275 0.55703125 0.0796875 0.1
0 0.2546875 0.51171875 0.08125 0.096875
0 0.18515625 0.5078125 0.0609375 0.0921875
0 0.33125 0.52578125 0.0890625 0.1203125
0 0.3828125 0.57578125 0.0640625 0.0671875
0 0.37734375 0.6546875 0.075 0.1078125
0 0.02109375 0.52421875 0.0421875 0.1078125
0 0.06953125 0.48984375 0.0546875 0.10625
0 0.05390625 0.45390625 0.0390625 0.05
0 0.09453125 0.390625 0.0640625 0.0640625
0 0.12109375 0.4234375 0.0578125 0.06875
0 0.1578125 0.44609375 0.0640625 0.0703125
0 0.1828125 0.39296875 0.034375 0.053125
0 0.03203125 0.4203125 0.0625 0.075
0 0.2890625 0.39453125 0.05625 0.05
0 0.2984375 0.45703125 0.078125 0.08125
0 0.209375 0.4375 0.05625 0.0765625
0 0.2375 0.4203125 0.059375 0.0765625
0 0.35 0.40078125 0.0484375 0.0765625
0 0.37734375 0.4203125 0.0421875 0.0703125
0 0.44140625 0.446875 0.0828125 0.1234375
0 0.40390625 0.434375 0.040625 0.0703125
0 0.4796875 0.425 0.0390625 0.0765625
0 0.45390625 0.55625 0.0484375 0.0859375
0 0.4484375 0.64140625 0.0703125 0.090625
0 0.5171875 0.62578125 0.0375 0.10625
0 0.54375 0.58046875 0.04375 0.10625
0 0.56953125 0.56875 0.0359375 0.0859375
0 0.50078125 0.5453125 0.0453125 0.0796875
0 0.578125 0.665625 0.115625 0.121875
0 0.61015625 0.6015625 0.0671875 0.053125
0 0.609375 0.56171875 0.0515625 0.046875
0 0.6515625 0.87421875 0.071875 0.1234375
0 0.665625 0.7625 0.0875 0.134375
0 0.7625 0.8234375 0.0703125 0.125
0 0.79921875 0.87109375 0.078125 0.1453125
0 0.74375 0.97890625 0.0671875 0.0421875
0 0.8828125 0.91015625 0.1015625 0.146875
0 0.91875 0.85078125 0.0890625 0.084375
0 0.97265625 0.7953125 0.0546875 0.15
0 0.91875 0.72890625 0.090625 0.0984375
0 0.82109375 0.775 0.1125 0.1
0 0.7859375 0.66875 0.084375 0.1140625
0 0.69375 0.65625 0.0828125 0.10625
0 0.90546875 0.6640625 0.0765625 0.059375
0 0.8765625 0.6296875 0.084375 0.1015625
0 0.92421875 0.58984375 0.0890625 0.1109375
0 0.9796875 0.58203125 0.040625 0.109375
0 0.98671875 0.47578125 0.0265625 0.053125
0 0.95703125 0.5234375 0.06875 0.05625
0 0.9625 0.453125 0.0203125 0.034375
0 0.96953125 0.48671875 0.0609375 0.046875
0 0.9109375 0.5125 0.0671875 0.0859375
0 0.91875 0.465625 0.05625 0.0609375
0 0.88125 0.4515625 0.0453125 0.0796875
0 0.8421875 0.4609375 0.05 0.0703125
0 0.84453125 0.5296875 0.0796875 0.084375
0 0.69453125 0.56328125 0.0546875 0.121875
0 0.7609375 0.5859375 0.0546875 0.0953125
0 0.79609375 0.60390625 0.0578125 0.0703125
0 0.75859375 0.5515625 0.0875 0.0703125
0 0.75234375 0.5203125 0.0921875 0.0546875
0 0.7796875 0.4875 0.0640625 0.0515625
0 0.778125 0.4171875 0.0796875 0.09375
0 0.7640625 0.3484375 0.059375 0.0625
0 0.90078125 0.38125 0.028125 0.05
0 0.93125 0.38125 0.0359375 0.053125
0 0.95859375 0.37734375 0.03125 0.053125
0 0.9859375 0.38046875 0.028125 0.0453125
0 0.86015625 0.28359375 0.0390625 0.059375
0 0.89609375 0.28203125 0.0375 0.0390625
0 0.94609375 0.28359375 0.0390625 0.053125
0 0.97734375 0.33046875 0.0453125 0.053125
0 0.98359375 0.278125 0.0328125 0.04375
0 0.9625 0.23828125 0.0734375 0.0515625
0 0.89609375 0.228125 0.0296875 0.0421875
0 0.87578125 0.228125 0.0265625 0.040625
0 0.8 0.22734375 0.0234375 0.0328125
0 0.7828125 0.2328125 0.040625 0.040625
0 0.8203125 0.2765625 0.0421875 0.0453125
0 0.7875 0.26640625 0.0328125 0.0296875
0 0.78515625 0.29140625 0.0328125 0.040625
0 0.7328125 0.29296875 0.05 0.0515625
0 0.72265625 0.246875 0.0328125 0.046875
0 0.64921875 0.21328125 0.053125 0.053125
0 0.6703125 0.27265625 0.0359375 0.06875
0 0.628125 0.28828125 0.046875 0.0734375
0 0.60234375 0.215625 0.034375 0.05625
0 0.72109375 0.41640625 0.0421875 0.0578125
0 0.6828125 0.44140625 0.0859375 0.05625
0 0.6515625 0.5453125 0.0390625 0.0984375
0 0.6703125 0.49140625 0.046875 0.059375
0 0.66796875 0.3671875 0.0640625 0.0890625
0 0.63203125 0.35546875 0.0453125 0.053125
0 0.621875 0.4109375 0.0328125 0.084375
0 0.55625 0.44140625 0.103125 0.115625
0 0.50390625 0.3515625 0.0609375 0.053125
0 0.48359375 0.29765625 0.046875 0.046875
0 0.50390625 0.2515625 0.0359375 0.0640625
0 0.53203125 0.23203125 0.05 0.0625
0 0.44609375 0.24453125 0.040625 0.0671875
0 0.47578125 0.24609375 0.0328125 0.053125
0 0.44921875 0.34296875 0.075 0.0546875
0 0.40078125 0.31015625 0.046875 0.0609375
0 0.446875 0.2984375 0.0453125 0.059375
0 0.36328125 0.35625 0.0734375 0.0390625
0 0.365625 0.3109375 0.0390625 0.0625
0 0.346875 0.29453125 0.059375 0.0390625
0 0.32421875 0.32421875 0.0546875 0.0375
0 0.2921875 0.32890625 0.0625 0.05625
0 0.30390625 0.28828125 0.034375 0.040625
0 0.2859375 0.29140625 0.015625 0.046875
0 0.26953125 0.28828125 0.025 0.0515625
0 0.24296875 0.34296875 0.0671875 0.0546875
0 0.23671875 0.29609375 0.0515625 0.059375
0 0.184375 0.29296875 0.0640625 0.05625
0 0.19375 0.334375 0.059375 0.0484375
0 0.159375 0.3296875 0.0296875 0.0546875
0 0.1296875 0.33828125 0.0390625 0.05
0 0.09609375 0.34140625 0.0359375 0.04375
0 0.05703125 0.3359375 0.0375 0.0515625
0 0.0203125 0.3390625 0.040625 0.04375
0 0.1640625 0.23515625 0.0375 0.046875
0 0.0796875 0.2984375 0.0421875 0.0453125
0 0.10234375 0.2578125 0.0546875 0.0453125
0 0.10703125 0.2171875 0.05625 0.046875
0 0.1828125 0.20390625 0.071875 0.0484375
0 0.02890625 0.28984375 0.0359375 0.046875
0 0.0484375 0.278125 0.025 0.0421875
0 0.06328125 0.25625 0.0390625 0.046875
0 0.02265625 0.24375 0.0453125 0.046875
0 0.021875 0.2015625 0.034375 0.065625
0 0.06484375 0.20703125 0.0421875 0.059375