0 0.95546875 0.94765625 0.0890625 0.096875
0 0.840625 0.9203125 0.078125 0.134375
0 0.7703125 0.88828125 0.0734375 0.1125
0 0.725 0.9171875 0.0515625 0.065625
0 0.76875 0.96875 0.1015625 0.0625
0 0.68828125 0.9578125 0.071875 0.084375
0 0.62421875 0.94765625 0.078125 0.1
0 0.5328125 0.93671875 0.05625 0.078125
0 0.47734375 0.940625 0.05625 0.0703125
0 0.46328125 0.97578125 0.075 0.0484375
0 0.37890625 0.93671875 0.0609375 0.0953125
0 0.36015625 0.96953125 0.0546875 0.0609375
0 0.51796875 0.88046875 0.0984375 0.0734375
0 0.5875 0.88046875 0.0703125 0.0875
0 0.659375 0.86484375 0.046875 0.0875
0 0.69375 0.82265625 0.059375 0.11875
0 0.55859375 0.8046875 0.1078125 0.071875
0 0.46328125 0.809375 0.0875 0.0796875
0 0.40859375 0.81640625 0.05 0.1015625
0 0.44921875 0.7578125 0.0875 0.05625
0 0.50703125 0.71328125 0.0703125 0.0875
0 0.52578125 0.67109375 0.05625 0.0421875
0 0.59140625 0.7421875 0.05 0.096875
0 0.6703125 0.69765625 0.059375 0.10625
0 0.66328125 0.6171875 0.053125 0.0828125
0 0.6078125 0.590625 0.0703125 0.090625
0 0.7421875 0.70703125 0.0515625 0.096875
0 0.7125 0.6109375 0.0359375 0.0515625
0 0.7546875 0.6 0.0546875 0.075
0 0.796875 0.65390625 0.0734375 0.0734375
0 0.8109375 0.7078125 0.0671875 0.11875
0 0.7953125 0.77734375 0.046875 0.1453125
0 0.9109375 0.83828125 0.1109375 0.0875
0 0.9453125 0.8796875 0.0578125 0.0671875
0 0.95625 0.81171875 0.084375 0.109375
0 0.91484375 0.78515625 0.115625 0.065625
0 0.93125 0.725 0.0859375 0.0734375
0 0.96484375 0.70546875 0.065625 0.0734375
0 0.865625 0.7109375 0.05625 0.0828125
0 0.865625 0.6578125 0.078125 0.0703125
0 0.89296875 0.625 0.05625 0.0578125
0 0.97109375 0.64453125 0.0578125 0.075
0 0.978125 0.5859375 0.04375 0.065625
0 0.990625 0.553125 0.01875 0.053125
0 0.9375 0.57734375 0.0515625 0.0578125
0 0.87734375 0.5640625 0.0765625 0.0671875
0 0.85078125 0.5875 0.0453125 0.0546875
0 0.821875 0.5625 0.0265625 0.046875
0 0.81328125 0.5953125 0.05 0.0625
0 0.2453125 0.93515625 0.0484375 0.096875
0 0.11328125 0.940625 0.0625 0.10625
0 0.02578125 0.88984375 0.0515625 0.103125
0 0.07578125 0.83828125 0.0984375 0.096875
0 0.20859375 0.8703125 0.0796875 0.10625
0 0.25625 0.86953125 0.09375 0.1078125
0 0.35234375 0.7515625 0.0625 0.1359375
0 0.2421875 0.78046875 0.09375 0.0828125
0 0.26171875 0.70703125 0.0765625 0.109375
0 0.284375 0.653125 0.0421875 0.05
0 0.159375 0.7546875 0.071875 0.1
0 0.14453125 0.70625 0.0578125 0.0546875
0 0.10703125 0.72265625 0.0546875 0.0890625
0 0.0640625 0.715625 0.0515625 0.0859375
0 0.0109375 0.77734375 0.0203125 0.0984375
0 0.125 0.65546875 0.0328125 0.0609375
0 0.09140625 0.6578125 0.0484375 0.05625
0 0.06640625 0.63984375 0.0484375 0.0671875
0 0.0296875 0.6296875 0.059375 0.078125
0 0.41484375 0.5890625 0.078125 0.1046875
0 0.3671875 0.5484375 0.0625 0.0796875
0 0.40234375 0.521875 0.0390625 0.040625
0 0.44921875 0.50859375 0.0421875 0.0765625
0 0.3890625 0.50546875 0.0625 0.0546875
0 0.36328125 0.4875 0.0484375 0.0484375
0 0.33203125 0.47421875 0.0375 0.0640625
0 0.27265625 0.5421875 0.03125 0.03125
0 0.23203125 0.5078125 0.0578125 0.059375
0 0.26171875 0.47890625 0.05625 0.0546875
0 0.1359375 0.54921875 0.05 0.0484375
0 0.09375 0.553125 0.0375 0.0484375
0 0.06484375 0.55703125 0.04375 0.0484375
0 0.025 0.559375 0.05 0.05
0 0.040625 0.515625 0.0578125 0.04375
0 0.10078125 0.51015625 0.0453125 0.034375
0 0.15625 0.47890625 0.040625 0.0515625
0 0.09921875 0.47109375 0.075 0.0671875
0 0.04453125 0.478125 0.0515625 0.05625
0 0.0453125 0.44140625 0.053125 0.034375
0 0.0625 0.415625 0.0421875 0.028125
0 0.01328125 0.4171875 0.0265625 0.078125
0 0.10546875 0.42265625 0.0484375 0.034375
0 0.2453125 0.3921875 0.0375 0.04375
0 0.2515625 0.4234375 0.0484375 0.0625
0 0.1953125 0.4515625 0.053125 0.0328125
0 0.20703125 0.41484375 0.040625 0.03125
0 0.29296875 0.41015625 0.028125 0.025
0 0.321875 0.43671875 0.046875 0.05625
0 0.32890625 0.39921875 0.046875 0.0390625
0 0.36640625 0.43046875 0.0359375 0.04375
0 0.3953125 0.4203125 0.046875 0.0515625
0 0.4328125 0.42734375 0.025 0.034375
0 0.5265625 0.5109375 0.0609375 0.05
0 0.49921875 0.490625 0.059375 0.0453125
0 0.54453125 0.465625 0.0484375 0.065625
0 0.521875 0.4359375 0.0328125 0.0609375
0 0.5328125 0.41328125 0.0359375 0.053125
0 0.4984375 0.41171875 0.0421875 0.0328125
0 0.578125 0.5140625 0.059375 0.05625
0 0.5859375 0.48828125 0.0296875 0.04375
0 0.6203125 0.49296875 0.0375 0.0515625
0 0.6515625 0.51015625 0.0375 0.0453125
0 0.65 0.47265625 0.0515625 0.046875
0 0.6859375 0.503125 0.0359375 0.059375
0 0.759375 0.50703125 0.0578125 0.0515625
0 0.71796875 0.4734375 0.0625 0.0390625
0 0.796875 0.45234375 0.053125 0.053125
0 0.79296875 0.48671875 0.0328125 0.0640625
0 0.81484375 0.490625 0.0328125 0.046875
0 0.84609375 0.50625 0.040625 0.05625
0 0.965625 0.50234375 0.0296875 0.0515625
0 0.9875 0.50859375 0.025 0.0453125
0 0.9796875 0.46171875 0.040625 0.0765625
0 0.9359375 0.4421875 0.0296875 0.0421875
0 0.9109375 0.4125 0.046875 0.0578125
0 0.821875 0.40390625 0.0328125 0.0515625
0 0.98359375 0.39921875 0.0296875 0.04375
0 0.95390625 0.4015625 0.0296875 0.0515625
0 0.91171875 0.378125 0.0734375 0.078125
0 0.90703125 0.46796875 0.053125 0.0453125
0 0.90078125 0.50859375 0.06875 0.04375
0 0.9421875 0.50859375 0.040625 0.0671875
0 0.8578125 0.459375 0.0546875 0.04375
0 0.86015625 0.40078125 0.0421875 0.0703125
0 0.78828125 0.40625 0.034375 0.0515625