0 0.184375 0.9390625 0.13125 0.121875
0 0.096875 0.9671875 0.05 0.065625
0 0.0125 0.9671875 0.025 0.0578125
0 0.04921875 0.95703125 0.0671875 0.0859375
0 0.07890625 0.87734375 0.0546875 0.1390625
0 0.0640625 0.82734375 0.103125 0.1
0 0.14609375 0.8140625 0.053125 0.1140625
0 0.07578125 0.77421875 0.0609375 0.1109375
0 0.21171875 0.85625 0.0953125 0.103125
0 0.22734375 0.809375 0.071875 0.10625
0 0.18828125 0.815625 0.05625 0.0984375
0 0.1671875 0.7625 0.0421875 0.0515625
0 0.215625 0.7734375 0.0453125 0.053125
0 0.2015625 0.7171875 0.0484375 0.0765625
0 0.24375 0.715625 0.078125 0.0859375
0 0.28984375 0.7734375 0.040625 0.0875
0 0.33828125 0.7890625 0.0875 0.11875
0 0.359375 0.88671875 0.071875 0.1421875
0 0.28359375 0.93671875 0.06875 0.109375
0 0.48828125 0.953125 0.06875 0.09375
0 0.40703125 0.8390625 0.04375 0.1515625
0 0.5 0.790625 0.0578125 0.1140625
0 0.45 0.715625 0.05625 0.08125
0 0.48515625 0.6765625 0.0328125 0.0984375
0 0.440625 0.6578125 0.059375 0.0984375
0 0.38515625 0.69765625 0.065625 0.0734375
0 0.303125 0.69609375 0.0796875 0.046875
0 0.27890625 0.65859375 0.078125 0.05
0 0.21328125 0.66796875 0.040625 0.0734375
0 0.1671875 0.65 0.0375 0.0671875
0 0.1453125 0.71796875 0.0578125 0.0609375
0 0.13359375 0.70078125 0.0625 0.078125
0 0.11953125 0.63828125 0.0609375 0.059375
0 0.0296875 0.70703125 0.059375 0.0984375
0 0.06484375 0.63828125 0.0671875 0.0640625
0 0.075 0.60625 0.0921875 0.0546875
0 0.009375 0.596875 0.01875 0.0828125
0 0.3078125 0.61171875 0.0375 0.1015625
0 0.3453125 0.62109375 0.034375 0.0640625
0 0.2578125 0.61171875 0.05625 0.0515625
0 0.21171875 0.60703125 0.0484375 0.065625
0 0.25234375 0.56328125 0.040625 0.059375
0 0.29453125 0.5671875 0.0421875 0.0546875
0 0.34296875 0.56953125 0.0328125 0.0515625
0 0.51484375 0.6078125 0.0390625 0.084375
0 0.4703125 0.60859375 0.0703125 0.0796875
0 0.55 0.6578125 0.0328125 0.0984375
0 0.5203125 0.69296875 0.040625 0.090625
0 0.38125 0.5703125 0.0390625 0.08125
0 0.4078125 0.5453125 0.078125 0.08125
0 0.3296875 0.478125 0.0625 0.0765625
0 0.1921875 0.51875 0.028125 0.053125
0 0.1734375 0.5453125 0.0375 0.0609375
0 0.25390625 0.5171875 0.05625 0.071875
0 0.27578125 0.47265625 0.040625 0.0671875
0 0.5453125 0.5625 0.0625 0.08125
0 0.62421875 0.74765625 0.028125 0.1203125
0 0.3296875 0.9828125 0.0359375 0.0328125
0 0.08828125 0.57265625 0.071875 0.0359375
0 0.0296875 0.56328125 0.0578125 0.0546875
0 0.078125 0.47734375 0.0296875 0.040625
0 0.0921875 0.4234375 0.0453125 0.05625
0 0.184375 0.4375 0.0453125 0.0390625
0 0.21796875 0.4265625 0.04375 0.0703125
0 0.23515625 0.4015625 0.0171875 0.0328125
0 0.25546875 0.4265625 0.0171875 0.0625
0 0.175 0.4046875 0.028125 0.046875
0 0.29140625 0.41015625 0.053125 0.05
0 0.325 0.434375 0.053125 0.0453125
0 0.3703125 0.42265625 0.0515625 0.0546875
0 0.36328125 0.3765625 0.021875 0.0359375
0 0.32890625 0.375 0.0375 0.05
0 0.30390625 0.3640625 0.0578125 0.0421875
0 0.2359375 0.34921875 0.05 0.0375
0 0.33203125 0.33671875 0.046875 0.03125
0 0.3765625 0.34296875 0.0296875 0.0484375
0 0.13359375 0.35703125 0.0359375 0.0453125
0 0.10703125 0.37109375 0.0328125 0.0484375
0 0.0296875 0.37421875 0.059375 0.040625
0 0.02734375 0.4140625 0.0546875 0.0484375
0 0.03828125 0.50703125 0.0234375 0.0578125
0 0.07265625 0.515625 0.0390625 0.0640625
0 0.0140625 0.49375 0.028125 0.0734375
0 0.48671875 0.36953125 0.0578125 0.0890625
0 0.53203125 0.38046875 0.0296875 0.0375
0 0.56796875 0.4140625 0.0359375 0.04375
0 0.5375 0.44765625 0.0421875 0.08125
0 0.49140625 0.46328125 0.0609375 0.059375
0 0.440625 0.46796875 0.0625 0.0640625
0 0.43359375 0.3625 0.04375 0.0703125
0 0.1953125 0.35703125 0.0234375 0.0375
0 0.82578125 0.69921875 0.075 0.0984375
0 0.478125 0.53671875 0.0671875 0.0640625
0 0.4609375 0.57421875 0.0578125 0.0578125
0 0.42578125 0.48515625 0.0453125 0.0421875
0 0.8859375 0.628125 0.040625 0.0734375
0 0.90078125 0.60859375 0.021875 0.046875
0 0.953125 0.62265625 0.0390625 0.0671875
0 0.953125 0.6890625 0.09375 0.075
0 0.98671875 0.74609375 0.0265625 0.084375
0 0.77265625 0.60625 0.0484375 0.075
0 0.83046875 0.57109375 0.0640625 0.0609375
0 0.8375 0.61796875 0.0546875 0.0453125
0 0.83828125 0.64765625 0.0546875 0.0390625
0 0.79609375 0.5109375 0.028125 0.0515625
0 0.77109375 0.54921875 0.0515625 0.065625
0 0.74609375 0.60703125 0.0421875 0.06875
0 0.9515625 0.51953125 0.0484375 0.0796875
0 0.94140625 0.55546875 0.0390625 0.0625
0 0.83359375 0.50703125 0.0546875 0.071875
0 0.88984375 0.55859375 0.0453125 0.0609375
0 0.903125 0.509375 0.0484375 0.06875
0 0.98671875 0.53046875 0.0265625 0.0609375
0 0.9875 0.60859375 0.025 0.078125
0 0.78125 0.5265625 0.040625 0.0609375
0 0.78203125 0.34453125 0.046875 0.04375
0 0.75703125 0.42109375 0.0296875 0.06875
0 0.79375 0.41640625 0.0375 0.0609375
0 0.7796875 0.46328125 0.06875 0.078125
0 0.91328125 0.4578125 0.0328125 0.0390625
0 0.87265625 0.4703125 0.0390625 0.053125
0 0.85234375 0.446875 0.05625 0.0734375
0 0.8421875 0.415625 0.034375 0.053125
0 0.834375 0.378125 0.0484375 0.040625
0 0.83046875 0.3390625 0.0421875 0.05
0 0.97109375 0.4671875 0.0578125 0.065625
0 0.9375 0.42421875 0.0328125 0.0453125
0 0.90859375 0.428125 0.0265625 0.0453125
0 0.89453125 0.3359375 0.0546875 0.0421875
0 0.89765625 0.3609375 0.0328125 0.04375
0 0.86796875 0.353125 0.0375 0.0390625
0 0.93359375 0.328125 0.0421875 0.0515625
0 0.88984375 0.29765625 0.0765625 0.0609375
0 0.81953125 0.30625 0.065625 0.0375
0 0.9859375 0.34296875 0.028125 0.0609375
0 0.96328125 0.39140625 0.05625 0.04375
0 0.92265625 0.39296875 0.046875 0.025
0 0.940625 0.4171875 0.0359375 0.046875