0 0.12890625 0.88984375 0.125 0.2078125
0 0.2140625 0.95 0.1265625 0.1
0 0.05390625 0.9078125 0.1078125 0.1296875
0 0.34140625 0.96328125 0.0890625 0.0734375
0 0.4125 0.9515625 0.065625 0.096875
0 0.478125 0.871875 0.15625 0.1125
0 0.5015625 0.91796875 0.08125 0.0796875
0 0.48359375 0.96796875 0.1109375 0.0640625
0 0.60546875 0.90546875 0.1078125 0.1890625
0 0.7046875 0.8671875 0.0859375 0.14375
0 0.88515625 0.91328125 0.0640625 0.1734375
0 0.76328125 0.74765625 0.0765625 0.1984375
0 0.81640625 0.73359375 0.0953125 0.1890625
0 0.946875 0.75625 0.10625 0.1390625
0 0.971875 0.85 0.05625 0.1484375
0 0.6984375 0.6140625 0.0984375 0.16875
0 0.49453125 0.6390625 0.128125 0.16875
0 0.3484375 0.5625 0.0921875 0.2015625
0 0.18203125 0.675 0.15 0.1453125
0 0.10703125 0.7359375 0.096875 0.1328125
0 0.1859375 0.7640625 0.0765625 0.09375
0 0.26796875 0.75390625 0.140625 0.103125
0 0.3796875 0.83203125 0.084375 0.1421875
0 0.4484375 0.759375 0.0703125 0.1046875
0 0.54921875 0.8203125 0.04375 0.121875
0 0.0328125 0.76796875 0.059375 0.121875
0 0.0546875 0.54765625 0.0578125 0.1859375
0 0.1265625 0.5734375 0.0921875 0.1015625
0 0.2109375 0.534375 0.0796875 0.0890625
0 0.175 0.465625 0.08125 0.0890625
0 0.01953125 0.65390625 0.0390625 0.0609375
0 0.02265625 0.70625 0.0453125 0.08125
0 0.603125 0.48515625 0.0859375 0.0796875
0 0.57421875 0.534375 0.1109375 0.0875
0 0.84375 0.5640625 0.1078125 0.1203125
0 0.93125 0.55234375 0.071875 0.1234375
0 0.84375 0.503125 0.0453125 0.0859375
0 0.7796875 0.50859375 0.040625 0.0921875
0 0.72265625 0.45390625 0.071875 0.0859375
0 0.634375 0.434375 0.059375 0.0984375
0 0.57578125 0.44140625 0.075 0.0703125
0 0.66640625 0.52734375 0.06875 0.06875
0 0.746875 0.546875 0.0984375 0.115625
0 0.4328125 0.5203125 0.0609375 0.10625
0 0.490625 0.4890625 0.0421875 0.1203125
0 0.48359375 0.43203125 0.078125 0.0703125
0 0.36953125 0.44609375 0.0953125 0.0515625
0 0.3484375 0.4734375 0.0421875 0.04375
0 0.3171875 0.47734375 0.04375 0.059375
0 0.2609375 0.47109375 0.0859375 0.0859375
0 0.14140625 0.4234375 0.0453125 0.090625
0 0.175 0.41484375 0.0453125 0.071875
0 0.24765625 0.38203125 0.0765625 0.0671875
0 0.1859375 0.3578125 0.034375 0.046875
0 0.17109375 0.334375 0.0640625 0.0765625
0 0.1171875 0.35 0.046875 0.0703125
0 0.08828125 0.40703125 0.059375 0.065625
0 0.06953125 0.325 0.071875 0.096875
0 0.03671875 0.2984375 0.06875 0.0609375
0 0.121875 0.24375 0.0640625 0.0515625
0 0.175 0.22578125 0.0515625 0.053125
0 0.2125 0.2796875 0.1 0.075
0 0.3390625 0.31953125 0.06875 0.0953125
0 0.30390625 0.2828125 0.05 0.0484375
0 0.403125 0.26484375 0.0625 0.096875
0 0.4953125 0.33046875 0.06875 0.1328125
0 0.5046875 0.253125 0.046875 0.09375
0 0.4375 0.20546875 0.06875 0.075
0 0.49765625 0.175 0.046875 0.059375
0 0.65078125 0.290625 0.078125 0.1015625
0 0.759375 0.39375 0.0875 0.084375
0 0.81015625 0.40625 0.084375 0.1
0 0.871875 0.3953125 0.1015625 0.1203125
0 0.93359375 0.39609375 0.096875 0.090625
0 0.9234375 0.35625 0.096875 0.0625
0 0.96484375 0.2671875 0.04375 0.090625
0 0.77421875 0.26484375 0.078125 0.0671875
0 0.74609375 0.29609375 0.090625 0.09375
0 0.8671875 0.29609375 0.0359375 0.1140625
0 0.91953125 0.315625 0.0515625 0.059375
0 0.934375 0.27109375 0.0359375 0.0625
0 0.98359375 0.24609375 0.0328125 0.0640625
0 0.9359375 0.46328125 0.090625 0.090625
0 0.54609375 0.359375 0.0359375 0.084375
0 0.603125 0.33046875 0.0515625 0.0984375
0 0.49296875 0.390625 0.0828125 0.0703125
0 0.728125 0.1484375 0.0359375 0.065625
0 0.70546875 0.18203125 0.075 0.0640625
0 0.78359375 0.1609375 0.028125 0.0734375
0 0.79765625 0.18515625 0.025 0.065625
0 0.8296875 0.1703125 0.0328125 0.065625
0 0.88125 0.18984375 0.0578125 0.0625
0 0.9390625 0.215625 0.0515625 0.05
0 0.5453125 0.25 0.046875 0.0921875
0 0.590625 0.23046875 0.059375 0.090625
0 0.55234375 0.178125 0.0578125 0.0515625
0 0.41015625 0.1703125 0.05 0.053125
0 0.38828125 0.4078125 0.0859375 0.0921875
0 0.409375 0.35078125 0.0625 0.0921875
0 0.6078125 0.17421875 0.0546875 0.0609375
0 0.65859375 0.24453125 0.0484375 0.0359375
0 0.7140625 0.2609375 0.053125 0.0671875
0 0.81015625 0.2328125 0.05 0.0515625
0 0.23984375 0.1921875 0.0609375 0.046875
0 0.28984375 0.17734375 0.0609375 0.0578125
0 0.34453125 0.24140625 0.059375 0.0546875
0 0.221875 0.1609375 0.053125 0.053125
0 0.14765625 0.1734375 0.0828125 0.0703125
0 0.071875 0.21640625 0.053125 0.09375
0 0.0234375 0.20859375 0.04375 0.0828125
0 0.02734375 0.39296875 0.0546875 0.121875
0 0.3203125 0.40625 0.06875 0.075
0 0.2515625 0.33828125 0.084375 0.0484375
0 0.246875 0.24609375 0.0546875 0.04375
0 0.2890625 0.2265625 0.0390625 0.0515625
0 0.315625 0.1890625 0.065625 0.0421875
0 0.66484375 0.203125 0.05 0.08125
0 0.3875 0.178125 0.0515625 0.04375
0 0.175 0.62421875 0.1234375 0.1171875