0 0.18046875 0.93359375 0.1375 0.1078125
0 0.221875 0.9625 0.096875 0.075
0 0.12109375 0.8609375 0.1078125 0.1015625
0 0.22265625 0.81796875 0.075 0.103125
0 0.16953125 0.80078125 0.0671875 0.059375
0 0.065625 0.796875 0.0421875 0.09375
0 0.32109375 0.803125 0.053125 0.0953125
0 0.28046875 0.87734375 0.05625 0.078125
0 0.346875 0.8828125 0.0859375 0.0984375
0 0.4109375 0.9609375 0.165625 0.078125
0 0.45078125 0.87890625 0.0859375 0.125
0 0.41640625 0.803125 0.1046875 0.1203125
0 0.4015625 0.7734375 0.0921875 0.0609375
0 0.5015625 0.80234375 0.0765625 0.0796875
0 0.5890625 0.85546875 0.084375 0.115625
0 0.60234375 0.76953125 0.0515625 0.103125
0 0.66796875 0.9453125 0.103125 0.109375
0 0.6640625 0.8984375 0.0640625 0.0875
0 0.721875 0.940625 0.071875 0.11875
0 0.55625 0.95 0.0375 0.0796875
0 0.59921875 0.9640625 0.06875 0.071875
0 0.803125 0.97265625 0.103125 0.0546875
0 0.7234375 0.87265625 0.0625 0.1234375
0 0.6578125 0.78203125 0.040625 0.1140625
0 0.725 0.7765625 0.0515625 0.0984375
0 0.7875 0.86484375 0.0625 0.140625
0 0.83515625 0.90625 0.0765625 0.0890625
0 0.87890625 0.9625 0.0734375 0.075
0 0.8484375 0.82109375 0.084375 0.0890625
0 0.8234375 0.83828125 0.08125 0.0828125
0 0.9390625 0.884375 0.0890625 0.096875
0 0.93828125 0.91875 0.0515625 0.1453125
0 0.8625 0.71796875 0.090625 0.10625
0 0.9796875 0.721875 0.040625 0.0625
0 0.93828125 0.77578125 0.0484375 0.1125
0 0.8203125 0.63203125 0.0875 0.08125
0 0.8109375 0.59453125 0.0515625 0.059375
0 0.97265625 0.675 0.0546875 0.0640625
0 0.1828125 0.728125 0.0875 0.0703125
0 0.33125 0.73515625 0.08125 0.09375
0 0.30546875 0.69296875 0.0609375 0.0828125
0 0.39453125 0.696875 0.075 0.059375
0 0.36171875 0.65390625 0.0703125 0.0625
0 0.46171875 0.68125 0.05625 0.0515625
0 0.51015625 0.66328125 0.025 0.0359375
0 0.5484375 0.67890625 0.0640625 0.0734375
0 0.53671875 0.74140625 0.09375 0.0671875
0 0.47109375 0.71484375 0.071875 0.071875
0 0.39375 0.73515625 0.0796875 0.059375
0 0.08515625 0.70078125 0.05 0.1046875
0 0.03046875 0.6828125 0.0453125 0.10625
0 0.04453125 0.63203125 0.078125 0.0640625
0 0.17578125 0.66875 0.075 0.0625
0 0.2484375 0.72890625 0.0484375 0.08125
0 0.53359375 0.63203125 0.075 0.0421875
0 0.47578125 0.63515625 0.053125 0.0625
0 0.43203125 0.6140625 0.0484375 0.065625
0 0.3796875 0.58984375 0.0421875 0.09375
0 0.353125 0.56484375 0.0546875 0.059375
0 0.471875 0.565625 0.0609375 0.046875
0 0.4640625 0.5875 0.05625 0.0609375
0 0.28515625 0.6296875 0.0828125 0.1
0 0.2171875 0.64921875 0.0484375 0.075
0 0.14765625 0.66015625 0.0671875 0.103125
0 0.171875 0.56640625 0.0359375 0.06875
0 0.19765625 0.60703125 0.0953125 0.0515625
0 0.00859375 0.565625 0.0171875 0.065625
0 0.0734375 0.58125 0.06875 0.0625
0 0.05390625 0.5546875 0.0328125 0.05
0 0.04140625 0.52421875 0.0609375 0.0609375
0 0.08984375 0.528125 0.059375 0.05
0 0.26328125 0.5890625 0.0421875 0.0546875
0 0.55625 0.578125 0.0625 0.06875
0 0.5140625 0.59609375 0.0546875 0.0453125
0 0.59140625 0.59921875 0.0453125 0.0734375
0 0.6375 0.60234375 0.05625 0.1171875
0 0.37578125 0.515625 0.0375 0.0734375
0 0.37578125 0.4796875 0.0171875 0.065625
0 0.40390625 0.48515625 0.0390625 0.078125
0 0.43359375 0.48671875 0.0515625 0.0703125
0 0.45546875 0.5 0.0578125 0.06875
0 0.31015625 0.4796875 0.0296875 0.040625
0 0.353125 0.4828125 0.01875 0.05
0 0.3265625 0.5109375 0.053125 0.0734375
0 0.278125 0.52421875 0.046875 0.059375
0 0.14296875 0.51953125 0.0390625 0.0609375
0 0.134375 0.55546875 0.040625 0.0390625
0 0.12578125 0.5890625 0.0296875 0.0328125
0 0.14140625 0.6015625 0.04375 0.0625
0 0.24140625 0.41328125 0.0390625 0.05
0 0.25859375 0.4203125 0.0296875 0.04375
0 0.1765625 0.40234375 0.0453125 0.0390625
0 0.1625 0.43203125 0.04375 0.05
0 0.16640625 0.46796875 0.0234375 0.0421875
0 0.2171875 0.46796875 0.0296875 0.059375
0 0.11640625 0.47265625 0.0296875 0.0421875
0 0.07578125 0.3859375 0.021875 0.040625
0 0.02890625 0.396875 0.0296875 0.046875
0 0.01484375 0.478125 0.0296875 0.046875
0 0.04765625 0.4546875 0.03125 0.05
0 0.08203125 0.475 0.0375 0.05625
0 0.04375 0.48671875 0.0421875 0.04375
0 0.11015625 0.3953125 0.0359375 0.0375
0 0.121875 0.36015625 0.05 0.046875
0 0.17265625 0.37109375 0.0375 0.0375
0 0.215625 0.39375 0.0328125 0.0609375
0 0.1171875 0.42734375 0.0578125 0.046875
0 0.22421875 0.525 0.0578125 0.1
0 0.16640625 0.503125 0.0515625 0.05625
0 0.29765625 0.4703125 0.040625 0.0515625
0 0.2625 0.47109375 0.021875 0.046875
0 0.49609375 0.48046875 0.046875 0.0640625
0 0.63828125 0.50625 0.0484375 0.0703125
0 0.6234375 0.55 0.028125 0.053125
0 0.6015625 0.45234375 0.025 0.0546875
0 0.5265625 0.4328125 0.05 0.075
0 0.48125 0.42890625 0.034375 0.053125
0 0.5625 0.45390625 0.021875 0.0625
0 0.60625 0.40234375 0.028125 0.0640625
0 0.57421875 0.4125 0.0421875 0.05
0 0.5015625 0.40546875 0.0359375 0.0359375
0 0.81640625 0.503125 0.034375 0.0515625
0 0.8015625 0.47734375 0.040625 0.0453125
0 0.8296875 0.459375 0.0328125 0.0640625
0 0.87890625 0.434375 0.01875 0.0328125
0 0.953125 0.43515625 0.0265625 0.0421875
0 0.9125 0.47578125 0.06875 0.0578125