0 0.96953125 0.809375 0.0609375 0.1078125
0 0.9734375 0.66953125 0.053125 0.0859375
0 0.94453125 0.65859375 0.0421875 0.0796875
0 0.90703125 0.70078125 0.053125 0.128125
0 0.85078125 0.6921875 0.0546875 0.0828125
0 0.9625 0.7140625 0.059375 0.09375
0 0.96640625 0.59375 0.0578125 0.06875
0 0.90390625 0.60390625 0.06875 0.0671875
0 0.8453125 0.5703125 0.0703125 0.0953125
0 0.8015625 0.6421875 0.0625 0.096875
0 0.63359375 0.81171875 0.0640625 0.140625
0 0.65703125 0.74765625 0.04375 0.121875
0 0.70234375 0.7484375 0.078125 0.1140625
0 0.715625 0.69375 0.0765625 0.059375
0 0.625 0.68125 0.0875 0.059375
0 0.703125 0.65078125 0.075 0.0703125
0 0.73203125 0.63828125 0.06875 0.075
0 0.78046875 0.51953125 0.034375 0.046875
0 0.7546875 0.5265625 0.03125 0.04375
0 0.815625 0.50546875 0.0359375 0.04375
0 0.8484375 0.5078125 0.0421875 0.0515625
0 0.74921875 0.56640625 0.0671875 0.0453125
0 0.7921875 0.5640625 0.0390625 0.0578125
0 0.66875 0.57578125 0.0546875 0.0625
0 0.65546875 0.6125 0.0640625 0.059375
0 0.56796875 0.6328125 0.046875 0.071875
0 0.609375 0.58203125 0.0515625 0.0875
0 0.66640625 0.5234375 0.0453125 0.05
0 0.703125 0.53125 0.0421875 0.059375
0 0.721875 0.509375 0.0515625 0.0578125
0 0.55078125 0.5328125 0.0875 0.0625
0 0.52578125 0.55234375 0.0890625 0.059375
0 0.53203125 0.56953125 0.059375 0.059375
0 0.50546875 0.621875 0.0625 0.0671875
0 0.4796875 0.67421875 0.0734375 0.0828125
0 0.453125 0.61328125 0.0609375 0.0578125
0 0.45625 0.5734375 0.06875 0.046875
0 0.434375 0.55703125 0.0328125 0.059375
0 0.3984375 0.640625 0.071875 0.0953125
0 0.5125 0.79296875 0.090625 0.096875
0 0.52421875 0.87578125 0.053125 0.06875
0 0.48203125 0.88984375 0.0609375 0.096875
0 0.4296875 0.91640625 0.1109375 0.121875
0 0.28671875 0.95234375 0.0578125 0.0828125
0 0.22734375 0.953125 0.0984375 0.09375
0 0.05859375 0.94609375 0.0984375 0.103125
0 0.07265625 0.85546875 0.096875 0.1109375
0 0.09453125 0.775 0.0484375 0.1046875
0 0.14609375 0.790625 0.0734375 0.128125
0 0.21953125 0.8078125 0.0625 0.0765625
0 0.24296875 0.878125 0.09375 0.08125
0 0.26953125 0.8328125 0.065625 0.1015625
0 0.325 0.840625 0.08125 0.096875
0 0.35859375 0.70625 0.0625 0.134375
0 0.2234375 0.7390625 0.1140625 0.09375
0 0.23359375 0.66796875 0.05 0.075
0 0.271875 0.66875 0.0828125 0.10625
0 0.3359375 0.60234375 0.0828125 0.0671875
0 0.1828125 0.62109375 0.05 0.06875
0 0.134375 0.65859375 0.0890625 0.103125
0 0.1078125 0.72734375 0.0984375 0.0640625
0 0.03359375 0.7328125 0.0671875 0.14375
0 0.08046875 0.625 0.0515625 0.0515625
0 0.03515625 0.58203125 0.0703125 0.059375
0 0.0296875 0.6390625 0.059375 0.046875
0 0.03515625 0.48671875 0.0359375 0.0734375
0 0.0890625 0.5046875 0.0375 0.0625
0 0.01796875 0.43203125 0.034375 0.084375
0 0.11015625 0.43515625 0.0359375 0.046875
0 0.17578125 0.41796875 0.0640625 0.0578125
0 0.16640625 0.46796875 0.065625 0.0640625
0 0.13125 0.5234375 0.0453125 0.053125
0 0.18359375 0.50546875 0.0625 0.075
0 0.14140625 0.56171875 0.0375 0.0421875
0 0.18203125 0.55546875 0.04375 0.046875
0 0.2234375 0.54921875 0.0421875 0.04375
0 0.2359375 0.515625 0.05 0.05625
0 0.2625 0.51953125 0.0375 0.0609375
0 0.28203125 0.48125 0.0265625 0.046875
0 0.303125 0.47734375 0.025 0.04375
0 0.35625 0.47265625 0.034375 0.0359375
0 0.37734375 0.46796875 0.03125 0.05625
0 0.41953125 0.47421875 0.0625 0.059375
0 0.30625 0.52734375 0.0625 0.071875
0 0.34765625 0.51640625 0.0328125 0.0515625
0 0.4 0.5171875 0.075 0.04375
0 0.4921875 0.48359375 0.040625 0.0671875
0 0.45390625 0.45 0.053125 0.0578125
0 0.47109375 0.40859375 0.0609375 0.0453125
0 0.44921875 0.38515625 0.0390625 0.0578125
0 0.475 0.3734375 0.05 0.046875
0 0.521875 0.38828125 0.071875 0.03125
0 0.53515625 0.42265625 0.0609375 0.046875
0 0.55625 0.45625 0.0515625 0.053125
0 0.534375 0.4984375 0.0578125 0.0359375
0 0.5796875 0.48515625 0.040625 0.040625
0 0.60390625 0.4421875 0.0484375 0.0453125
0 0.6078125 0.48125 0.0265625 0.0484375
0 0.64375 0.47890625 0.0625 0.034375
0 0.64140625 0.44296875 0.034375 0.0375
0 0.71171875 0.475 0.040625 0.040625
0 0.7546875 0.4625 0.05 0.0421875
0 0.71640625 0.4359375 0.0484375 0.0453125
0 0.71640625 0.40078125 0.0515625 0.0359375
0 0.69609375 0.3828125 0.04375 0.0359375
0 0.67265625 0.428125 0.0359375 0.0671875
0 0.58359375 0.409375 0.01875 0.0390625
0 0.61015625 0.4 0.0265625 0.046875
0 0.6328125 0.39921875 0.028125 0.05
0 0.60859375 0.3609375 0.0515625 0.0375
0 0.65625 0.38203125 0.0328125 0.03125