0 0.6125 0.92109375 0.125 0.153125
0 0.440625 0.9 0.1265625 0.1359375
0 0.31640625 0.92578125 0.14375 0.1453125
0 0.3328125 0.8390625 0.1 0.103125
0 0.1875 0.90625 0.1203125 0.1453125
0 0.14453125 0.81875 0.146875 0.115625
0 0.75234375 0.78359375 0.153125 0.1328125
0 0.85703125 0.7 0.1078125 0.16875
0 0.8828125 0.93046875 0.053125 0.09375
0 0.94765625 0.9 0.0609375 0.0796875
0 0.94921875 0.96328125 0.1015625 0.0734375
0 0.85 0.9625 0.053125 0.075
0 0.6390625 0.7359375 0.121875 0.165625
0 0.5953125 0.6375 0.1046875 0.10625
0 0.50703125 0.68515625 0.103125 0.1609375
0 0.4140625 0.68203125 0.1203125 0.153125
0 0.2828125 0.67734375 0.096875 0.1046875
0 0.2765625 0.73828125 0.1703125 0.1234375
0 0.06328125 0.78046875 0.0984375 0.1140625
0 0.02578125 0.68125 0.0515625 0.153125
0 0.15234375 0.6 0.0734375 0.1578125
0 0.2046875 0.68203125 0.0890625 0.115625
0 0.19375 0.59140625 0.0765625 0.1484375
0 0.06328125 0.57578125 0.1234375 0.1140625
0 0.04296875 0.9578125 0.0734375 0.084375
0 0.7859375 0.89296875 0.1828125 0.1640625
0 0.96953125 0.78984375 0.0609375 0.1625
0 0.74140625 0.69296875 0.0859375 0.1578125
0 0.34609375 0.58671875 0.0640625 0.1328125
0 0.41015625 0.48984375 0.078125 0.140625
0 0.27421875 0.56640625 0.040625 0.1078125
0 0.08671875 0.459375 0.078125 0.1140625
0 0.1328125 0.48125 0.1 0.0875
0 0.23828125 0.45625 0.0578125 0.1171875
0 0.528125 0.43046875 0.0453125 0.13125
0 0.56171875 0.52109375 0.065625 0.0734375
0 0.57265625 0.4484375 0.0546875 0.1453125
0 0.7328125 0.4953125 0.0515625 0.1265625
0 0.6171875 0.5078125 0.0578125 0.140625
0 0.88515625 0.5265625 0.053125 0.0671875
0 0.96953125 0.57890625 0.0546875 0.0734375
0 0.97421875 0.6515625 0.0515625 0.0609375
0 0.94765625 0.48125 0.1046875 0.109375
0 0.87578125 0.4421875 0.0671875 0.10625
0 0.79296875 0.44921875 0.0734375 0.0859375
0 0.646875 0.35078125 0.1078125 0.140625
0 0.39140625 0.359375 0.065625 0.115625
0 0.2890625 0.35703125 0.090625 0.090625
0 0.2359375 0.3546875 0.0828125 0.0921875
0 0.1765625 0.3921875 0.040625 0.078125
0 0.2953125 0.44765625 0.0625 0.1203125
0 0.4109375 0.24765625 0.084375 0.0765625
0 0.36015625 0.23671875 0.0765625 0.0875
0 0.271875 0.296875 0.0515625 0.0796875
0 0.22109375 0.2859375 0.0734375 0.0625
0 0.14140625 0.2796875 0.0765625 0.084375
0 0.09453125 0.346875 0.0796875 0.053125
0 0.11640625 0.37421875 0.065625 0.0421875
0 0.18125 0.3828125 0.04375 0.0765625
0 0.4359375 0.33125 0.046875 0.0875
0 0.4671875 0.30703125 0.06875 0.1390625
0 0.56875 0.26875 0.0390625 0.08125
0 0.6046875 0.25390625 0.0203125 0.06875
0 0.78828125 0.33359375 0.071875 0.0703125
0 0.84140625 0.30078125 0.0828125 0.08125
0 0.0515625 0.30546875 0.028125 0.0890625
0 0.08046875 0.28515625 0.034375 0.0796875
0 0.2859375 0.2265625 0.0390625 0.0625
0 0.23984375 0.225 0.0453125 0.0703125
0 0.6734375 0.21875 0.028125 0.0859375
0 0.73203125 0.2171875 0.0234375 0.0875
0 0.77265625 0.22578125 0.059375 0.0671875
0 0.8765625 0.2328125 0.05 0.075
0 0.96875 0.2859375 0.0625 0.078125
0 0.53125 0.225 0.021875 0.040625
0 0.45546875 0.4203125 0.0578125 0.0734375
0 0.77890625 0.3984375 0.08125 0.065625
0 0.11328125 0.7328125 0.0984375 0.078125
0 0.70703125 0.5671875 0.0703125 0.096875
0 0.8484375 0.5453125 0.075 0.1171875
0 0.5828125 0.3296875 0.0515625 0.0453125
0 0.734375 0.303125 0.071875 0.071875