0 0.67890625 0.878125 0.1359375 0.1609375
0 0.784375 0.96015625 0.15 0.0796875
0 0.64921875 0.97109375 0.0890625 0.0578125
0 0.5734375 0.9671875 0.06875 0.065625
0 0.484375 0.86484375 0.14375 0.109375
0 0.49453125 0.93125 0.0984375 0.0765625
0 0.3984375 0.9171875 0.10625 0.165625
0 0.28671875 0.8828125 0.0859375 0.1734375
0 0.11328125 0.92109375 0.075 0.1578125
0 0.0359375 0.84921875 0.071875 0.15625
0 0.825 0.8703125 0.1125 0.209375
0 0.93828125 0.91640625 0.1234375 0.1625
0 0.978125 0.79453125 0.04375 0.075
0 0.9078125 0.753125 0.0796875 0.1
0 0.84453125 0.73046875 0.059375 0.096875
0 0.74453125 0.7625 0.103125 0.1609375
0 0.8265625 0.6515625 0.1765625 0.140625
0 0.94921875 0.55625 0.0671875 0.2046875
0 0.9765625 0.71484375 0.034375 0.115625
0 0.59921875 0.5875 0.1125 0.171875
0 0.4984375 0.67578125 0.109375 0.16875
0 0.3046875 0.6484375 0.1125 0.2
0 0.23046875 0.71640625 0.121875 0.1734375
0 0.01953125 0.6546875 0.0390625 0.14375
0 0.30078125 0.48828125 0.06875 0.1328125
0 0.40390625 0.47109375 0.0875 0.115625
0 0.4734375 0.453125 0.1078125 0.1140625
0 0.55390625 0.43359375 0.0671875 0.084375
0 0.6234375 0.43203125 0.0515625 0.0890625
0 0.61484375 0.359375 0.03125 0.065625
0 0.5 0.34765625 0.078125 0.1484375
0 0.36171875 0.32421875 0.0609375 0.05625
0 0.8609375 0.44140625 0.1 0.121875
0 0.9109375 0.53046875 0.04375 0.075
0 0.87734375 0.55859375 0.0765625 0.0953125
0 0.83671875 0.484375 0.05 0.0828125
0 0.73671875 0.5796875 0.0796875 0.0875
0 0.6875 0.5375 0.059375 0.1203125
0 0.6203125 0.51171875 0.078125 0.084375
0 0.69140625 0.3921875 0.071875 0.0703125
0 0.728125 0.45625 0.1 0.1125
0 0.78515625 0.48671875 0.065625 0.1140625
0 0.8578125 0.35078125 0.0375 0.05625
0 0.88515625 0.3625 0.075 0.0609375
0 0.8828125 0.41875 0.121875 0.08125
0 0.81953125 0.33984375 0.034375 0.0984375
0 0.92734375 0.3125 0.084375 0.1015625
0 0.94765625 0.36171875 0.0546875 0.08125
0 0.98671875 0.428125 0.0265625 0.125
0 0.98671875 0.696875 0.0265625 0.14375
0 0.87421875 0.840625 0.1453125 0.1140625
0 0.48203125 0.5171875 0.090625 0.096875
0 0.40625 0.5171875 0.071875 0.084375
0 0.18671875 0.53515625 0.0765625 0.10625
0 0.128125 0.5078125 0.06875 0.115625
0 0.19609375 0.45546875 0.090625 0.06875
0 0.24375 0.40625 0.096875 0.1046875
0 0.2515625 0.34921875 0.13125 0.090625
0 0.07109375 0.39296875 0.0796875 0.071875
0 0.05234375 0.53359375 0.040625 0.078125
0 0.05546875 0.31015625 0.0609375 0.06875
0 0.009375 0.2734375 0.01875 0.0625
0 0.21015625 0.271875 0.0484375 0.0578125
0 0.178125 0.2546875 0.0390625 0.0671875
0 0.346875 0.26171875 0.0625 0.08125
0 0.27734375 0.27265625 0.0515625 0.0640625
0 0.56171875 0.2515625 0.0390625 0.059375
0 0.7890625 0.29140625 0.1125 0.0734375
0 0.70703125 0.303125 0.05625 0.059375
0 0.87421875 0.25703125 0.0484375 0.0546875
0 0.8234375 0.23046875 0.05 0.0296875
0 0.74140625 0.24609375 0.0578125 0.05
0 0.62734375 0.3140625 0.059375 0.0640625
0 0.590625 0.26953125 0.05625 0.1
0 0.45390625 0.246875 0.0375 0.0890625
0 0.41484375 0.353125 0.0359375 0.1109375
0 0.4265625 0.315625 0.0296875 0.053125
0 0.95234375 0.2859375 0.0953125 0.075
0 0.6625 0.209375 0.096875 0.0703125
0 0.76015625 0.19453125 0.084375 0.0734375
0 0.85546875 0.20078125 0.059375 0.0484375
0 0.9171875 0.2171875 0.053125 0.075
0 0.5828125 0.18515625 0.034375 0.0453125
0 0.69453125 0.175 0.0515625 0.05625
0 0.49765625 0.19765625 0.0515625 0.08125
0 0.57421875 0.21875 0.06875 0.040625
0 0.28984375 0.19375 0.0515625 0.0453125
0 0.26796875 0.1578125 0.025 0.0625
0 0.2484375 0.17265625 0.0296875 0.0640625
0 0.21484375 0.19765625 0.0546875 0.071875
0 0.1359375 0.20859375 0.034375 0.071875
0 0.1078125 0.2109375 0.040625 0.06875
0 0.04453125 0.2359375 0.0546875 0.103125
0 0.1015625 0.27890625 0.05 0.09375
0 0.14375 0.29375 0.053125 0.0875
0 0.1359375 0.36484375 0.0359375 0.1046875
0 0.1375 0.41484375 0.0921875 0.1234375
0 0.17109375 0.3296875 0.0296875 0.0609375
0 0.55390625 0.3625 0.0390625 0.0828125
0 0.3984375 0.21640625 0.04375 0.0984375
0 0.33828125 0.19453125 0.0359375 0.05
0 0.16796875 0.20625 0.034375 0.0515625
0 0.42890625 0.19921875 0.0171875 0.059375
0 0.51640625 0.25 0.053125 0.0421875
0 0.48515625 0.2828125 0.0671875 0.0796875
0 0.77890625 0.346875 0.0890625 0.084375
0 0.0125 0.534375 0.025 0.0828125
0 0.04921875 0.6359375 0.0734375 0.0859375
0 0.0625 0.4546875 0.053125 0.0796875
0 0.01875 0.43203125 0.0375 0.1046875
0 0.01484375 0.34375 0.0296875 0.109375
0 0.640625 0.71953125 0.0703125 0.1015625
0 0.23671875 0.80546875 0.071875 0.1078125
0 0.28046875 0.5953125 0.125 0.0890625