0 0.06875 0.94296875 0.11875 0.1140625
0 0.18046875 0.9078125 0.1015625 0.1453125
0 0.21015625 0.9765625 0.1078125 0.046875
0 0.021875 0.7234375 0.04375 0.146875
0 0.0828125 0.7390625 0.08125 0.10625
0 0.1421875 0.73046875 0.0546875 0.15
0 0.1609375 0.66015625 0.1046875 0.0859375
0 0.1390625 0.6109375 0.08125 0.0734375
0 0.2078125 0.7421875 0.071875 0.1296875
0 0.26484375 0.70234375 0.0953125 0.1140625
0 0.29609375 0.7734375 0.04375 0.134375
0 0.35390625 0.80234375 0.0984375 0.14375
0 0.43203125 0.92890625 0.065625 0.1125
0 0.50546875 0.95390625 0.09375 0.0921875
0 0.55234375 0.88671875 0.1125 0.09375
0 0.62421875 0.86953125 0.0515625 0.06875
0 0.73984375 0.91171875 0.121875 0.121875
0 0.6671875 0.94375 0.059375 0.109375
0 0.73125 0.97578125 0.071875 0.0484375
0 0.525 0.80859375 0.1078125 0.1171875
0 0.47578125 0.81640625 0.0921875 0.115625
0 0.45625 0.75390625 0.0921875 0.0703125
0 0.43125 0.68359375 0.06875 0.0875
0 0.375 0.6640625 0.05625 0.0828125
0 0.26875 0.6265625 0.084375 0.0546875
0 0.2125 0.5921875 0.0578125 0.0515625
0 0.22265625 0.5390625 0.04375 0.05625
0 0.30546875 0.5625 0.0890625 0.0890625
0 0.040625 0.546875 0.08125 0.0671875
0 0.09921875 0.55703125 0.04375 0.0734375
0 0.12734375 0.540625 0.04375 0.0796875
0 0.1796875 0.540625 0.0578125 0.0921875
0 0.1828125 0.49375 0.065625 0.0671875
0 0.1328125 0.47890625 0.046875 0.0515625
0 0.0671875 0.4984375 0.03125 0.065625
0 0.0296875 0.4796875 0.059375 0.06875
0 0.08125 0.45078125 0.05 0.059375
0 0.03359375 0.4265625 0.0609375 0.059375
0 0.17734375 0.4609375 0.059375 0.0578125
0 0.21640625 0.45703125 0.0359375 0.053125
0 0.25859375 0.46640625 0.05625 0.065625
0 0.284375 0.48359375 0.0703125 0.078125
0 0.325 0.4453125 0.059375 0.0484375
0 0.3265625 0.49765625 0.04375 0.0515625
0 0.36328125 0.47109375 0.053125 0.0578125
0 0.40546875 0.4609375 0.0484375 0.0515625
0 0.38984375 0.53359375 0.0390625 0.0765625
0 0.42421875 0.496875 0.0859375 0.0984375
0 0.4578125 0.53515625 0.0578125 0.1109375
0 0.51875 0.50546875 0.071875 0.08125
0 0.859375 0.875 0.0625 0.1640625
0 0.78828125 0.84140625 0.0890625 0.13125
0 0.7171875 0.7984375 0.0546875 0.09375
0 0.7140625 0.70390625 0.0671875 0.078125
0 0.72890625 0.73671875 0.04375 0.0546875
0 0.90625 0.8015625 0.0578125 0.109375
0 0.9703125 0.84140625 0.0546875 0.1203125
0 0.9515625 0.76015625 0.0421875 0.0625
0 0.915625 0.69921875 0.0953125 0.09375
0 0.83203125 0.6875 0.071875 0.10625
0 0.77109375 0.675 0.0546875 0.078125
0 0.6421875 0.71953125 0.0453125 0.125
0 0.57734375 0.709375 0.0890625 0.0765625
0 0.51328125 0.66484375 0.084375 0.1109375
0 0.45859375 0.628125 0.0359375 0.0515625
0 0.51484375 0.5875 0.0546875 0.0515625
0 0.5625 0.61171875 0.059375 0.0703125
0 0.62109375 0.61640625 0.0578125 0.0875
0 0.67265625 0.62421875 0.0828125 0.0703125
0 0.61171875 0.57421875 0.078125 0.04375
0 0.6734375 0.5703125 0.0609375 0.05625
0 0.65234375 0.54140625 0.0625 0.0546875
0 0.665625 0.4984375 0.0609375 0.0359375
0 0.63046875 0.52265625 0.0421875 0.0390625
0 0.62109375 0.4859375 0.0671875 0.0484375
0 0.5640625 0.49140625 0.040625 0.0609375
0 0.5921875 0.525 0.0609375 0.0671875
0 0.534375 0.5453125 0.059375 0.05625
0 0.97890625 0.609375 0.0421875 0.090625
0 0.94609375 0.58984375 0.0453125 0.075
0 0.909375 0.63828125 0.0828125 0.0625
0 0.8703125 0.60078125 0.0453125 0.0703125
0 0.9015625 0.565625 0.05 0.065625
0 0.95234375 0.51484375 0.0734375 0.0609375
0 0.90234375 0.4828125 0.053125 0.0390625
0 0.8765625 0.503125 0.0625 0.0734375
0 0.82734375 0.51640625 0.065625 0.0421875
0 0.859375 0.5625 0.034375 0.05
0 0.82578125 0.578125 0.0390625 0.090625
0 0.77265625 0.5328125 0.071875 0.0671875
0 0.72109375 0.571875 0.040625 0.0578125
0 0.71875 0.534375 0.05625 0.05
0 0.746875 0.4890625 0.05625 0.05
0 0.80546875 0.46328125 0.046875 0.0703125
0 0.91328125 0.41484375 0.0390625 0.046875
0 0.98203125 0.47578125 0.0359375 0.09375
0 0.95234375 0.39453125 0.059375 0.059375
0 0.95703125 0.3328125 0.0390625 0.0421875
0 0.91875 0.32265625 0.0375 0.059375
0 0.84375 0.3171875 0.0328125 0.0359375
0 0.82578125 0.3625 0.0359375 0.05
0 0.84140625 0.3859375 0.0421875 0.059375
0 0.66640625 0.4234375 0.0671875 0.0515625
0 0.68515625 0.440625 0.0703125 0.053125
0 0.7640625 0.35625 0.0375 0.040625
0 0.76171875 0.31875 0.059375 0.04375
0 0.71796875 0.34609375 0.0515625 0.053125
0 0.678125 0.3328125 0.0328125 0.0328125
0 0.6453125 0.3390625 0.0390625 0.040625
0 0.646875 0.37421875 0.040625 0.059375
0 0.684375 0.378125 0.0546875 0.0640625
0 0.71171875 0.378125 0.071875 0.05
0 0.6171875 0.39453125 0.04375 0.0609375
0 0.596875 0.371875 0.04375 0.046875
0 0.59609375 0.4234375 0.0390625 0.0390625
0 0.56875 0.38515625 0.0328125 0.078125
0 0.5609375 0.42265625 0.0484375 0.0421875
0 0.51484375 0.40703125 0.05 0.059375
0 0.5171875 0.3875 0.0234375 0.04375
0 0.54140625 0.36640625 0.0359375 0.0515625
0 0.50078125 0.36484375 0.0328125 0.046875
0 0.475 0.3625 0.034375 0.053125
0 0.45703125 0.35234375 0.0453125 0.0546875
0 0.42265625 0.346875 0.05 0.046875
0 0.43515625 0.36953125 0.0375 0.040625
0 0.44296875 0.39296875 0.0640625 0.0328125
0 0.44453125 0.4203125 0.0703125 0.0390625
0 0.38515625 0.41640625 0.05625 0.034375
0 0.38984375 0.36875 0.0515625 0.0640625
0 0.3328125 0.39921875 0.0359375 0.0453125
0 0.29375 0.4046875 0.0515625 0.0453125
0 0.2515625 0.3984375 0.046875 0.0625
0 0.20390625 0.39609375 0.071875 0.0546875
0 0.1390625 0.421875 0.0453125 0.0578125
0 0.103125 0.41640625 0.0390625 0.05625
0 0.078125 0.37265625 0.059375 0.053125
0 0.140625 0.36875 0.0484375 0.0703125
0 0.12265625 0.3234375 0.0515625 0.05625
0 0.16796875 0.34375 0.034375 0.046875
0 0.20234375 0.35625 0.046875 0.0390625
0 0.24375 0.35 0.0484375 0.0359375
0 0.30859375 0.35625 0.071875 0.0421875
0 0.35546875 0.33359375 0.0359375 0.0703125
0 0.39140625 0.31875 0.0453125 0.040625
0 0.3796875 0.28515625 0.0515625 0.0390625
0 0.38359375 0.2671875 0.0328125 0.0296875
0 0.34453125 0.25625 0.0421875 0.0359375
0 0.3171875 0.2890625 0.05625 0.0484375
0 0.3296875 0.325 0.04375 0.0421875
0 0.2671875 0.31484375 0.05625 0.0546875
0 0.27421875 0.28359375 0.028125 0.0296875
0 0.28828125 0.24765625 0.06875 0.04375
0 0.2375 0.24765625 0.0328125 0.0484375
0 0.20234375 0.253125 0.053125 0.0390625
0 0.190625 0.275 0.0765625 0.03125
0 0.17734375 0.296875 0.0328125 0.01875
0 0.19453125 0.3109375 0.0734375 0.0359375
0 0.2234375 0.31328125 0.05625 0.065625