0 0.8890625 0.97734375 0.096875 0.0453125
0 0.8328125 0.84765625 0.0828125 0.0640625
0 0.975 0.84765625 0.0484375 0.134375
0 0.9765625 0.68359375 0.046875 0.0953125
0 0.93125 0.653125 0.04375 0.1125
0 0.840625 0.70625 0.0796875 0.1171875
0 0.85625 0.6625 0.1046875 0.115625
0 0.77578125 0.81640625 0.065625 0.1421875
0 0.71875 0.8265625 0.071875 0.14375
0 0.7421875 0.95859375 0.084375 0.0828125
0 0.73359375 0.69375 0.096875 0.10625
0 0.63046875 0.72890625 0.0859375 0.140625
0 0.6125 0.7890625 0.065625 0.1015625
0 0.5375 0.890625 0.096875 0.1484375
0 0.5625 0.7796875 0.0609375 0.1171875
0 0.5234375 0.7171875 0.053125 0.09375
0 0.49765625 0.790625 0.0734375 0.1046875
0 0.421875 0.87109375 0.059375 0.1484375
0 0.38671875 0.86015625 0.0703125 0.109375
0 0.334375 0.89375 0.0734375 0.1265625
0 0.27265625 0.8796875 0.0890625 0.103125
0 0.2703125 0.9625 0.0828125 0.075
0 0.4578125 0.9625 0.1203125 0.075
0 0.41640625 0.81171875 0.103125 0.0703125
0 0.46796875 0.7515625 0.053125 0.090625
0 0.4046875 0.728125 0.04375 0.0796875
0 0.41796875 0.6875 0.03125 0.071875
0 0.453125 0.67890625 0.0484375 0.0703125
0 0.3609375 0.73984375 0.0609375 0.1109375
0 0.29140625 0.77265625 0.0765625 0.103125
0 0.95234375 0.5890625 0.0390625 0.0484375
0 0.98359375 0.6 0.0328125 0.078125
0 0.95703125 0.4921875 0.0546875 0.053125
0 0.88828125 0.4921875 0.065625 0.0609375
0 0.83984375 0.51796875 0.059375 0.053125
0 0.84609375 0.559375 0.05625 0.078125
0 0.884375 0.54453125 0.0546875 0.040625
0 0.909375 0.5921875 0.0515625 0.0890625
0 0.93828125 0.53515625 0.0453125 0.0734375
0 0.7625 0.51640625 0.0390625 0.0921875
0 0.7609375 0.60390625 0.0765625 0.084375
0 0.709375 0.6078125 0.0734375 0.090625
0 0.64375 0.62890625 0.0515625 0.09375
0 0.61328125 0.590625 0.059375 0.1328125
0 0.56953125 0.6125 0.04375 0.09375
0 0.53671875 0.6640625 0.0625 0.053125
0 0.50234375 0.678125 0.028125 0.071875
0 0.4875 0.61015625 0.0515625 0.0625
0 0.52421875 0.60703125 0.0390625 0.0640625
0 0.57578125 0.54921875 0.0328125 0.0625
0 0.60703125 0.5046875 0.03125 0.0609375
0 0.7140625 0.55078125 0.0671875 0.0703125
0 0.68046875 0.53828125 0.0546875 0.084375
0 0.6484375 0.5171875 0.0375 0.078125
0 0.46484375 0.5796875 0.0375 0.05
0 0.446875 0.5375 0.075 0.0671875
0 0.34765625 0.55078125 0.0734375 0.0484375
0 0.97109375 0.440625 0.0578125 0.0453125
0 0.9296875 0.44453125 0.0234375 0.0484375
0 0.88359375 0.446875 0.0703125 0.0453125
0 0.80859375 0.44765625 0.046875 0.046875
0 0.83046875 0.42109375 0.0453125 0.0453125
0 0.72265625 0.45078125 0.05 0.05625
0 0.9015625 0.403125 0.0375 0.0453125
0 0.8265625 0.3484375 0.028125 0.04375
0 0.81015625 0.38203125 0.0515625 0.0421875
0 0.796875 0.3171875 0.040625 0.059375
0 0.86953125 0.32734375 0.0390625 0.0390625
0 0.87578125 0.359375 0.0390625 0.034375
0 0.9171875 0.3625 0.0375 0.0453125
0 0.94765625 0.38671875 0.0390625 0.0515625
0 0.95859375 0.31328125 0.0296875 0.0625
0 0.98515625 0.353125 0.0296875 0.059375
0 0.68359375 0.43125 0.046875 0.0828125
0 0.76171875 0.4171875 0.034375 0.0703125
0 0.6328125 0.428125 0.0453125 0.0703125
0 0.59609375 0.4328125 0.0265625 0.0703125
0 0.546875 0.46328125 0.0546875 0.053125
0 0.54921875 0.41640625 0.0546875 0.0421875
0 0.4890625 0.47109375 0.05625 0.040625
0 0.4421875 0.4140625 0.053125 0.0671875
0 0.48125 0.37421875 0.034375 0.05625
0 0.50546875 0.415625 0.0265625 0.053125
0 0.5265625 0.36875 0.0546875 0.0484375
0 0.1109375 0.925 0.0984375 0.0796875
0 0.0984375 0.96875 0.0984375 0.0625
0 0.0265625 0.9578125 0.05 0.084375
0 0.05234375 0.88359375 0.1046875 0.0921875
0 0.0890625 0.80390625 0.0671875 0.10625
0 0.03359375 0.8296875 0.0671875 0.0828125
0 0.01953125 0.734375 0.0390625 0.128125
0 0.05078125 0.71171875 0.053125 0.1140625
0 0.17734375 0.8265625 0.090625 0.13125
0 0.1921875 0.746875 0.0671875 0.0984375
0 0.21484375 0.6984375 0.0421875 0.1109375
0 0.1046875 0.71484375 0.046875 0.0859375
0 0.03984375 0.6484375 0.0796875 0.059375
0 0.084375 0.59296875 0.046875 0.0671875
0 0.03515625 0.590625 0.0703125 0.05625
0 0.2953125 0.6953125 0.0609375 0.1125
0 0.3171875 0.64453125 0.0484375 0.0984375
0 0.271875 0.6234375 0.0828125 0.1078125
0 0.26640625 0.5515625 0.0328125 0.053125
0 0.159375 0.66796875 0.040625 0.090625
0 0.17578125 0.6390625 0.0828125 0.1015625
0 0.17890625 0.57578125 0.0984375 0.046875
0 0.053125 0.50546875 0.034375 0.0515625
0 0.0078125 0.509375 0.015625 0.05
0 0.11640625 0.4953125 0.0515625 0.059375
0 0.18359375 0.528125 0.0703125 0.0546875
0 0.25234375 0.49609375 0.0328125 0.0375
0 0.26328125 0.41015625 0.0515625 0.0453125
0 0.2171875 0.4234375 0.021875 0.0546875
0 0.09765625 0.4109375 0.04375 0.04375
0 0.04375 0.4234375 0.0359375 0.0671875
0 0.16484375 0.3921875 0.0484375 0.0390625
0 0.3 0.37421875 0.0328125 0.028125
0 0.2875 0.34609375 0.0328125 0.028125
0 0.25703125 0.34765625 0.0296875 0.03125
0 0.25546875 0.375 0.021875 0.034375
0 0.31875 0.3421875 0.0234375 0.025
0 0.3640625 0.3546875 0.0546875 0.0578125
0 0.31875 0.478125 0.0703125 0.0703125
0 0.37109375 0.4953125 0.0734375 0.0609375
0 0.0125 0.4265625 0.0125 0.0578125