0 0.0921875 0.88125 0.1109375 0.15
0 0.24140625 0.94453125 0.09375 0.1109375
0 0.03984375 0.92109375 0.0796875 0.15
0 0.21015625 0.77109375 0.071875 0.109375
0 0.2015625 0.70625 0.0890625 0.09375
0 0.33046875 0.7921875 0.11875 0.065625
0 0.371875 0.8546875 0.109375 0.0984375
0 0.103125 0.65078125 0.0859375 0.1046875
0 0.15703125 0.6046875 0.0828125 0.065625
0 0.08984375 0.5953125 0.084375 0.0796875
0 0.05546875 0.590625 0.0671875 0.0890625
0 0.10234375 0.5515625 0.053125 0.0703125
0 0.02578125 0.5703125 0.0515625 0.11875
0 0.175 0.5515625 0.0875 0.0671875
0 0.2140625 0.50703125 0.0453125 0.0859375
0 0.1546875 0.50859375 0.0796875 0.0671875
0 0.48359375 0.971875 0.0828125 0.05625
0 0.503125 0.8984375 0.0625 0.0953125
0 0.5921875 0.86328125 0.096875 0.140625
0 0.14609375 0.45 0.0484375 0.071875
0 0.08984375 0.4640625 0.0703125 0.0734375
0 0.084375 0.434375 0.0453125 0.0515625
0 0.03203125 0.465625 0.0625 0.0703125
0 0.2890625 0.55078125 0.084375 0.096875
0 0.2796875 0.50703125 0.059375 0.0578125
0 0.2703125 0.4703125 0.0546875 0.05625
0 0.2609375 0.45234375 0.065625 0.046875
0 0.34453125 0.48359375 0.034375 0.053125
0 0.35078125 0.5265625 0.065625 0.059375
0 0.3390625 0.590625 0.0421875 0.075
0 0.38359375 0.65234375 0.065625 0.0875
0 0.45859375 0.71796875 0.09375 0.090625
0 0.4625 0.6375 0.0984375 0.0984375
0 0.46640625 0.5703125 0.090625 0.0640625
0 0.44921875 0.61328125 0.0578125 0.0734375
0 0.52421875 0.61875 0.0625 0.06875
0 0.5359375 0.6984375 0.0484375 0.10625
0 0.5625 0.75625 0.0640625 0.096875
0 0.653125 0.77421875 0.09375 0.0765625
0 0.66640625 0.821875 0.0828125 0.0625
0 0.6796875 0.878125 0.0984375 0.10625
0 0.6703125 0.9609375 0.134375 0.078125
0 0.78671875 0.87734375 0.0875 0.13125
0 0.89140625 0.9453125 0.071875 0.103125
0 0.775 0.7890625 0.1140625 0.090625
0 0.8484375 0.775 0.0703125 0.1171875
0 0.8515625 0.68828125 0.05625 0.1140625
0 0.8 0.7125 0.05625 0.0828125
0 0.6640625 0.70703125 0.040625 0.0671875
0 0.68203125 0.6796875 0.05 0.1
0 0.6015625 0.65078125 0.05 0.1140625
0 0.64921875 0.64140625 0.0703125 0.0828125
0 0.684375 0.56015625 0.075 0.078125
0 0.646875 0.5296875 0.075 0.103125
0 0.57578125 0.55546875 0.075 0.0765625
0 0.5328125 0.5109375 0.0328125 0.0625
0 0.5078125 0.484375 0.0375 0.0640625
0 0.4609375 0.4875 0.075 0.0484375
0 0.45625 0.5109375 0.046875 0.053125
0 0.41796875 0.52421875 0.0484375 0.0703125
0 0.390625 0.4984375 0.071875 0.0671875
0 0.96328125 0.83828125 0.0734375 0.11875
0 0.95390625 0.7515625 0.065625 0.096875
0 0.91953125 0.68359375 0.0953125 0.06875
0 0.925 0.73359375 0.0546875 0.11875
0 0.984375 0.69375 0.03125 0.09375
0 0.96875 0.63515625 0.0625 0.04375
0 0.971875 0.58828125 0.05625 0.0546875
0 0.9359375 0.49765625 0.05625 0.04375
0 0.96484375 0.534375 0.0703125 0.046875
0 0.953125 0.42578125 0.034375 0.0390625
0 0.96328125 0.40546875 0.0484375 0.0484375
0 0.965625 0.35703125 0.05625 0.04375
0 0.884375 0.41484375 0.0796875 0.065625
0 0.890625 0.37734375 0.03125 0.053125
0 0.8328125 0.38671875 0.0359375 0.075
0 0.80078125 0.33515625 0.06875 0.0625
0 0.71875 0.6765625 0.040625 0.1015625
0 0.75859375 0.6921875 0.046875 0.0671875
0 0.8046875 0.63359375 0.0453125 0.096875
0 0.83671875 0.60625 0.0375 0.078125
0 0.91484375 0.5796875 0.046875 0.05625
0 0.87109375 0.5796875 0.0359375 0.0671875
0 0.83125 0.56015625 0.0625 0.059375
0 0.790625 0.49296875 0.025 0.0671875
0 0.77890625 0.59609375 0.05625 0.0859375
0 0.83359375 0.48984375 0.04375 0.0625
0 0.8421875 0.44765625 0.046875 0.0546875
0 0.72734375 0.50625 0.065625 0.0671875
0 0.759375 0.496875 0.0390625 0.046875
0 0.740625 0.4578125 0.0640625 0.0609375
0 0.6640625 0.45390625 0.05 0.0421875
0 0.6296875 0.446875 0.040625 0.04375
0 0.5921875 0.44609375 0.046875 0.046875
0 0.6390625 0.4 0.0515625 0.053125
0 0.70703125 0.43125 0.0453125 0.084375
0 0.72109375 0.378125 0.040625 0.04375
0 0.69921875 0.353125 0.0484375 0.0375
0 0.72109375 0.31953125 0.04375 0.0375
0 0.671875 0.31875 0.0578125 0.040625
0 0.659375 0.35546875 0.04375 0.0703125
0 0.60625 0.34765625 0.0375 0.05625
0 0.58671875 0.40078125 0.065625 0.0515625
0 0.53984375 0.384375 0.0328125 0.0484375
0 0.5203125 0.43828125 0.0609375 0.05625
0 0.50078125 0.3859375 0.0484375 0.04375
0 0.46171875 0.38828125 0.01875 0.0515625
0 0.44609375 0.3828125 0.01875 0.0453125
0 0.42734375 0.3765625 0.021875 0.046875
0 0.41640625 0.428125 0.0953125 0.04375
0 0.38046875 0.38359375 0.0671875 0.040625
0 0.334375 0.3921875 0.0390625 0.078125
0 0.2984375 0.4125 0.0453125 0.0484375
0 0.25234375 0.40390625 0.0640625 0.05
0 0.259375 0.36875 0.053125 0.040625
0 0.175 0.40234375 0.084375 0.05
0 0.33203125 0.3140625 0.0390625 0.0484375
0 0.36875 0.290625 0.0390625 0.0515625
0 0.27734375 0.29453125 0.0484375 0.046875
0 0.2765625 0.328125 0.0578125 0.0359375
0 0.2078125 0.35859375 0.0375 0.04375
0 0.16875 0.36796875 0.05 0.03125
0 0.1 0.39765625 0.0375 0.040625
0 0.240625 0.3078125 0.0390625 0.0703125
0 0.19296875 0.29296875 0.05 0.0390625
0 0.08203125 0.31484375 0.046875 0.040625
0 0.13359375 0.3015625 0.0609375 0.0515625
0 0.08203125 0.34921875 0.0484375 0.0296875
0 0.0359375 0.35546875 0.0625 0.0484375
0 0.3328125 0.27734375 0.046875 0.0453125