0 0.12109375 0.95390625 0.065625 0.0921875
0 0.05234375 0.91171875 0.0625 0.1296875
0 0.0171875 0.83828125 0.034375 0.1078125
0 0.03203125 0.7578125 0.0640625 0.0953125
0 0.14453125 0.86484375 0.0578125 0.15625
0 0.19765625 0.975 0.0390625 0.05
0 0.26015625 0.92265625 0.053125 0.1359375
0 0.33203125 0.890625 0.0875 0.1140625
0 0.30625 0.85078125 0.075 0.10625
0 0.3390625 0.8125 0.0609375 0.0875
0 0.25625 0.8109375 0.05625 0.125
0 0.1578125 0.7578125 0.090625 0.0953125
0 0.1953125 0.73671875 0.0828125 0.096875
0 0.38125 0.875 0.0796875 0.0578125
0 0.40625 0.8328125 0.075 0.075
0 0.48203125 0.96328125 0.1 0.0734375
0 0.315625 0.971875 0.053125 0.05625
0 0.51875 0.9609375 0.0671875 0.075
0 0.56875 0.953125 0.115625 0.09375
0 0.61484375 0.94375 0.0703125 0.109375
0 0.64921875 0.90390625 0.090625 0.14375
0 0.75625 0.89765625 0.0828125 0.13125
0 0.815625 0.975 0.084375 0.05
0 0.8390625 0.93046875 0.1203125 0.0890625
0 0.88203125 0.9078125 0.0765625 0.1109375
0 0.95859375 0.8796875 0.0828125 0.1375
0 0.9671875 0.709375 0.065625 0.090625
0 0.953125 0.61640625 0.05 0.0875
0 0.98671875 0.55546875 0.0265625 0.0859375
0 0.96171875 0.53984375 0.034375 0.075
0 0.91796875 0.53203125 0.05625 0.0671875
0 0.87421875 0.56171875 0.0640625 0.0921875
0 0.925 0.578125 0.0421875 0.065625
0 0.834375 0.56171875 0.071875 0.0890625
0 0.8078125 0.59296875 0.0484375 0.0984375
0 0.8515625 0.66015625 0.065625 0.090625
0 0.89140625 0.725 0.0671875 0.1359375
0 0.825 0.72890625 0.0453125 0.134375
0 0.7609375 0.5578125 0.0671875 0.078125
0 0.72109375 0.5515625 0.0515625 0.0578125
0 0.6984375 0.56796875 0.078125 0.0515625
0 0.64140625 0.55 0.0828125 0.103125
0 0.64921875 0.48046875 0.0703125 0.053125
0 0.73125 0.6203125 0.03125 0.0640625
0 0.765625 0.6421875 0.0828125 0.0625
0 0.69453125 0.6171875 0.0671875 0.0625
0 0.74453125 0.68046875 0.0703125 0.059375
0 0.7453125 0.7171875 0.071875 0.078125
0 0.77109375 0.7765625 0.0515625 0.1203125
0 0.74140625 0.796875 0.0859375 0.103125
0 0.64765625 0.790625 0.090625 0.125
0 0.6625 0.6375 0.0640625 0.0953125
0 0.6359375 0.64375 0.0453125 0.0765625
0 0.59140625 0.665625 0.0484375 0.103125
0 0.59765625 0.8015625 0.0515625 0.109375
0 0.5515625 0.82734375 0.046875 0.0609375
0 0.53984375 0.88671875 0.0859375 0.08125
0 0.48359375 0.84609375 0.0671875 0.0984375
0 0.4578125 0.81953125 0.0734375 0.0765625
0 0.503125 0.77734375 0.084375 0.059375
0 0.5296875 0.7203125 0.05625 0.1
0 0.56015625 0.7109375 0.0578125 0.0453125
0 0.56015625 0.615625 0.0625 0.0515625
0 0.4953125 0.69765625 0.0890625 0.0828125
0 0.4390625 0.69921875 0.0515625 0.0953125
0 0.46875 0.621875 0.046875 0.0703125
0 0.38984375 0.71640625 0.08125 0.121875
0 0.33359375 0.72890625 0.0953125 0.075
0 0.2953125 0.68984375 0.0484375 0.0515625
0 0.2359375 0.70234375 0.078125 0.1015625
0 0.18515625 0.63828125 0.0984375 0.10625
0 0.109375 0.640625 0.06875 0.1078125
0 0.078125 0.63125 0.0890625 0.1078125
0 0.02265625 0.575 0.0453125 0.115625
0 0.0875 0.54921875 0.0671875 0.0734375
0 0.16484375 0.5546875 0.071875 0.071875
0 0.23046875 0.5453125 0.0984375 0.08125
0 0.26953125 0.51875 0.0515625 0.05
0 0.3 0.540625 0.0515625 0.05625
0 0.28515625 0.58671875 0.0828125 0.059375
0 0.365625 0.54609375 0.0609375 0.04375
0 0.3140625 0.628125 0.075 0.0765625
0 0.3765625 0.6484375 0.071875 0.0671875
0 0.3921875 0.60078125 0.090625 0.0890625
0 0.47109375 0.5421875 0.071875 0.071875
0 0.5734375 0.56796875 0.059375 0.0359375
0 0.52421875 0.5234375 0.046875 0.0828125
0 0.53828125 0.4671875 0.0546875 0.0578125
0 0.51484375 0.43359375 0.0671875 0.040625
0 0.5328125 0.40625 0.0453125 0.04375
0 0.58125 0.41875 0.0515625 0.065625
0 0.6125 0.3890625 0.0546875 0.05
0 0.67265625 0.409375 0.053125 0.053125
0 0.78828125 0.47265625 0.0578125 0.046875
0 0.83125 0.4703125 0.03125 0.0515625
0 0.8140625 0.4375 0.0328125 0.0390625
0 0.8625 0.46796875 0.046875 0.053125
0 0.8859375 0.45546875 0.0296875 0.059375
0 0.91640625 0.46875 0.04375 0.0515625
0 0.95 0.4609375 0.034375 0.0546875
0 0.94765625 0.425 0.0375 0.0390625
0 0.9125 0.41171875 0.04375 0.040625
0 0.86328125 0.40859375 0.05625 0.0484375
0 0.7921875 0.409375 0.0578125 0.053125
0 0.8125 0.3734375 0.0625 0.0484375
0 0.86796875 0.36875 0.0484375 0.0390625
0 0.92109375 0.3765625 0.0609375 0.0625
0 0.98359375 0.44140625 0.0328125 0.1
0 0.95625 0.3234375 0.034375 0.0421875
0 0.96484375 0.3625 0.05625 0.059375
0 0.88125 0.3234375 0.0828125 0.0546875
0 0.825 0.3140625 0.0359375 0.0453125
0 0.78515625 0.325 0.0578125 0.0453125
0 0.71953125 0.3625 0.046875 0.04375
0 0.7265625 0.3234375 0.0390625 0.0453125
0 0.66640625 0.33359375 0.0359375 0.04375
0 0.621875 0.3296875 0.03125 0.046875
0 0.57890625 0.340625 0.053125 0.0671875
0 0.5375 0.32109375 0.03125 0.0375
0 0.52890625 0.34453125 0.0359375 0.059375
0 0.4109375 0.47421875 0.0609375 0.053125
0 0.41796875 0.43359375 0.0375 0.04375
0 0.40625 0.403125 0.0328125 0.059375
0 0.44296875 0.37265625 0.059375 0.05625
0 0.43515625 0.33046875 0.071875 0.0625
0 0.37890625 0.36953125 0.040625 0.046875
0 0.3703125 0.39453125 0.0453125 0.0484375
0 0.3609375 0.42109375 0.04375 0.040625
0 0.36015625 0.465625 0.0421875 0.0578125
0 0.31640625 0.44296875 0.05625 0.065625
0 0.3046875 0.409375 0.0390625 0.05
0 0.2671875 0.41796875 0.040625 0.0609375
0 0.27421875 0.47109375 0.0640625 0.046875
0 0.22109375 0.44375 0.0703125 0.0390625
0 0.22734375 0.41171875 0.05625 0.0453125
0 0.19140625 0.425 0.04375 0.0515625
0 0.1421875 0.43671875 0.0671875 0.065625
0 0.17578125 0.48125 0.0609375 0.046875
0 0.12578125 0.47421875 0.06875 0.0625
0 0.0609375 0.4828125 0.0359375 0.046875
0 0.02265625 0.48515625 0.04375 0.0484375
0 0.021875 0.44609375 0.040625 0.053125
0 0.0625 0.42578125 0.0359375 0.05
0 0.03046875 0.3984375 0.0609375 0.053125
0 0.1296875 0.375 0.0515625 0.059375
0 0.08046875 0.3703125 0.046875 0.0828125
0 0.03046875 0.36875 0.04375 0.053125
0 0.04453125 0.33359375 0.059375 0.0484375