0 0.20859375 0.9515625 0.0703125 0.096875
0 0.028125 0.8890625 0.05625 0.1859375
0 0.096875 0.8875 0.0953125 0.1203125
0 0.2359375 0.88984375 0.10625 0.134375
0 0.33828125 0.85859375 0.08125 0.14375
0 0.36875 0.934375 0.1 0.1125
0 0.41328125 0.94375 0.1078125 0.0921875
0 0.48046875 0.975 0.1296875 0.04375
0 0.52578125 0.9140625 0.059375 0.078125
0 0.53359375 0.784375 0.096875 0.1328125
0 0.60078125 0.8828125 0.0546875 0.0890625
0 0.603125 0.95859375 0.1265625 0.0796875
0 0.6515625 0.94375 0.046875 0.10625
0 0.45625 0.74921875 0.04375 0.1140625
0 0.51875 0.73671875 0.084375 0.0796875
0 0.4484375 0.66796875 0.096875 0.090625
0 0.36875 0.709375 0.040625 0.103125
0 0.37421875 0.6234375 0.05625 0.078125
0 0.32109375 0.6921875 0.0578125 0.1359375
0 0.30546875 0.62265625 0.090625 0.121875
0 0.30078125 0.5671875 0.071875 0.0578125
0 0.36640625 0.55703125 0.071875 0.075
0 0.19609375 0.61328125 0.0484375 0.10625
0 0.1140625 0.5875 0.096875 0.1015625
0 0.03515625 0.634375 0.0703125 0.0796875
0 0.07734375 0.6953125 0.06875 0.103125
0 0.0328125 0.73046875 0.065625 0.10625
0 0.02578125 0.553125 0.0515625 0.08125
0 0.70859375 0.88984375 0.1265625 0.1015625
0 0.86015625 0.9703125 0.0546875 0.059375
0 0.825 0.946875 0.05 0.10625
0 0.86796875 0.9046875 0.1328125 0.096875
0 0.84609375 0.84453125 0.034375 0.059375
0 0.790625 0.85703125 0.0453125 0.0828125
0 0.96328125 0.84765625 0.0734375 0.1140625
0 0.77578125 0.79296875 0.09375 0.0671875
0 0.6734375 0.80546875 0.1140625 0.096875
0 0.84921875 0.73984375 0.046875 0.103125
0 0.89921875 0.740625 0.04375 0.096875
0 0.98203125 0.7109375 0.0359375 0.1109375
0 0.95390625 0.5515625 0.08125 0.0625
0 0.8328125 0.64140625 0.09375 0.0625
0 0.85078125 0.63046875 0.078125 0.08125
0 0.81328125 0.69140625 0.0453125 0.08125
0 0.7734375 0.7265625 0.0984375 0.0765625
0 0.709375 0.70546875 0.090625 0.090625
0 0.67578125 0.64765625 0.0828125 0.0859375
0 0.59375 0.66171875 0.0875 0.0953125
0 0.4921875 0.59609375 0.0609375 0.096875
0 0.8859375 0.58046875 0.0625 0.0734375
0 0.77578125 0.6203125 0.0703125 0.1140625
0 0.7203125 0.59296875 0.04375 0.096875
0 0.65859375 0.575 0.0609375 0.0703125
0 0.6203125 0.58984375 0.0546875 0.0890625
0 0.59921875 0.53515625 0.0796875 0.1109375
0 0.58671875 0.475 0.0890625 0.0703125
0 0.640625 0.45390625 0.0640625 0.0546875
0 0.67265625 0.49375 0.071875 0.0703125
0 0.728125 0.4875 0.0546875 0.0546875
0 0.79921875 0.490625 0.0875 0.0390625
0 0.796875 0.52578125 0.0453125 0.071875
0 0.75625 0.52734375 0.04375 0.075
0 0.70234375 0.5390625 0.05625 0.0578125
0 0.8453125 0.578125 0.0765625 0.0546875
0 0.9203125 0.41640625 0.05 0.0640625
0 0.91796875 0.353125 0.053125 0.034375
0 0.93671875 0.37109375 0.0421875 0.0484375
0 0.94765625 0.3328125 0.06875 0.0421875
0 0.8609375 0.340625 0.0484375 0.0390625
0 0.8484375 0.3640625 0.0453125 0.0421875
0 0.828125 0.37734375 0.0484375 0.05
0 0.81875 0.40078125 0.065625 0.0703125
0 0.846875 0.43515625 0.071875 0.059375
0 0.83828125 0.3 0.0421875 0.053125
0 0.8140625 0.33984375 0.028125 0.0578125
0 0.7859375 0.37421875 0.0453125 0.0484375
0 0.74453125 0.38203125 0.0375 0.0671875
0 0.76796875 0.4234375 0.05625 0.0484375
0 0.7171875 0.3796875 0.03125 0.0671875
0 0.69140625 0.375 0.0328125 0.06875
0 0.65234375 0.36171875 0.0453125 0.0703125
0 0.6125 0.40703125 0.0625 0.034375
0 0.59609375 0.35625 0.071875 0.0546875
0 0.55859375 0.3953125 0.06875 0.0390625
0 0.70859375 0.421875 0.078125 0.046875
0 0.0671875 0.4609375 0.115625 0.1046875
0 0.125 0.47109375 0.0453125 0.0515625
0 0.04140625 0.4859375 0.0640625 0.0640625
0 0.22421875 0.49140625 0.075 0.0796875
0 0.27578125 0.50703125 0.0375 0.059375
0 0.30546875 0.49609375 0.034375 0.0890625
0 0.15546875 0.5046875 0.046875 0.065625
0 0.16484375 0.45390625 0.0546875 0.078125
0 0.1921875 0.42421875 0.059375 0.059375
0 0.14296875 0.39609375 0.0421875 0.0515625
0 0.17890625 0.37734375 0.046875 0.034375
0 0.22109375 0.375 0.0640625 0.04375
0 0.215625 0.3921875 0.040625 0.046875
0 0.26171875 0.41171875 0.0578125 0.0546875
0 0.24765625 0.446875 0.0515625 0.0671875
0 0.45 0.5203125 0.084375 0.1015625
0 0.49765625 0.4859375 0.05625 0.0828125
0 0.39765625 0.490625 0.034375 0.065625
0 0.35390625 0.4875 0.04375 0.059375
0 0.32421875 0.45390625 0.065625 0.059375
0 0.340625 0.4375 0.065625 0.0546875
0 0.37578125 0.41796875 0.0703125 0.0546875
0 0.43828125 0.4390625 0.0703125 0.065625
0 0.3171875 0.390625 0.0515625 0.0578125
0 0.284375 0.36875 0.03125 0.0328125
0 0.44921875 0.38359375 0.0375 0.0390625
0 0.4171875 0.38671875 0.028125 0.03125
0 0.38671875 0.3640625 0.0765625 0.046875
0 0.39453125 0.325 0.0390625 0.034375
0 0.35234375 0.3203125 0.025 0.0453125
0 0.30390625 0.2953125 0.053125 0.04375
0 0.2765625 0.3203125 0.046875 0.0453125
0 0.315625 0.34375 0.0359375 0.0546875
0 0.35 0.28046875 0.0546875 0.0484375
0 0.3796875 0.23359375 0.046875 0.0390625
0 0.4046875 0.24765625 0.040625 0.0390625
0 0.3890625 0.27734375 0.0375 0.0421875
0 0.42578125 0.28359375 0.0421875 0.0484375
0 0.4484375 0.3171875 0.046875 0.040625
0 0.43828125 0.34609375 0.03125 0.046875
0 0.478125 0.37109375 0.0390625 0.0546875
0 0.509375 0.38125 0.0375 0.0421875
0 0.49765625 0.41875 0.053125 0.05625
0 0.56015625 0.2828125 0.0484375 0.025
0 0.50234375 0.28203125 0.0328125 0.05625
0 0.475 0.271875 0.0296875 0.0453125
0 0.4515625 0.26171875 0.0296875 0.03125
0 0.5203125 0.246875 0.0421875 0.0484375
0 0.58671875 0.29765625 0.0421875 0.0421875
0 0.54453125 0.3140625 0.0359375 0.0390625
0 0.54140625 0.35 0.0328125 0.040625
0 0.50078125 0.32421875 0.0453125 0.05625