0 0.94765625 0.85703125 0.0625 0.134375
0 0.90625 0.93203125 0.0671875 0.1359375
0 0.8765625 0.8390625 0.059375 0.1296875
0 0.9640625 0.7546875 0.071875 0.1328125
0 0.81796875 0.9640625 0.05625 0.071875
0 0.7578125 0.828125 0.0421875 0.1375
0 0.690625 0.86875 0.08125 0.1046875
0 0.6359375 0.91640625 0.09375 0.0796875
0 0.6640625 0.9640625 0.128125 0.071875
0 0.53046875 0.98203125 0.0890625 0.0359375
0 0.5296875 0.94609375 0.075 0.0703125
0 0.4578125 0.934375 0.1171875 0.13125
0 0.36015625 0.90078125 0.0921875 0.14375
0 0.27890625 0.94453125 0.08125 0.1046875
0 0.19140625 0.9125 0.1078125 0.1375
0 0.1421875 0.92734375 0.0671875 0.1109375
0 0.153125 0.9765625 0.14375 0.046875
0 0.059375 0.90703125 0.06875 0.16875
0 0.03125 0.9546875 0.0625 0.090625
0 0.0328125 0.8390625 0.065625 0.1140625
0 0.10546875 0.8109375 0.0765625 0.121875
0 0.2203125 0.83515625 0.0578125 0.1203125
0 0.26171875 0.84921875 0.0671875 0.084375
0 0.27890625 0.7703125 0.0984375 0.0921875
0 0.37109375 0.775 0.0890625 0.1203125
0 0.42265625 0.784375 0.0453125 0.1171875
0 0.46953125 0.7953125 0.0484375 0.065625
0 0.42578125 0.87890625 0.053125 0.109375
0 0.4828125 0.86171875 0.0703125 0.075
0 0.5359375 0.821875 0.0625 0.09375
0 0.57578125 0.80703125 0.0578125 0.0640625
0 0.62109375 0.84296875 0.0578125 0.0984375
0 0.51640625 0.75703125 0.0828125 0.075
0 0.66796875 0.80546875 0.0671875 0.0859375
0 0.73671875 0.7671875 0.0671875 0.0953125
0 0.8234375 0.72109375 0.0796875 0.1015625
0 0.7046875 0.7078125 0.0375 0.0546875
0 0.75546875 0.69453125 0.0671875 0.0734375
0 0.70859375 0.64765625 0.075 0.078125
0 0.64140625 0.68203125 0.065625 0.1015625
0 0.5828125 0.7140625 0.075 0.078125
0 0.48671875 0.69453125 0.05 0.1109375
0 0.43203125 0.67578125 0.078125 0.0859375
0 0.3328125 0.7375 0.053125 0.0859375
0 0.26953125 0.6953125 0.0796875 0.0625
0 0.2765625 0.6578125 0.0671875 0.0609375
0 0.225 0.6671875 0.05625 0.0875
0 0.10546875 0.68203125 0.075 0.1109375
0 0.15625 0.67734375 0.071875 0.0953125
0 0.1625 0.62578125 0.0875 0.075
0 0.040625 0.6890625 0.0703125 0.078125
0 0.02734375 0.51640625 0.0515625 0.06875
0 0.05703125 0.496875 0.0390625 0.0625
0 0.0875 0.5640625 0.08125 0.103125
0 0.1265625 0.5125 0.1015625 0.065625
0 0.17265625 0.5625 0.05625 0.0609375
0 0.20625 0.5125 0.0453125 0.04375
0 0.2484375 0.49453125 0.0671875 0.0671875
0 0.2375 0.584375 0.0703125 0.096875
0 0.32734375 0.5859375 0.109375 0.134375
0 0.3453125 0.50625 0.0671875 0.05625
0 0.36640625 0.65 0.078125 0.059375
0 0.365625 0.61328125 0.071875 0.0609375
0 0.4 0.6 0.053125 0.065625
0 0.43515625 0.56015625 0.084375 0.05
0 0.4578125 0.5984375 0.0640625 0.0546875
0 0.48828125 0.66484375 0.0953125 0.0859375
0 0.5703125 0.6640625 0.0859375 0.0671875
0 0.63203125 0.61953125 0.065625 0.065625
0 0.5609375 0.59921875 0.053125 0.0921875
0 0.5859375 0.57890625 0.1015625 0.0765625
0 0.5671875 0.52578125 0.065625 0.0546875
0 0.4984375 0.5046875 0.0671875 0.0734375
0 0.6484375 0.52421875 0.0453125 0.0546875
0 0.69375 0.55 0.0734375 0.10625
0 0.728125 0.5375 0.0578125 0.0953125
0 0.790625 0.51875 0.0890625 0.0953125
0 0.82421875 0.56328125 0.0796875 0.0828125
0 0.80625 0.61875 0.0859375 0.1078125
0 0.8625 0.5296875 0.059375 0.0859375
0 0.9328125 0.53515625 0.065625 0.08125
0 0.95390625 0.5625 0.0625 0.090625
0 0.99140625 0.53828125 0.0171875 0.078125
0 0.028125 0.4296875 0.05625 0.053125
0 0.071875 0.428125 0.0359375 0.0578125
0 0.10625 0.43515625 0.0421875 0.046875
0 0.15859375 0.4390625 0.0390625 0.0515625
0 0.20390625 0.41796875 0.0359375 0.0453125
0 0.2203125 0.44296875 0.0359375 0.053125
0 0.23046875 0.3921875 0.0515625 0.0484375
0 0.13828125 0.42421875 0.0390625 0.06875
0 0.14375 0.3828125 0.0328125 0.059375
0 0.17265625 0.38125 0.0453125 0.065625
0 0.11015625 0.38203125 0.046875 0.0515625
0 0.04375 0.39140625 0.0875 0.0609375
0 0.065625 0.29140625 0.0359375 0.0296875
0 0.0515625 0.31640625 0.034375 0.03125
0 0.06953125 0.34375 0.053125 0.0390625
0 0.1328125 0.30390625 0.0625 0.05
0 0.1078125 0.3203125 0.0453125 0.0390625
0 0.084375 0.33125 0.0421875 0.0390625
0 0.21015625 0.35546875 0.075 0.04375
0 0.2015625 0.2921875 0.0375 0.046875
0 0.23515625 0.303125 0.040625 0.05625
0 0.26171875 0.29765625 0.0265625 0.03125
0 0.290625 0.29921875 0.03125 0.0484375
0 0.3140625 0.30703125 0.03125 0.0390625
0 0.3015625 0.34609375 0.034375 0.046875
0 0.24375 0.3703125 0.040625 0.03125
0 0.33671875 0.39375 0.0390625 0.0765625
0 0.38984375 0.359375 0.04375 0.0640625
0 0.39765625 0.30546875 0.034375 0.0546875
0 0.440625 0.30859375 0.053125 0.053125
0 0.45 0.44765625 0.0703125 0.06875
0 0.4625 0.4203125 0.0703125 0.04375
0 0.484375 0.3828125 0.0484375 0.04375
0 0.5515625 0.3078125 0.0515625 0.0546875
0 0.6046875 0.31875 0.0515625 0.0515625
0 0.590625 0.35703125 0.0359375 0.0625
0 0.621875 0.35078125 0.0359375 0.0625
0 0.64375 0.340625 0.0359375 0.0625
0 0.5796875 0.41171875 0.053125 0.040625
0 0.60546875 0.421875 0.03125 0.0359375
0 0.609375 0.4578125 0.0453125 0.0453125
0 0.65859375 0.43984375 0.053125 0.0625
0 0.65234375 0.39609375 0.05 0.0453125
0 0.7140625 0.41015625 0.0390625 0.0640625
0 0.6984375 0.42421875 0.0546875 0.0859375
0 0.74375 0.4578125 0.0484375 0.0453125
0 0.78359375 0.45703125 0.053125 0.046875
0 0.83828125 0.459375 0.0484375 0.0515625
0 0.7546875 0.41875 0.0734375 0.0546875
0 0.809375 0.40859375 0.040625 0.0703125
0 0.83984375 0.40234375 0.040625 0.0703125
0 0.88203125 0.42578125 0.06875 0.05625
0 0.8953125 0.465625 0.0578125 0.0484375
0 0.97109375 0.47109375 0.0578125 0.0421875
0 0.9203125 0.33359375 0.0484375 0.046875
0 0.89765625 0.3609375 0.034375 0.053125
0 0.91328125 0.384375 0.05 0.053125
0 0.978125 0.38984375 0.04375 0.0640625
0 0.95703125 0.41171875 0.0390625 0.0515625
0 0.965625 0.340625 0.03125 0.0578125
0 0.96796875 0.31796875 0.059375 0.0375