0 0.86328125 0.92734375 0.1078125 0.1421875
0 0.75703125 0.9125 0.1234375 0.15625
0 0.709375 0.92890625 0.0671875 0.1390625
0 0.6578125 0.95390625 0.1 0.0921875
0 0.58359375 0.97421875 0.0515625 0.0515625
0 0.54296875 0.96171875 0.053125 0.0765625
0 0.496875 0.9703125 0.059375 0.059375
0 0.56796875 0.91484375 0.0703125 0.078125
0 0.55234375 0.853125 0.0921875 0.0578125
0 0.6921875 0.98125 0.046875 0.0375
0 0.58125 0.8171875 0.1046875 0.1
0 0.5953125 0.75078125 0.103125 0.084375
0 0.6578125 0.78828125 0.040625 0.1125
0 0.52109375 0.76875 0.0453125 0.084375
0 0.57890625 0.690625 0.0984375 0.0828125
0 0.696875 0.6859375 0.0640625 0.115625
0 0.8046875 0.746875 0.0703125 0.121875
0 0.87421875 0.82734375 0.121875 0.10625
0 0.93515625 0.696875 0.0828125 0.096875
0 0.98046875 0.78125 0.0390625 0.165625
0 0.86796875 0.56796875 0.0765625 0.10625
0 0.884375 0.52734375 0.05625 0.0921875
0 0.9421875 0.615625 0.0671875 0.084375
0 0.95859375 0.56875 0.0453125 0.0640625
0 0.9625 0.5171875 0.075 0.0765625
0 0.80078125 0.53671875 0.0578125 0.0890625
0 0.6359375 0.6078125 0.065625 0.0984375
0 0.69375 0.54765625 0.0703125 0.1
0 0.73515625 0.50625 0.0796875 0.0859375
0 0.61171875 0.51171875 0.0609375 0.0734375
0 0.55390625 0.56640625 0.0703125 0.0703125
0 0.54609375 0.51484375 0.0625 0.034375
0 0.434375 0.9640625 0.053125 0.071875
0 0.4453125 0.89140625 0.0953125 0.1453125
0 0.403125 0.8515625 0.0828125 0.0828125
0 0.36328125 0.86875 0.053125 0.1046875
0 0.30234375 0.921875 0.059375 0.13125
0 0.29765625 0.8578125 0.109375 0.121875
0 0.228125 0.9046875 0.0390625 0.11875
0 0.1953125 0.9625 0.071875 0.075
0 0.18515625 0.9046875 0.05 0.103125
0 0.14375 0.940625 0.046875 0.0796875
0 0.04453125 0.98046875 0.0890625 0.0390625
0 0.0375 0.9359375 0.075 0.0828125
0 0.02578125 0.8765625 0.0515625 0.071875
0 0.0234375 0.76875 0.046875 0.109375
0 0.08359375 0.7953125 0.0796875 0.11875
0 0.16484375 0.8453125 0.109375 0.10625
0 0.19765625 0.7875 0.0703125 0.071875
0 0.16875 0.74296875 0.0796875 0.109375
0 0.103125 0.7046875 0.103125 0.0609375
0 0.1515625 0.66953125 0.0796875 0.071875
0 0.115625 0.64296875 0.0515625 0.059375
0 0.0765625 0.6328125 0.0859375 0.1203125
0 0.02890625 0.61796875 0.040625 0.1109375
0 0.25859375 0.72109375 0.065625 0.0828125
0 0.2078125 0.690625 0.0875 0.0890625
0 0.30703125 0.7265625 0.0375 0.0953125
0 0.34140625 0.734375 0.04375 0.1046875
0 0.39375 0.7765625 0.0703125 0.0734375
0 0.403125 0.721875 0.0859375 0.078125
0 0.390625 0.68046875 0.0375 0.065625
0 0.44296875 0.653125 0.1015625 0.1109375
0 0.46640625 0.62265625 0.11875 0.1125
0 0.35859375 0.603125 0.06875 0.059375
0 0.3234375 0.65703125 0.10625 0.071875
0 0.284375 0.61953125 0.0890625 0.059375
0 0.284375 0.57578125 0.084375 0.0359375
0 0.24921875 0.58125 0.0640625 0.103125
0 0.1796875 0.52578125 0.053125 0.096875
0 0.21171875 0.496875 0.0828125 0.06875
0 0.2609375 0.51484375 0.0640625 0.0359375
0 0.3125 0.5328125 0.0625 0.053125
0 0.3578125 0.53984375 0.0390625 0.0671875
0 0.3296875 0.4890625 0.0828125 0.05625
0 0.3828125 0.4875 0.0640625 0.0421875
0 0.4046875 0.54140625 0.0703125 0.0640625
0 0.45234375 0.49921875 0.0578125 0.0453125
0 0.47734375 0.5234375 0.071875 0.0375
0 0.49609375 0.55234375 0.053125 0.053125
0 0.46015625 0.47109375 0.0640625 0.0484375
0 0.51640625 0.465625 0.059375 0.05
0 0.50390625 0.4875 0.046875 0.0515625
0 0.57265625 0.46875 0.059375 0.0546875
0 0.6265625 0.46015625 0.053125 0.0421875
0 0.13671875 0.5890625 0.0640625 0.0640625
0 0.1 0.5765625 0.0578125 0.0640625
0 0.07890625 0.55546875 0.0578125 0.065625
0 0.02109375 0.54453125 0.0421875 0.128125
0 0.10546875 0.49296875 0.0484375 0.059375
0 0.14609375 0.475 0.0609375 0.075
0 0.03125 0.403125 0.059375 0.071875
0 0.10234375 0.39609375 0.053125 0.075
0 0.0234375 0.32421875 0.046875 0.0703125
0 0.0796875 0.3140625 0.04375 0.0421875
0 0.0640625 0.3484375 0.059375 0.0546875
0 0.12734375 0.309375 0.0453125 0.053125
0 0.16953125 0.3515625 0.06875 0.0546875
0 0.2046875 0.30703125 0.0578125 0.0609375
0 0.23515625 0.3046875 0.0390625 0.0640625
0 0.25703125 0.31796875 0.0390625 0.0375
0 0.2609375 0.41640625 0.0703125 0.0671875
0 0.2890625 0.38125 0.0515625 0.05625
0 0.271875 0.35 0.04375 0.059375
0 0.284375 0.32890625 0.0484375 0.053125
0 0.315625 0.334375 0.0296875 0.0375
0 0.29140625 0.2984375 0.0515625 0.0359375
0 0.32734375 0.37421875 0.0234375 0.0609375
0 0.3515625 0.37421875 0.034375 0.046875
0 0.3453125 0.421875 0.0328125 0.05
0 0.3984375 0.42890625 0.059375 0.0421875
0 0.3828125 0.38515625 0.0328125 0.0828125
0 0.4109375 0.3734375 0.028125 0.0703125
0 0.434375 0.3703125 0.0265625 0.078125
0 0.51171875 0.41796875 0.05625 0.0390625
0 0.46328125 0.384375 0.0375 0.078125
0 0.496875 0.36640625 0.0328125 0.0671875
0 0.51328125 0.36484375 0.0296875 0.05625
0 0.5359375 0.3625 0.04375 0.0515625
0 0.9828125 0.43515625 0.034375 0.0609375
0 0.92734375 0.45859375 0.0625 0.059375
0 0.88984375 0.46953125 0.0515625 0.059375
0 0.6640625 0.48359375 0.0484375 0.0625
0 0.69609375 0.44453125 0.0359375 0.0859375
0 0.7328125 0.446875 0.0546875 0.05
0 0.74375 0.40859375 0.04375 0.0390625
0 0.775 0.41875 0.0546875 0.04375
0 0.7921875 0.4671875 0.0703125 0.071875
0 0.85 0.4671875 0.0359375 0.075
0 0.840625 0.4140625 0.0703125 0.0484375
0 0.9 0.40703125 0.0421875 0.04375
0 0.94765625 0.4109375 0.046875 0.053125
0 0.5828125 0.396875 0.04375 0.0453125
0 0.58046875 0.35703125 0.04375 0.0484375
0 0.55 0.32109375 0.0359375 0.0546875
0 0.5734375 0.29765625 0.0421875 0.034375
0 0.5921875 0.3171875 0.0453125 0.046875
0 0.54921875 0.2671875 0.0359375 0.04375
0 0.6078125 0.26015625 0.05625 0.04375
0 0.6296875 0.28203125 0.04375 0.0375
0 0.6375 0.30390625 0.0390625 0.0328125
0 0.63046875 0.34765625 0.04375 0.0390625
0 0.62265625 0.4 0.034375 0.0515625
0 0.6671875 0.39296875 0.0546875 0.0421875
0 0.734375 0.37890625 0.065625 0.0421875
0 0.67578125 0.35 0.05 0.059375
0 0.72734375 0.34921875 0.05 0.03125
0 0.76171875 0.3171875 0.05 0.0421875
0 0.78359375 0.33671875 0.0421875 0.0453125
0 0.8109375 0.371875 0.0421875 0.0453125
0 0.86015625 0.36328125 0.0578125 0.04375
0 0.9109375 0.3578125 0.0453125 0.0453125
0 0.834375 0.32421875 0.0515625 0.0453125
0 0.80859375 0.2890625 0.0359375 0.0375
0 0.703125 0.3015625 0.053125 0.0375
0 0.72421875 0.32109375 0.0484375 0.0453125
0 0.72890625 0.27109375 0.059375 0.0390625
0 0.765625 0.29453125 0.040625 0.0609375
0 0.665625 0.2796875 0.046875 0.053125
0 0.71640625 0.24296875 0.0484375 0.034375
0 0.66015625 0.2359375 0.053125 0.0375