0 0.1875 0.64296875 0.1625 0.1484375
0 0.19375 0.85859375 0.0984375 0.1875
0 0.1421875 0.8078125 0.1875 0.15625
0 0.36171875 0.771875 0.1296875 0.115625
0 0.36171875 0.875 0.1078125 0.1734375
0 0.06171875 0.91796875 0.1234375 0.1296875
0 0.2265625 0.95390625 0.1359375 0.0921875
0 0.3578125 0.9703125 0.09375 0.059375
0 0.44453125 0.95546875 0.0671875 0.0890625
0 0.54765625 0.96796875 0.06875 0.0640625
0 0.60859375 0.9375 0.0984375 0.125
0 0.62421875 0.903125 0.1828125 0.171875
0 0.72890625 0.87265625 0.0984375 0.1796875
0 0.6640625 0.8109375 0.0859375 0.134375
0 0.5609375 0.77109375 0.1140625 0.1484375
0 0.90546875 0.93671875 0.0953125 0.1265625
0 0.98203125 0.85234375 0.0359375 0.103125
0 0.80234375 0.70234375 0.153125 0.128125
0 0.696875 0.65390625 0.1140625 0.1765625
0 0.5125 0.66640625 0.1140625 0.1640625
0 0.47734375 0.80625 0.06875 0.096875
0 0.78515625 0.7984375 0.0765625 0.10625
0 0.92578125 0.70546875 0.084375 0.1484375
0 0.9703125 0.71875 0.059375 0.1140625
0 0.8984375 0.5984375 0.0546875 0.084375
0 0.80625 0.625 0.1171875 0.146875
0 0.671875 0.55625 0.0734375 0.140625
0 0.3265625 0.60234375 0.1 0.1203125
0 0.428125 0.59375 0.1234375 0.1875
0 0.0640625 0.5609375 0.075 0.2234375
0 0.03046875 0.6984375 0.053125 0.184375
0 0.15546875 0.74140625 0.05625 0.084375
0 0.234375 0.74609375 0.1046875 0.115625
0 0.1921875 0.55625 0.1296875 0.121875
0 0.29765625 0.4984375 0.115625 0.10625
0 0.459375 0.44453125 0.075 0.1203125
0 0.51328125 0.346875 0.071875 0.128125
0 0.56015625 0.509375 0.1109375 0.13125
0 0.80390625 0.5375 0.09375 0.10625
0 0.84375 0.50234375 0.075 0.1140625
0 0.93515625 0.5203125 0.0671875 0.1671875
0 0.8703125 0.4375 0.1015625 0.11875
0 0.7484375 0.41875 0.1046875 0.1109375
0 0.640625 0.47421875 0.09375 0.096875
0 0.70859375 0.48828125 0.071875 0.096875
0 0.18515625 0.5015625 0.0703125 0.096875
0 0.2390625 0.48359375 0.084375 0.0828125
0 0.165625 0.4359375 0.0921875 0.1078125
0 0.12109375 0.42890625 0.1234375 0.0875
0 0.0265625 0.43671875 0.046875 0.1609375
0 0.025 0.54765625 0.04375 0.0703125
0 0.1109375 0.540625 0.059375 0.103125
0 0.29921875 0.3859375 0.0875 0.1015625
0 0.0734375 0.33984375 0.0828125 0.0875
0 0.153125 0.36328125 0.0875 0.103125
0 0.18828125 0.31484375 0.053125 0.075
0 0.246875 0.309375 0.065625 0.0734375
0 0.66171875 0.3234375 0.059375 0.078125
0 0.60625 0.3390625 0.0671875 0.1328125
0 0.38984375 0.43359375 0.0765625 0.1109375
0 0.375 0.5125 0.0890625 0.1125
0 0.2296875 0.38203125 0.0609375 0.115625
0 0.3546875 0.33359375 0.078125 0.084375
0 0.44375 0.36640625 0.071875 0.0953125
0 0.75546875 0.3734375 0.075 0.0765625
0 0.81640625 0.38125 0.0734375 0.1390625
0 0.9078125 0.3953125 0.0765625 0.1203125
0 0.7859375 0.259375 0.0671875 0.078125
0 0.75625 0.30234375 0.0765625 0.0390625
0 0.86796875 0.303125 0.0671875 0.1
0 0.90234375 0.2234375 0.0671875 0.0625
0 0.82109375 0.19375 0.0671875 0.0546875
0 0.7765625 0.19375 0.05 0.0671875
0 0.41015625 0.21640625 0.1078125 0.075
0 0.48671875 0.2203125 0.090625 0.0953125
0 0.2421875 0.24140625 0.0796875 0.0578125
0 0.140625 0.25078125 0.0546875 0.0765625
0 0.10078125 0.2421875 0.0890625 0.09375
0 0.18359375 0.203125 0.04375 0.0578125
0 0.253125 0.20234375 0.053125 0.1
0 0.315625 0.221875 0.0515625 0.109375
0 0.4296875 0.2890625 0.071875 0.10625
0 0.375 0.2671875 0.0890625 0.121875
0 0.45234375 0.865625 0.05625 0.128125
0 0.9484375 0.28203125 0.103125 0.10625
0 0.98984375 0.4375 0.0203125 0.140625
0 0.728125 0.19921875 0.06875 0.0546875
0 0.721875 0.27578125 0.0546875 0.1109375
0 0.6765625 0.2578125 0.075 0.0953125
0 0.6140625 0.24921875 0.05625 0.0828125
0 0.55859375 0.22578125 0.04375 0.071875
0 0.56171875 0.29609375 0.0515625 0.0828125
0 0.48125 0.2734375 0.090625 0.103125
0 0.02265625 0.24453125 0.0390625 0.09375
0 0.59140625 0.4484375 0.04375 0.0765625
0 0.60390625 0.415625 0.0484375 0.084375
0 0.60078125 0.37578125 0.046875 0.0484375