0 0.09921875 0.90703125 0.090625 0.1859375
0 0.06171875 0.90234375 0.0625 0.18125
0 0.01640625 0.9125 0.0328125 0.175
0 0.15625 0.94609375 0.0625 0.1078125
0 0.24921875 0.909375 0.1015625 0.165625
0 0.30703125 0.86953125 0.0765625 0.140625
0 0.35546875 0.9578125 0.146875 0.084375
0 0.43203125 0.89375 0.075 0.1265625
0 0.5296875 0.8796875 0.1046875 0.1953125
0 0.4890625 0.76015625 0.1375 0.103125
0 0.6015625 0.75390625 0.0875 0.1671875
0 0.734375 0.69140625 0.1671875 0.19375
0 0.7796875 0.53984375 0.1265625 0.1734375
0 0.5765625 0.565625 0.1328125 0.175
0 0.728125 0.8953125 0.1078125 0.1375
0 0.71015625 0.96328125 0.1796875 0.0734375
0 0.6171875 0.915625 0.071875 0.1109375
0 0.6 0.8375 0.0734375 0.1078125
0 0.93828125 0.8125 0.1234375 0.1359375
0 0.94765625 0.925 0.1046875 0.13125
0 0.896875 0.67421875 0.1 0.140625
0 0.97421875 0.69921875 0.0515625 0.1671875
0 0.9328125 0.49921875 0.0671875 0.1015625
0 0.315625 0.68671875 0.1515625 0.1703125
0 0.17265625 0.63828125 0.078125 0.121875
0 0.06953125 0.7328125 0.1390625 0.121875
0 0.23203125 0.7796875 0.1453125 0.103125
0 0.3890625 0.59140625 0.0921875 0.1171875
0 0.39609375 0.46796875 0.0765625 0.146875
0 0.365625 0.85703125 0.0546875 0.153125
0 0.2765625 0.59765625 0.140625 0.121875
0 0.21640625 0.49765625 0.1109375 0.1515625
0 0.13828125 0.47578125 0.0875 0.13125
0 0.084375 0.54765625 0.071875 0.0734375
0 0.08671875 0.61875 0.053125 0.08125
0 0.025 0.565625 0.05 0.103125
0 0.57421875 0.43984375 0.109375 0.0734375
0 0.66640625 0.4453125 0.084375 0.115625
0 0.6828125 0.390625 0.071875 0.0734375
0 0.9171875 0.3875 0.103125 0.1546875
0 0.8328125 0.3234375 0.0828125 0.0828125
0 0.8421875 0.2765625 0.0625 0.0890625
0 0.896875 0.275 0.053125 0.096875
0 0.0625 0.353125 0.0546875 0.1328125
0 0.01328125 0.46953125 0.0265625 0.0609375
0 0.328125 0.30078125 0.11875 0.0828125
0 0.20078125 0.3328125 0.10625 0.0671875
0 0.23125 0.3859375 0.0984375 0.1
0 0.3140625 0.4109375 0.0984375 0.11875
0 0.37890625 0.375 0.1 0.06875
0 0.5734375 0.2734375 0.040625 0.1171875
0 0.5046875 0.19296875 0.0671875 0.078125
0 0.51875 0.26640625 0.0546875 0.078125
0 0.4875 0.33125 0.053125 0.065625
0 0.46484375 0.384375 0.0890625 0.1171875
0 0.58828125 0.36953125 0.078125 0.0828125
0 0.625 0.315625 0.04375 0.0671875
0 0.603125 0.29921875 0.05625 0.0875
0 0.7578125 0.25 0.0921875 0.078125
0 0.71953125 0.28828125 0.0828125 0.090625
0 0.7859375 0.378125 0.0609375 0.1109375
0 0.846875 0.390625 0.0390625 0.10625
0 0.8453125 0.11953125 0.046875 0.109375
0 0.91328125 0.09375 0.0765625 0.0546875
0 0.95 0.16328125 0.078125 0.0734375
0 0.65703125 0.1140625 0.03125 0.0875
0 0.703125 0.11953125 0.0296875 0.0765625
0 0.75390625 0.18828125 0.0796875 0.1046875
0 0.8234375 0.17890625 0.040625 0.0578125
0 0.875 0.19921875 0.0625 0.053125
0 0.1609375 0.13046875 0.0921875 0.0796875
0 0.15859375 0.21640625 0.0828125 0.0546875
0 0.19140625 0.22734375 0.05 0.071875
0 0.2203125 0.2375 0.0703125 0.078125
0 0.296875 0.1859375 0.053125 0.0671875
0 0.0359375 0.21484375 0.0609375 0.0796875
0 0.02734375 0.159375 0.03125 0.065625
0 0.09140625 0.17578125 0.0515625 0.0984375
0 0.12890625 0.18203125 0.025 0.0828125
0 0.08125 0.25 0.05 0.078125
0 0.471875 0.1234375 0.025 0.0984375
0 0.525 0.1265625 0.05625 0.078125
0 0.59609375 0.134375 0.034375 0.1046875
0 0.4140625 0.128125 0.05625 0.103125
0 0.3265625 0.1234375 0.075 0.103125
0 0.3390625 0.1578125 0.05 0.0796875
0 0.259375 0.1203125 0.046875 0.06875
0 0.2203125 0.1578125 0.0671875 0.0765625
0 0.38828125 0.2484375 0.0671875 0.103125
0 0.1109375 0.33671875 0.065625 0.10625
0 0.64609375 0.23359375 0.0671875 0.146875
0 0.6359375 0.16015625 0.0515625 0.090625
0 0.4359375 0.24140625 0.065625 0.1046875
0 0.0359375 0.09609375 0.0625 0.0640625
0 0.76875 0.13828125 0.0890625 0.0734375
0 0.9828125 0.31171875 0.034375 0.0703125
0 0.978125 0.371875 0.04375 0.071875
0 0.9453125 0.25703125 0.05 0.10625
0 0.9875 0.2640625 0.025 0.065625