0 0.884375 0.93046875 0.1375 0.1390625
0 0.90625 0.896875 0.09375 0.0875
0 0.81484375 0.90625 0.0640625 0.1546875
0 0.7875 0.78828125 0.05625 0.1015625
0 0.77109375 0.7359375 0.0671875 0.0921875
0 0.74609375 0.64375 0.0859375 0.1140625
0 0.75 0.878125 0.078125 0.1421875
0 0.7203125 0.82890625 0.103125 0.071875
0 0.72578125 0.92265625 0.109375 0.1546875
0 0.6203125 0.95234375 0.09375 0.0953125
0 0.571875 0.91875 0.0640625 0.0953125
0 0.55859375 0.8109375 0.0703125 0.1421875
0 0.596875 0.72578125 0.0546875 0.06875
0 0.665625 0.75 0.0953125 0.1515625
0 0.7171875 0.709375 0.0640625 0.121875
0 0.675 0.625 0.0703125 0.11875
0 0.603125 0.65 0.0984375 0.0921875
0 0.6234375 0.60078125 0.0625 0.0828125
0 0.49609375 0.7109375 0.0875 0.128125
0 0.4890625 0.62109375 0.0703125 0.0765625
0 0.45859375 0.64765625 0.0953125 0.090625
0 0.42890625 0.7125 0.0796875 0.121875
0 0.384375 0.6515625 0.075 0.1375
0 0.42421875 0.56015625 0.059375 0.0765625
0 0.46015625 0.51953125 0.040625 0.0765625
0 0.5140625 0.53046875 0.0515625 0.096875
0 0.5 0.58125 0.084375 0.0671875
0 0.23828125 0.9625 0.0921875 0.075
0 0.17265625 0.934375 0.1 0.13125
0 0.21015625 0.86015625 0.1 0.13125
0 0.3328125 0.74765625 0.065625 0.134375
0 0.31015625 0.69453125 0.0453125 0.065625
0 0.1359375 0.82265625 0.1234375 0.109375
0 0.03515625 0.86953125 0.0703125 0.2171875
0 0.11015625 0.74609375 0.1078125 0.0921875
0 0.140625 0.7578125 0.090625 0.0515625
0 0.25078125 0.621875 0.0609375 0.0984375
0 0.19609375 0.5984375 0.1 0.1015625
0 0.0859375 0.65546875 0.0859375 0.0734375
0 0.04453125 0.69453125 0.0890625 0.090625
0 0.02421875 0.55859375 0.0484375 0.0828125
0 0.02421875 0.60546875 0.0484375 0.0765625
0 0.11484375 0.5703125 0.0515625 0.103125
0 0.065625 0.57109375 0.046875 0.078125
0 0.0984375 0.5125 0.046875 0.0546875
0 0.1625 0.49453125 0.05625 0.0765625
0 0.184375 0.5203125 0.0546875 0.075
0 0.24921875 0.51875 0.059375 0.0671875
0 0.2828125 0.59296875 0.0453125 0.08125
0 0.35859375 0.56953125 0.0765625 0.115625
0 0.4375 0.46796875 0.0453125 0.0734375
0 0.403125 0.48515625 0.0515625 0.0765625
0 0.4015625 0.409375 0.046875 0.053125
0 0.346875 0.4015625 0.034375 0.0578125
0 0.35859375 0.45859375 0.0796875 0.0671875
0 0.3640625 0.503125 0.021875 0.05625
0 0.3296875 0.51953125 0.0625 0.075
0 0.25859375 0.46796875 0.0515625 0.065625
0 0.2546875 0.4390625 0.0734375 0.0640625
0 0.2171875 0.39375 0.0375 0.0734375
0 0.16796875 0.365625 0.0390625 0.065625
0 0.1609375 0.41875 0.06875 0.0625
0 0.17265625 0.46171875 0.0765625 0.05625
0 0.1078125 0.45703125 0.0625 0.0734375
0 0.0859375 0.43046875 0.10625 0.065625
0 0.021875 0.48671875 0.04375 0.075
0 0.034375 0.4203125 0.06875 0.071875
0 0.11328125 0.37890625 0.0828125 0.0609375
0 0.14765625 0.30390625 0.0609375 0.05
0 0.0984375 0.30703125 0.0453125 0.046875
0 0.05625 0.32265625 0.0640625 0.0546875
0 0.0984375 0.2640625 0.0515625 0.0609375
0 0.05546875 0.246875 0.046875 0.0484375
0 0.040625 0.2828125 0.0609375 0.0453125