0 0.98046875 0.84921875 0.0390625 0.11875
0 0.8609375 0.93984375 0.090625 0.1203125
0 0.93203125 0.9640625 0.096875 0.071875
0 0.8125 0.87734375 0.103125 0.090625
0 0.6921875 0.95703125 0.09375 0.0859375
0 0.7359375 0.94453125 0.0703125 0.1109375
0 0.6359375 0.965625 0.10625 0.06875
0 0.51015625 0.934375 0.103125 0.13125
0 0.4296875 0.92109375 0.128125 0.1453125
0 0.5640625 0.85625 0.1140625 0.090625
0 0.59453125 0.8296875 0.10625 0.1046875
0 0.96953125 0.71875 0.0609375 0.090625
0 0.96015625 0.4765625 0.0546875 0.1328125
0 0.9359375 0.46171875 0.0890625 0.0796875
0 0.8546875 0.54609375 0.06875 0.0671875
0 0.88203125 0.60625 0.053125 0.121875
0 0.6890625 0.7296875 0.1078125 0.1421875
0 0.58359375 0.73203125 0.090625 0.109375
0 0.7578125 0.7125 0.0484375 0.1234375
0 0.79140625 0.6171875 0.1015625 0.0859375
0 0.63203125 0.65390625 0.071875 0.1546875
0 0.67578125 0.559375 0.0515625 0.128125
0 0.71875 0.540625 0.0609375 0.1109375
0 0.76171875 0.5515625 0.0546875 0.09375
0 0.815625 0.4796875 0.0828125 0.1265625
0 0.875 0.41484375 0.0484375 0.0578125
0 0.8453125 0.390625 0.0703125 0.0765625
0 0.9296875 0.3859375 0.0390625 0.0765625
0 0.98125 0.3921875 0.0375 0.075
0 0.7953125 0.36796875 0.0390625 0.06875
0 0.74609375 0.40234375 0.0671875 0.0984375
0 0.76640625 0.3703125 0.0390625 0.05
0 0.70390625 0.39609375 0.0515625 0.090625
0 0.65078125 0.38125 0.078125 0.0875
0 0.5 0.63828125 0.0390625 0.121875
0 0.42734375 0.72578125 0.115625 0.1296875
0 0.56796875 0.634375 0.0625 0.1140625
0 0.61640625 0.58671875 0.0578125 0.1015625
0 0.60859375 0.521875 0.0578125 0.0875
0 0.56640625 0.51953125 0.034375 0.0859375
0 0.55 0.5578125 0.0484375 0.0734375
0 0.6484375 0.47890625 0.059375 0.0875
0 0.35703125 0.87265625 0.0625 0.1453125
0 0.30390625 0.86796875 0.053125 0.1640625
0 0.26015625 0.8359375 0.090625 0.1421875
0 0.240625 0.7734375 0.075 0.0703125
0 0.2921875 0.70703125 0.0921875 0.103125
0 0.321875 0.6109375 0.0703125 0.1140625
0 0.3546875 0.5953125 0.0625 0.096875
0 0.34609375 0.5453125 0.05 0.0765625
0 0.378125 0.51328125 0.04375 0.0609375
0 0.43671875 0.6265625 0.053125 0.0875
0 0.44921875 0.584375 0.0609375 0.0734375
0 0.44453125 0.51484375 0.05 0.1015625
0 0.41875 0.4859375 0.0453125 0.0625
0 0.50625 0.5296875 0.0390625 0.109375
0 0.1765625 0.95625 0.071875 0.0875
0 0.084375 0.98046875 0.115625 0.0390625
0 0.040625 0.915625 0.08125 0.121875
0 0.11875 0.88515625 0.1171875 0.103125
0 0.05078125 0.83125 0.1015625 0.08125
0 0.09296875 0.79140625 0.1015625 0.075
0 0.1625 0.75703125 0.084375 0.1171875
0 0.09609375 0.73828125 0.08125 0.0578125
0 0.0984375 0.65859375 0.040625 0.05625
0 0.05859375 0.65390625 0.046875 0.078125
0 0.01953125 0.64453125 0.0375 0.096875
0 0.17578125 0.67578125 0.1015625 0.090625
0 0.14296875 0.6109375 0.0734375 0.0828125
0 0.2109375 0.653125 0.0953125 0.08125
0 0.24375 0.609375 0.0625 0.09375
0 0.20234375 0.55 0.0875 0.0921875
0 0.071875 0.5484375 0.0796875 0.0828125
0 0.1890625 0.53203125 0.084375 0.1015625
0 0.12890625 0.484375 0.0828125 0.0453125
0 0.040625 0.48125 0.071875 0.0703125
0 0.04609375 0.43671875 0.0625 0.0515625
0 0.196875 0.44921875 0.0609375 0.08125
0 0.25703125 0.434375 0.0609375 0.05625
0 0.3125 0.46875 0.0828125 0.0875
0 0.3640625 0.475 0.053125 0.046875
0 0.22421875 0.4015625 0.0765625 0.0609375
0 0.30390625 0.39453125 0.06875 0.0609375
0 0.12421875 0.421875 0.0984375 0.0703125
0 0.52578125 0.4234375 0.04375 0.1109375
0 0.46484375 0.4390625 0.04375 0.078125
0 0.41484375 0.42578125 0.0546875 0.0671875
0 0.475 0.38828125 0.0765625 0.06875
0 0.38359375 0.3546875 0.0890625 0.140625
0 0.60078125 0.3921875 0.1015625 0.0875
0 0.42890625 0.33046875 0.034375 0.040625
0 0.25 0.32421875 0.0265625 0.04375
0 0.221875 0.32265625 0.03125 0.0515625
0 0.19296875 0.32265625 0.0265625 0.053125
0 0.16171875 0.32109375 0.0421875 0.05
0 0.12890625 0.32109375 0.01875 0.053125
0 0.07890625 0.32421875 0.0640625 0.0421875
0 0.28125 0.3125 0.04375 0.0625
0 0.47890625 0.25390625 0.021875 0.0609375
0 0.53046875 0.271875 0.03125 0.078125
0 0.5046875 0.23046875 0.0296875 0.0796875
0 0.0578125 0.27421875 0.059375 0.0609375
0 0.1015625 0.27265625 0.040625 0.06875
0 0.1421875 0.2625 0.0375 0.0515625
0 0.1796875 0.2671875 0.04375 0.04375
0 0.25625 0.23125 0.0390625 0.0515625
0 0.12265625 0.19140625 0.025 0.0484375
0 0.1109375 0.22734375 0.0546875 0.0390625
0 0.159375 0.21171875 0.0359375 0.0515625
0 0.18671875 0.19140625 0.03125 0.053125
0 0.196875 0.22421875 0.05625 0.04375
0 0.23359375 0.26953125 0.0734375 0.053125
0 0.47421875 0.32109375 0.040625 0.0921875
0 0.26015625 0.1796875 0.025 0.0421875
0 0.28359375 0.1828125 0.0390625 0.0390625
0 0.3375 0.20703125 0.040625 0.0515625
0 0.346875 0.17109375 0.0296875 0.034375
0 0.425 0.22421875 0.059375 0.0921875
0 0.36953125 0.23515625 0.03125 0.0515625
0 0.42109375 0.16796875 0.0390625 0.028125
0 0.48125 0.17109375 0.028125 0.0328125
0 0.5015625 0.18515625 0.05 0.053125
0 0.55390625 0.17265625 0.05 0.0453125
0 0.6125 0.21796875 0.0578125 0.109375
0 0.5921875 0.30234375 0.071875 0.0515625
0 0.64140625 0.30703125 0.0625 0.0390625
0 0.64375 0.25546875 0.0546875 0.0546875
0 0.6546875 0.2203125 0.0359375 0.05
0 0.67734375 0.18671875 0.053125 0.0453125
0 0.696875 0.2046875 0.046875 0.0546875
0 0.6921875 0.28984375 0.0515625 0.040625
0 0.71328125 0.303125 0.03125 0.040625
0 0.70234375 0.26328125 0.0390625 0.04375
0 0.7375 0.275 0.0359375 0.0609375
0 0.765625 0.259375 0.05 0.0671875
0 0.7734375 0.271875 0.0609375 0.04375
0 0.778125 0.30546875 0.0640625 0.05
0 0.83671875 0.284375 0.03125 0.0546875
0 0.86171875 0.25625 0.0375 0.059375
0 0.89765625 0.30703125 0.0640625 0.04375
0 0.90234375 0.26015625 0.053125 0.0640625
0 0.9421875 0.2765625 0.0296875 0.09375
0 0.9765625 0.309375 0.0453125 0.0390625
0 0.97578125 0.18046875 0.0484375 0.0390625
0 0.96171875 0.1578125 0.0453125 0.046875
0 0.9796875 0.25390625 0.040625 0.0828125