0 0.03828125 0.921875 0.0765625 0.1015625
0 0.0265625 0.9671875 0.053125 0.0625
0 0.0234375 0.765625 0.046875 0.09375
0 0.0328125 0.6890625 0.065625 0.0671875
0 0.01171875 0.6109375 0.0234375 0.059375
0 0.0421875 0.59453125 0.0390625 0.046875
0 0.03125 0.6328125 0.034375 0.0609375
0 0.06484375 0.61171875 0.0453125 0.0703125
0 0.175 0.9359375 0.078125 0.1140625
0 0.2453125 0.83359375 0.1015625 0.1078125
0 0.1078125 0.75234375 0.084375 0.090625
0 0.29765625 0.7421875 0.05625 0.1078125
0 0.2484375 0.71328125 0.0671875 0.1140625
0 0.21484375 0.68203125 0.09375 0.0953125
0 0.146875 0.6515625 0.0625 0.0984375
0 0.13203125 0.5859375 0.0359375 0.078125
0 0.18515625 0.62578125 0.05 0.0765625
0 0.24296875 0.621875 0.09375 0.0703125
0 0.28125 0.6140625 0.0671875 0.046875
0 0.328125 0.62734375 0.0546875 0.0890625
0 0.23828125 0.95546875 0.059375 0.0890625
0 0.31171875 0.953125 0.0890625 0.09375
0 0.39140625 0.9171875 0.046875 0.125
0 0.39921875 0.79765625 0.0875 0.096875
0 0.42578125 0.72109375 0.08125 0.075
0 0.359375 0.63046875 0.0546875 0.0953125
0 0.39609375 0.60390625 0.0484375 0.05625
0 0.4796875 0.609375 0.0578125 0.0875
0 0.43046875 0.62890625 0.09375 0.0890625
0 0.45703125 0.66953125 0.06875 0.053125
0 0.4328125 0.696875 0.0765625 0.0625
0 0.49765625 0.76171875 0.04375 0.075
0 0.46796875 0.84765625 0.0578125 0.115625
0 0.50546875 0.9140625 0.0734375 0.0953125
0 0.4640625 0.95546875 0.05 0.078125
0 0.49453125 0.98515625 0.0828125 0.0296875
0 0.40625 0.96171875 0.0671875 0.0515625
0 0.56953125 0.96171875 0.0890625 0.0765625
0 0.5671875 0.890625 0.0703125 0.0828125
0 0.6078125 0.88671875 0.05625 0.096875
0 0.64375 0.83984375 0.0625 0.10625
0 0.65390625 0.7703125 0.05 0.09375
0 0.6390625 0.71953125 0.0796875 0.0890625
0 0.59140625 0.69609375 0.0390625 0.1046875
0 0.55859375 0.77421875 0.0421875 0.0828125
0 0.74609375 0.8375 0.053125 0.128125
0 0.73046875 0.946875 0.0921875 0.1015625
0 0.7875 0.94609375 0.08125 0.0609375
0 0.7859375 0.975 0.065625 0.05
0 0.89453125 0.975 0.0765625 0.05
0 0.9296875 0.93828125 0.075 0.0953125
0 0.92890625 0.88203125 0.0953125 0.0953125
0 0.853125 0.8578125 0.071875 0.128125
0 0.9 0.75625 0.0875 0.05625
0 0.89609375 0.7984375 0.065625 0.059375
0 0.92890625 0.796875 0.0546875 0.0859375
0 0.971875 0.80625 0.05625 0.090625
0 0.990625 0.74921875 0.0171875 0.0703125
0 0.84140625 0.69296875 0.075 0.0890625
0 0.809375 0.65703125 0.0640625 0.0828125
0 0.8125 0.6109375 0.0734375 0.0546875
0 0.7296875 0.6734375 0.0671875 0.08125
0 0.93515625 0.69375 0.0984375 0.0640625
0 0.94765625 0.65625 0.046875 0.04375
0 0.984375 0.6703125 0.03125 0.0765625
0 0.971875 0.61875 0.0265625 0.065625
0 0.93984375 0.61875 0.05625 0.0671875
0 0.70859375 0.58359375 0.0875 0.096875
0 0.56328125 0.6203125 0.0578125 0.0546875
0 0.603125 0.5734375 0.065625 0.0734375
0 0.553125 0.575 0.0421875 0.053125
0 0.51171875 0.59765625 0.04375 0.071875
0 0.82890625 0.55078125 0.0484375 0.05
0 0.80859375 0.47578125 0.06875 0.0828125
0 0.86328125 0.54765625 0.028125 0.05
0 0.89140625 0.54609375 0.0375 0.0546875
0 0.91640625 0.5359375 0.0328125 0.0671875
0 0.94921875 0.546875 0.0328125 0.0453125
0 0.98515625 0.5390625 0.0296875 0.065625
0 0.96953125 0.44296875 0.034375 0.046875
0 0.98671875 0.40859375 0.0265625 0.03125
0 0.96484375 0.39765625 0.034375 0.053125
0 0.92578125 0.41015625 0.0578125 0.05
0 0.93359375 0.44375 0.046875 0.0390625
0 0.9765625 0.465625 0.046875 0.0515625
0 0.9671875 0.5015625 0.065625 0.0390625
0 0.91171875 0.4828125 0.0671875 0.046875
0 0.87734375 0.44375 0.0515625 0.0375
0 0.8671875 0.490625 0.05625 0.0671875
0 0.8703125 0.40625 0.0546875 0.0296875
0 0.8171875 0.4125 0.05625 0.0546875
0 0.75 0.49609375 0.03125 0.0453125
0 0.74921875 0.44609375 0.0390625 0.0609375
0 0.734375 0.40625 0.040625 0.0421875
0 0.71015625 0.4765625 0.034375 0.0609375
0 0.665625 0.475 0.0671875 0.0671875
0 0.6671875 0.4234375 0.0625 0.0453125
0 0.609375 0.40625 0.05 0.0421875
0 0.59140625 0.4234375 0.04375 0.0578125
0 0.55390625 0.44609375 0.0453125 0.0484375
0 0.56328125 0.50234375 0.0546875 0.0578125
0 0.5140625 0.475 0.04375 0.0703125
0 0.45390625 0.43984375 0.0484375 0.059375
0 0.43515625 0.47421875 0.034375 0.04375
0 0.4390625 0.49765625 0.0328125 0.0328125
0 0.40390625 0.48984375 0.0328125 0.0578125
0 0.38203125 0.5421875 0.04375 0.053125
0 0.4046875 0.440625 0.0484375 0.04375
0 0.3578125 0.4671875 0.0421875 0.0578125
0 0.3421875 0.496875 0.0375 0.0703125
0 0.3328125 0.5421875 0.0671875 0.0453125
0 0.303125 0.48984375 0.0390625 0.0640625
0 0.271875 0.49609375 0.040625 0.0703125
0 0.24609375 0.484375 0.04375 0.0578125
0 0.1953125 0.4890625 0.034375 0.0515625
0 0.1921875 0.54296875 0.0734375 0.0484375
0 0.25078125 0.5453125 0.059375 0.04375
0 0.02109375 0.53984375 0.0421875 0.05
0 0.0515625 0.5421875 0.028125 0.046875
0 0.078125 0.54609375 0.0359375 0.0421875
0 0.1390625 0.51328125 0.05 0.05625
0 0.0984375 0.50078125 0.053125 0.0640625
0 0.15703125 0.46953125 0.0453125 0.05
0 0.1265625 0.45078125 0.0453125 0.05
0 0.12265625 0.41640625 0.0375 0.0375
0 0.09453125 0.40703125 0.0328125 0.0453125
0 0.04453125 0.46328125 0.0375 0.046875
0 0.02578125 0.4921875 0.0515625 0.05
0 0.0203125 0.453125 0.040625 0.04375
0 0.07421875 0.43125 0.04375 0.059375
0 0.03125 0.40078125 0.0515625 0.0578125