0 0.815625 0.9390625 0.13125 0.121875
0 0.903125 0.9671875 0.05 0.065625
0 0.9875 0.9671875 0.025 0.0578125
0 0.95078125 0.95703125 0.06875 0.0859375
0 0.92109375 0.87734375 0.0546875 0.1390625
0 0.9359375 0.82734375 0.103125 0.1
0 0.85390625 0.8140625 0.053125 0.1140625
0 0.92421875 0.77421875 0.0609375 0.1109375
0 0.78828125 0.85625 0.09375 0.103125
0 0.77265625 0.809375 0.0734375 0.10625
0 0.81171875 0.815625 0.05625 0.0984375
0 0.8328125 0.7625 0.0421875 0.0515625
0 0.784375 0.7734375 0.046875 0.053125
0 0.7984375 0.7171875 0.0484375 0.0765625
0 0.75625 0.715625 0.078125 0.0859375
0 0.71015625 0.7734375 0.040625 0.0875
0 0.66171875 0.7890625 0.0875 0.11875
0 0.640625 0.88671875 0.071875 0.1421875
0 0.71640625 0.93671875 0.0671875 0.109375
0 0.51171875 0.953125 0.06875 0.09375
0 0.59296875 0.8390625 0.04375 0.1515625
0 0.5 0.790625 0.0578125 0.1140625
0 0.55 0.715625 0.0546875 0.08125
0 0.51484375 0.6765625 0.03125 0.0984375
0 0.559375 0.6578125 0.059375 0.0984375
0 0.61484375 0.69765625 0.065625 0.0734375
0 0.696875 0.69609375 0.08125 0.046875
0 0.72109375 0.65859375 0.078125 0.05
0 0.78671875 0.66796875 0.040625 0.0734375
0 0.8328125 0.65 0.0375 0.0671875
0 0.8546875 0.71796875 0.0578125 0.0609375
0 0.86640625 0.70078125 0.0625 0.078125
0 0.88046875 0.63828125 0.0609375 0.059375
0 0.9703125 0.70703125 0.059375 0.0984375
0 0.93515625 0.63828125 0.0671875 0.0640625
0 0.925 0.60625 0.0921875 0.0546875
0 0.990625 0.596875 0.01875 0.0828125
0 0.6921875 0.61171875 0.0375 0.1015625
0 0.6546875 0.62109375 0.034375 0.0640625
0 0.7421875 0.61171875 0.05625 0.0515625
0 0.78828125 0.60703125 0.0484375 0.065625
0 0.74765625 0.56328125 0.0421875 0.059375
0 0.70546875 0.5671875 0.0421875 0.0546875
0 0.65703125 0.56953125 0.0328125 0.0515625
0 0.48515625 0.6078125 0.040625 0.084375
0 0.5296875 0.60859375 0.0703125 0.0796875
0 0.45 0.6578125 0.0328125 0.0984375
0 0.4796875 0.69296875 0.040625 0.090625
0 0.61875 0.5703125 0.0390625 0.08125
0 0.5921875 0.5453125 0.0796875 0.08125
0 0.6703125 0.478125 0.0625 0.0765625
0 0.8078125 0.51875 0.028125 0.053125
0 0.8265625 0.5453125 0.0375 0.0609375
0 0.74609375 0.5171875 0.05625 0.071875
0 0.72421875 0.47265625 0.0421875 0.0671875
0 0.4546875 0.5625 0.0625 0.08125
0 0.37578125 0.74765625 0.0296875 0.1203125
0 0.6703125 0.9828125 0.0359375 0.0328125
0 0.91171875 0.57265625 0.071875 0.0359375
0 0.9703125 0.56328125 0.0578125 0.0546875
0 0.921875 0.47734375 0.0296875 0.040625
0 0.9078125 0.4234375 0.046875 0.05625
0 0.815625 0.4375 0.0453125 0.0390625
0 0.78203125 0.4265625 0.04375 0.0703125
0 0.76484375 0.4015625 0.015625 0.0328125
0 0.74453125 0.4265625 0.01875 0.0625
0 0.825 0.4046875 0.028125 0.046875
0 0.70859375 0.41015625 0.0515625 0.05
0 0.675 0.434375 0.053125 0.0453125
0 0.6296875 0.42265625 0.0515625 0.0546875
0 0.63671875 0.3765625 0.021875 0.0359375
0 0.67109375 0.375 0.0375 0.05
0 0.69609375 0.3640625 0.0578125 0.0421875
0 0.7640625 0.34921875 0.05 0.0375
0 0.66796875 0.33671875 0.046875 0.03125
0 0.6234375 0.34296875 0.028125 0.0484375
0 0.86640625 0.35703125 0.0359375 0.0453125
0 0.89296875 0.37109375 0.0328125 0.0484375
0 0.9703125 0.37421875 0.059375 0.040625
0 0.97265625 0.4140625 0.0546875 0.0484375
0 0.96171875 0.50703125 0.025 0.0578125
0 0.92734375 0.515625 0.0390625 0.0640625
0 0.9859375 0.49375 0.028125 0.0734375
0 0.51328125 0.36953125 0.0578125 0.0890625
0 0.46796875 0.38046875 0.0296875 0.0375
0 0.43203125 0.4140625 0.0359375 0.04375
0 0.4625 0.44765625 0.0421875 0.08125
0 0.50859375 0.46328125 0.0609375 0.059375
0 0.559375 0.46796875 0.0625 0.0640625
0 0.56640625 0.3625 0.04375 0.0703125
0 0.8046875 0.35703125 0.0234375 0.0375
0 0.17421875 0.69921875 0.075 0.0984375
0 0.521875 0.53671875 0.0671875 0.0640625
0 0.5390625 0.57421875 0.0578125 0.0578125
0 0.57421875 0.48515625 0.0453125 0.0421875
0 0.1140625 0.628125 0.040625 0.0734375
0 0.09921875 0.60859375 0.021875 0.046875
0 0.046875 0.62265625 0.0390625 0.0671875
0 0.046875 0.6890625 0.09375 0.075
0 0.01328125 0.74609375 0.0265625 0.084375
0 0.22734375 0.60625 0.0484375 0.075
0 0.16953125 0.57109375 0.0640625 0.0609375
0 0.1625 0.61796875 0.0546875 0.0453125
0 0.16171875 0.64765625 0.0546875 0.0390625
0 0.20390625 0.5109375 0.028125 0.0515625
0 0.22890625 0.54921875 0.0515625 0.065625
0 0.25390625 0.60703125 0.0421875 0.06875
0 0.0484375 0.51953125 0.0484375 0.0796875
0 0.05859375 0.55546875 0.0390625 0.0625
0 0.16640625 0.50703125 0.0546875 0.071875
0 0.11015625 0.55859375 0.0453125 0.0609375
0 0.096875 0.509375 0.0484375 0.06875
0 0.01328125 0.53046875 0.0265625 0.0609375
0 0.0125 0.60859375 0.025 0.078125
0 0.21875 0.5265625 0.040625 0.0609375
0 0.21796875 0.34453125 0.046875 0.04375
0 0.24296875 0.42109375 0.0296875 0.06875
0 0.20625 0.41640625 0.0375 0.0609375
0 0.2203125 0.46328125 0.06875 0.078125
0 0.08671875 0.4578125 0.0328125 0.0390625
0 0.12734375 0.4703125 0.0390625 0.053125
0 0.14765625 0.446875 0.05625 0.0734375
0 0.1578125 0.415625 0.0328125 0.053125
0 0.165625 0.378125 0.0484375 0.040625
0 0.16953125 0.3390625 0.040625 0.05
0 0.02890625 0.4671875 0.0578125 0.065625
0 0.0625 0.42421875 0.0328125 0.0453125
0 0.09140625 0.428125 0.0265625 0.0453125
0 0.10546875 0.3359375 0.0546875 0.0421875
0 0.10234375 0.3609375 0.0328125 0.04375
0 0.13203125 0.353125 0.0375 0.0390625
0 0.06640625 0.328125 0.0421875 0.0515625
0 0.11015625 0.29765625 0.0765625 0.0609375
0 0.18046875 0.30625 0.065625 0.0375
0 0.0140625 0.34296875 0.028125 0.0609375
0 0.03671875 0.39140625 0.05625 0.04375
0 0.07734375 0.39296875 0.046875 0.025
0 0.059375 0.4171875 0.0359375 0.046875