0 0.04765625 0.8984375 0.084375 0.159375
0 0.1078125 0.97265625 0.0765625 0.0546875
0 0.27265625 0.89296875 0.084375 0.140625
0 0.2875 0.9390625 0.1 0.121875
0 0.34921875 0.91875 0.0703125 0.13125
0 0.40078125 0.91171875 0.059375 0.0859375
0 0.42890625 0.96796875 0.084375 0.0640625
0 0.234375 0.86171875 0.115625 0.13125
0 0.20546875 0.8140625 0.0625 0.109375
0 0.321875 0.790625 0.0828125 0.1140625
0 0.29140625 0.728125 0.084375 0.1109375
0 0.1765625 0.7703125 0.065625 0.096875
0 0.07265625 0.75234375 0.065625 0.1140625
0 0.03125 0.7078125 0.0359375 0.09375
0 0.1203125 0.703125 0.075 0.084375
0 0.2140625 0.7 0.075 0.09375
0 0.48359375 0.878125 0.059375 0.125
0 0.44765625 0.8328125 0.121875 0.1296875
0 0.590625 0.9328125 0.090625 0.13125
0 0.64765625 0.95703125 0.0359375 0.0859375
0 0.67734375 0.96171875 0.0546875 0.0765625
0 0.71171875 0.93515625 0.0734375 0.1296875
0 0.82890625 0.93125 0.0671875 0.1375
0 0.8671875 0.88359375 0.040625 0.1828125
0 0.615625 0.86796875 0.090625 0.140625
0 0.48359375 0.76171875 0.0828125 0.10625
0 0.54765625 0.7453125 0.0515625 0.125
0 0.6453125 0.78984375 0.0515625 0.134375
0 0.71640625 0.83046875 0.0546875 0.1234375
0 0.77734375 0.79296875 0.0375 0.14375
0 0.8125 0.78984375 0.046875 0.1265625
0 0.89609375 0.7953125 0.084375 0.1265625
0 0.9453125 0.84921875 0.078125 0.1171875
0 0.96640625 0.9109375 0.0671875 0.1015625
0 0.96640625 0.765625 0.065625 0.109375
0 0.86640625 0.69296875 0.090625 0.1125
0 0.8859375 0.6671875 0.0875 0.0890625
0 0.72734375 0.73515625 0.0515625 0.10625
0 0.68984375 0.77265625 0.040625 0.121875
0 0.6609375 0.71953125 0.0328125 0.1203125
0 0.60546875 0.72734375 0.0546875 0.1375
0 0.4953125 0.70546875 0.0765625 0.090625
0 0.4515625 0.70859375 0.06875 0.0953125
0 0.39296875 0.72578125 0.0859375 0.1203125
0 0.384375 0.67890625 0.04375 0.059375
0 0.10546875 0.625 0.0765625 0.096875
0 0.07578125 0.5984375 0.0921875 0.10625
0 0.11015625 0.546875 0.04375 0.1015625
0 0.25078125 0.63125 0.078125 0.103125
0 0.29296875 0.640625 0.0484375 0.10625
0 0.35078125 0.6125 0.075 0.0828125
0 0.33671875 0.55859375 0.0625 0.1109375
0 0.31171875 0.53046875 0.05625 0.0609375
0 0.40546875 0.5421875 0.0578125 0.0671875
0 0.40078125 0.59375 0.065625 0.09375
0 0.46328125 0.61328125 0.053125 0.0875
0 0.17890625 0.6109375 0.071875 0.1078125
0 0.17109375 0.55390625 0.0671875 0.0703125
0 0.22421875 0.5515625 0.0421875 0.0703125
0 0.471875 0.54921875 0.065625 0.078125
0 0.621875 0.61875 0.0546875 0.10625
0 0.78828125 0.6640625 0.075 0.1265625
0 0.709375 0.67578125 0.046875 0.0796875
0 0.98671875 0.67421875 0.0265625 0.0890625
0 0.934375 0.6484375 0.1 0.1421875
0 0.703125 0.60625 0.0453125 0.0890625
0 0.734375 0.59140625 0.0359375 0.096875
0 0.7984375 0.603125 0.0640625 0.084375
0 0.79609375 0.5546875 0.0546875 0.0890625
0 0.75390625 0.5453125 0.0390625 0.0734375
0 0.7265625 0.5109375 0.028125 0.1046875
0 0.696875 0.4859375 0.0421875 0.0609375
0 0.6859375 0.55 0.046875 0.0703125
0 0.6484375 0.56640625 0.0390625 0.0703125
0 0.66953125 0.6375 0.053125 0.096875
0 0.96015625 0.59765625 0.04375 0.09375
0 0.98828125 0.58125 0.0234375 0.0984375
0 0.609375 0.496875 0.0296875 0.071875
0 0.63828125 0.50859375 0.0453125 0.0625
0 0.56328125 0.51875 0.0359375 0.0515625
0 0.5625 0.5578125 0.0859375 0.090625
0 0.596875 0.60234375 0.0234375 0.0890625
0 0.25859375 0.4640625 0.0390625 0.0703125
0 0.33828125 0.4890625 0.0578125 0.0421875
0 0.35234375 0.4484375 0.04375 0.0625
0 0.3046875 0.4625 0.0515625 0.0625
0 0.39765625 0.48125 0.0484375 0.0703125
0 0.4375 0.45625 0.0296875 0.059375
0 0.4796875 0.46953125 0.04375 0.0578125
0 0.53984375 0.3828125 0.04375 0.0828125
0 0.475 0.40390625 0.04375 0.078125
0 0.4328125 0.3984375 0.034375 0.0640625
0 0.4296875 0.36015625 0.0265625 0.0609375
0 0.47265625 0.346875 0.05 0.0546875
0 0.17265625 0.49375 0.0640625 0.0640625
0 0.22421875 0.490625 0.04375 0.0640625
0 0.21484375 0.43828125 0.0609375 0.0484375
0 0.18046875 0.3765625 0.03125 0.059375
0 0.08984375 0.478125 0.040625 0.0734375
0 0.046875 0.53203125 0.0484375 0.0671875
0 0.01484375 0.55390625 0.0296875 0.1171875
0 0.03671875 0.47265625 0.0578125 0.0890625
0 0.08359375 0.3703125 0.034375 0.0453125
0 0.0625 0.39609375 0.0375 0.0390625
0 0.115625 0.378125 0.040625 0.0359375
0 0.1125 0.41015625 0.0421875 0.0390625
0 0.1015625 0.434375 0.0453125 0.0609375
0 0.1265625 0.4390625 0.03125 0.059375
0 0.059375 0.34609375 0.034375 0.040625
0 0.11171875 0.34375 0.040625 0.0421875
0 0.02734375 0.38984375 0.04375 0.065625
0 0.584375 0.37265625 0.0234375 0.06875
0 0.740625 0.440625 0.05 0.0546875
0 0.9640625 0.4703125 0.0390625 0.075
0 0.98515625 0.44453125 0.0234375 0.059375
0 0.915625 0.465625 0.0359375 0.075
0 0.884375 0.44453125 0.075 0.05625
0 0.94140625 0.39765625 0.0328125 0.059375
0 0.69921875 0.37578125 0.040625 0.0734375
0 0.7828125 0.38984375 0.0265625 0.0609375
0 0.98359375 0.3796875 0.0328125 0.078125
0 0.9640625 0.3875 0.0375 0.0609375
0 0.8296875 0.41640625 0.0375 0.0671875
0 0.85078125 0.3734375 0.04375 0.065625