0 0.87109375 0.88984375 0.125 0.2078125
0 0.7859375 0.95 0.1265625 0.1
0 0.94609375 0.9078125 0.1078125 0.1296875
0 0.65859375 0.96328125 0.0890625 0.0734375
0 0.5875 0.9515625 0.065625 0.096875
0 0.521875 0.871875 0.15625 0.1125
0 0.4984375 0.91796875 0.08125 0.0796875
0 0.51640625 0.96796875 0.1109375 0.0640625
0 0.39453125 0.90546875 0.1078125 0.1890625
0 0.2953125 0.8671875 0.0859375 0.14375
0 0.11484375 0.91328125 0.0640625 0.1734375
0 0.23671875 0.74765625 0.0765625 0.1984375
0 0.18359375 0.73359375 0.0953125 0.1890625
0 0.053125 0.75625 0.10625 0.1390625
0 0.028125 0.85 0.05625 0.1484375
0 0.3015625 0.6140625 0.0984375 0.16875
0 0.50546875 0.6390625 0.128125 0.16875
0 0.6515625 0.5625 0.0921875 0.2015625
0 0.81796875 0.675 0.15 0.1453125
0 0.89296875 0.7359375 0.096875 0.1328125
0 0.8140625 0.7640625 0.0765625 0.09375
0 0.73203125 0.75390625 0.140625 0.103125
0 0.6203125 0.83203125 0.0828125 0.1421875
0 0.5515625 0.759375 0.0703125 0.1046875
0 0.45078125 0.8203125 0.04375 0.121875
0 0.9671875 0.76796875 0.059375 0.121875
0 0.9453125 0.54765625 0.0578125 0.1859375
0 0.8734375 0.5734375 0.0921875 0.1015625
0 0.7890625 0.534375 0.0796875 0.0890625
0 0.825 0.465625 0.08125 0.0890625
0 0.98046875 0.65390625 0.0390625 0.0609375
0 0.97734375 0.70625 0.0453125 0.08125
0 0.396875 0.48515625 0.0859375 0.0796875
0 0.42578125 0.534375 0.1109375 0.0875
0 0.15625 0.5640625 0.1078125 0.1203125
0 0.06875 0.55234375 0.071875 0.1234375
0 0.15625 0.503125 0.0453125 0.0859375
0 0.2203125 0.50859375 0.040625 0.0921875
0 0.27734375 0.45390625 0.071875 0.0859375
0 0.365625 0.434375 0.059375 0.0984375
0 0.42421875 0.44140625 0.075 0.0703125
0 0.33359375 0.52734375 0.06875 0.06875
0 0.253125 0.546875 0.1 0.115625
0 0.5671875 0.5203125 0.0609375 0.10625
0 0.509375 0.4890625 0.0421875 0.1203125
0 0.51640625 0.43203125 0.078125 0.0703125
0 0.63046875 0.44609375 0.0953125 0.0515625
0 0.6515625 0.4734375 0.0421875 0.04375
0 0.6828125 0.47734375 0.04375 0.059375
0 0.7390625 0.47109375 0.0859375 0.0859375
0 0.85859375 0.4234375 0.0453125 0.090625
0 0.825 0.41484375 0.0453125 0.071875
0 0.75234375 0.38203125 0.075 0.0671875
0 0.8140625 0.3578125 0.034375 0.046875
0 0.82890625 0.334375 0.0640625 0.0765625
0 0.8828125 0.35 0.046875 0.0703125
0 0.91171875 0.40703125 0.059375 0.065625
0 0.93046875 0.325 0.071875 0.096875
0 0.96328125 0.2984375 0.06875 0.0609375
0 0.878125 0.24375 0.0640625 0.0515625
0 0.825 0.22578125 0.0515625 0.053125
0 0.7875 0.2796875 0.1 0.075
0 0.6609375 0.31953125 0.06875 0.0953125
0 0.69609375 0.2828125 0.05 0.0484375
0 0.596875 0.26484375 0.0625 0.096875
0 0.5046875 0.33046875 0.06875 0.1328125
0 0.4953125 0.253125 0.046875 0.09375
0 0.5625 0.20546875 0.06875 0.075
0 0.50234375 0.175 0.046875 0.059375
0 0.34921875 0.290625 0.078125 0.1015625
0 0.240625 0.39375 0.0875 0.084375
0 0.18984375 0.40625 0.084375 0.1
0 0.128125 0.3953125 0.1 0.1203125
0 0.06640625 0.39609375 0.096875 0.090625
0 0.0765625 0.35625 0.096875 0.0625
0 0.03515625 0.2671875 0.04375 0.090625
0 0.22578125 0.26484375 0.078125 0.0671875
0 0.25390625 0.29609375 0.090625 0.09375
0 0.1328125 0.29609375 0.0359375 0.1140625
0 0.08046875 0.315625 0.0515625 0.059375
0 0.065625 0.27109375 0.0359375 0.0625
0 0.01640625 0.24609375 0.0328125 0.0640625
0 0.0640625 0.46328125 0.090625 0.090625
0 0.45390625 0.359375 0.0375 0.084375
0 0.396875 0.33046875 0.0515625 0.0984375
0 0.50703125 0.390625 0.0828125 0.0703125
0 0.271875 0.1484375 0.0375 0.065625
0 0.29453125 0.18203125 0.075 0.0640625
0 0.21640625 0.1609375 0.028125 0.0734375
0 0.20234375 0.18515625 0.025 0.065625
0 0.1703125 0.1703125 0.0328125 0.065625
0 0.11875 0.18984375 0.05625 0.0625
0 0.0609375 0.215625 0.0515625 0.05
0 0.4546875 0.25 0.046875 0.0921875
0 0.409375 0.23046875 0.059375 0.090625
0 0.44765625 0.178125 0.0578125 0.0515625
0 0.58984375 0.1703125 0.05 0.053125
0 0.61171875 0.4078125 0.0875 0.0921875
0 0.590625 0.35078125 0.0625 0.0921875
0 0.3921875 0.17421875 0.0546875 0.0609375
0 0.34140625 0.24453125 0.0484375 0.0359375
0 0.2859375 0.2609375 0.053125 0.0671875
0 0.18984375 0.2328125 0.0484375 0.0515625
0 0.76015625 0.1921875 0.0609375 0.046875
0 0.71015625 0.17734375 0.0609375 0.0578125
0 0.65546875 0.24140625 0.059375 0.0546875
0 0.778125 0.1609375 0.053125 0.053125
0 0.85234375 0.1734375 0.0828125 0.0703125
0 0.928125 0.21640625 0.053125 0.09375
0 0.9765625 0.20859375 0.04375 0.0828125
0 0.97265625 0.39296875 0.0546875 0.121875
0 0.6796875 0.40625 0.06875 0.075
0 0.7484375 0.33828125 0.084375 0.0484375
0 0.753125 0.24609375 0.0546875 0.04375
0 0.7109375 0.2265625 0.0390625 0.0515625
0 0.684375 0.1890625 0.065625 0.0421875
0 0.33515625 0.203125 0.05 0.08125
0 0.6125 0.178125 0.0515625 0.04375
0 0.825 0.62421875 0.1234375 0.1171875