0 0.05234375 0.85703125 0.0625 0.134375
0 0.09375 0.93203125 0.0671875 0.1359375
0 0.1234375 0.8390625 0.059375 0.1296875
0 0.0359375 0.7546875 0.071875 0.1328125
0 0.18203125 0.9640625 0.05625 0.071875
0 0.2421875 0.828125 0.0421875 0.1375
0 0.309375 0.86875 0.08125 0.1046875
0 0.3640625 0.91640625 0.09375 0.0796875
0 0.3359375 0.9640625 0.128125 0.071875
0 0.46953125 0.98203125 0.0890625 0.0359375
0 0.4703125 0.94609375 0.075 0.0703125
0 0.5421875 0.934375 0.1171875 0.13125
0 0.63984375 0.90078125 0.090625 0.14375
0 0.72109375 0.94453125 0.08125 0.1046875
0 0.80859375 0.9125 0.1078125 0.1375
0 0.8578125 0.92734375 0.0671875 0.1109375
0 0.846875 0.9765625 0.14375 0.046875
0 0.940625 0.90703125 0.06875 0.16875
0 0.96875 0.9546875 0.0625 0.090625
0 0.9671875 0.8390625 0.065625 0.1140625
0 0.89453125 0.8109375 0.0765625 0.121875
0 0.7796875 0.83515625 0.0578125 0.1203125
0 0.73828125 0.84921875 0.0671875 0.084375
0 0.72109375 0.7703125 0.0984375 0.0921875
0 0.62890625 0.775 0.0890625 0.1203125
0 0.57734375 0.784375 0.0453125 0.1171875
0 0.53046875 0.7953125 0.046875 0.065625
0 0.57421875 0.87890625 0.053125 0.109375
0 0.5171875 0.86171875 0.0703125 0.075
0 0.4640625 0.821875 0.0625 0.09375
0 0.42421875 0.80703125 0.0578125 0.0640625
0 0.37890625 0.84296875 0.0578125 0.0984375
0 0.48359375 0.75703125 0.0828125 0.075
0 0.33203125 0.80546875 0.0671875 0.0859375
0 0.26328125 0.7671875 0.06875 0.0953125
0 0.1765625 0.72109375 0.0796875 0.1015625
0 0.2953125 0.7078125 0.0375 0.0546875
0 0.24453125 0.69453125 0.0671875 0.0734375
0 0.29140625 0.64765625 0.075 0.078125
0 0.35859375 0.68203125 0.065625 0.1015625
0 0.4171875 0.7140625 0.075 0.078125
0 0.51328125 0.69453125 0.05 0.1109375
0 0.56796875 0.67578125 0.078125 0.0859375
0 0.6671875 0.7375 0.0515625 0.0859375
0 0.73046875 0.6953125 0.0796875 0.0625
0 0.7234375 0.6578125 0.0671875 0.0609375
0 0.775 0.6671875 0.0578125 0.0875
0 0.89453125 0.68203125 0.075 0.1109375
0 0.84375 0.67734375 0.071875 0.0953125
0 0.8375 0.62578125 0.0875 0.075
0 0.959375 0.6890625 0.0703125 0.078125
0 0.97265625 0.51640625 0.0515625 0.06875
0 0.94296875 0.496875 0.0390625 0.0625
0 0.9125 0.5640625 0.08125 0.103125
0 0.8734375 0.5125 0.1015625 0.065625
0 0.82734375 0.5625 0.0578125 0.0609375
0 0.79375 0.5125 0.0453125 0.04375
0 0.7515625 0.49453125 0.0671875 0.0671875
0 0.7625 0.584375 0.0703125 0.096875
0 0.67265625 0.5859375 0.109375 0.134375
0 0.6546875 0.50625 0.0671875 0.05625
0 0.63359375 0.65 0.078125 0.059375
0 0.634375 0.61328125 0.071875 0.0609375
0 0.6 0.6 0.053125 0.065625
0 0.56484375 0.56015625 0.0828125 0.05
0 0.5421875 0.5984375 0.0640625 0.0546875
0 0.51171875 0.66484375 0.0953125 0.0859375
0 0.4296875 0.6640625 0.0859375 0.0671875
0 0.36796875 0.61953125 0.065625 0.065625
0 0.4390625 0.59921875 0.053125 0.0921875
0 0.4140625 0.57890625 0.1015625 0.0765625
0 0.4328125 0.52578125 0.065625 0.0546875
0 0.5015625 0.5046875 0.0671875 0.0734375
0 0.3515625 0.52421875 0.0453125 0.0546875
0 0.30625 0.55 0.071875 0.10625
0 0.271875 0.5375 0.0578125 0.0953125
0 0.209375 0.51875 0.0890625 0.0953125
0 0.17578125 0.56328125 0.0796875 0.0828125
0 0.19375 0.61875 0.0859375 0.1078125
0 0.1375 0.5296875 0.059375 0.0859375
0 0.0671875 0.53515625 0.065625 0.08125
0 0.04609375 0.5625 0.0625 0.090625
0 0.00859375 0.53828125 0.0171875 0.078125
0 0.971875 0.4296875 0.05625 0.053125
0 0.928125 0.428125 0.0359375 0.0578125
0 0.89375 0.43515625 0.0421875 0.046875
0 0.84140625 0.4390625 0.0390625 0.0515625
0 0.79609375 0.41796875 0.0359375 0.0453125
0 0.7796875 0.44296875 0.0359375 0.053125
0 0.76953125 0.3921875 0.0515625 0.0484375
0 0.86171875 0.42421875 0.0390625 0.06875
0 0.85625 0.3828125 0.034375 0.059375
0 0.82734375 0.38125 0.0453125 0.065625
0 0.88984375 0.38203125 0.046875 0.0515625
0 0.95625 0.39140625 0.0875 0.0609375
0 0.934375 0.29140625 0.0359375 0.0296875
0 0.9484375 0.31640625 0.034375 0.03125
0 0.93046875 0.34375 0.053125 0.0390625
0 0.8671875 0.30390625 0.0625 0.05
0 0.8921875 0.3203125 0.0453125 0.0390625
0 0.915625 0.33125 0.0421875 0.0390625
0 0.78984375 0.35546875 0.075 0.04375
0 0.7984375 0.2921875 0.0375 0.046875
0 0.76484375 0.303125 0.0390625 0.05625
0 0.73828125 0.29765625 0.0265625 0.03125
0 0.709375 0.29921875 0.03125 0.0484375
0 0.6859375 0.30703125 0.03125 0.0390625
0 0.6984375 0.34609375 0.034375 0.046875
0 0.75625 0.3703125 0.040625 0.03125
0 0.66328125 0.39375 0.0390625 0.0765625
0 0.61015625 0.359375 0.04375 0.0640625
0 0.60234375 0.30546875 0.034375 0.0546875
0 0.559375 0.30859375 0.053125 0.053125
0 0.55 0.44765625 0.0703125 0.06875
0 0.5375 0.4203125 0.0703125 0.04375
0 0.515625 0.3828125 0.0484375 0.04375
0 0.4484375 0.3078125 0.053125 0.0546875
0 0.3953125 0.31875 0.053125 0.0515625
0 0.409375 0.35703125 0.0359375 0.0625
0 0.378125 0.35078125 0.0359375 0.0625
0 0.35625 0.340625 0.0359375 0.0625
0 0.4203125 0.41171875 0.053125 0.040625
0 0.39453125 0.421875 0.03125 0.0359375
0 0.390625 0.4578125 0.0453125 0.0453125
0 0.34140625 0.43984375 0.053125 0.0625
0 0.34765625 0.39609375 0.05 0.0453125
0 0.2859375 0.41015625 0.0390625 0.0640625
0 0.3015625 0.42421875 0.0546875 0.0859375
0 0.25625 0.4578125 0.0484375 0.0453125
0 0.21640625 0.45703125 0.053125 0.046875
0 0.16171875 0.459375 0.0484375 0.0515625
0 0.2453125 0.41875 0.0734375 0.0546875
0 0.190625 0.40859375 0.040625 0.0703125
0 0.16015625 0.40234375 0.040625 0.0703125
0 0.11796875 0.42578125 0.06875 0.05625
0 0.1046875 0.465625 0.0578125 0.0484375
0 0.02890625 0.47109375 0.0578125 0.0421875
0 0.0796875 0.33359375 0.0484375 0.046875
0 0.10234375 0.3609375 0.034375 0.053125
0 0.08671875 0.384375 0.05 0.053125
0 0.021875 0.38984375 0.04375 0.0640625
0 0.04296875 0.41171875 0.0390625 0.0515625
0 0.034375 0.340625 0.03125 0.0578125
0 0.03203125 0.31796875 0.059375 0.0375