0 0.90234375 0.94921875 0.084375 0.1015625
0 0.953125 0.871875 0.053125 0.1453125
0 0.87109375 0.853125 0.0625 0.1578125
0 0.81640625 0.9640625 0.0578125 0.071875
0 0.9671875 0.75 0.065625 0.125
0 0.8453125 0.7140625 0.0625 0.096875
0 0.7 0.9625 0.0484375 0.075
0 0.68359375 0.87109375 0.084375 0.103125
0 0.7546875 0.83125 0.046875 0.128125
0 0.76484375 0.76875 0.04375 0.0984375
0 0.68359375 0.80625 0.0609375 0.084375
0 0.62265625 0.84453125 0.059375 0.0765625
0 0.6140625 0.82734375 0.08125 0.1046875
0 0.5265625 0.96640625 0.096875 0.0671875
0 0.4546875 0.93984375 0.1328125 0.1203125
0 0.40546875 0.9046875 0.065625 0.1328125
0 0.36171875 0.9015625 0.1 0.1515625
0 0.26640625 0.9859375 0.1296875 0.028125
0 0.15703125 0.94609375 0.0890625 0.1078125
0 0.178125 0.90390625 0.125 0.09375
0 0.18984375 0.87109375 0.0828125 0.053125
0 0.265625 0.86953125 0.0765625 0.11875
0 0.0578125 0.88984375 0.075 0.1625
0 0.03203125 0.95 0.0625 0.096875
0 0.0328125 0.83125 0.065625 0.0875
0 0.0484375 0.76875 0.096875 0.0765625
0 0.046875 0.68515625 0.0703125 0.0828125
0 0.115625 0.6828125 0.071875 0.121875
0 0.17578125 0.6859375 0.0703125 0.1125
0 0.16875 0.621875 0.0671875 0.0765625
0 0.11171875 0.61328125 0.10625 0.0546875
0 0.0640625 0.571875 0.04375 0.0640625
0 0.0234375 0.5296875 0.0453125 0.0921875
0 0.05390625 0.48828125 0.0390625 0.0359375
0 0.05859375 0.52578125 0.04375 0.04375
0 0.1390625 0.5609375 0.075 0.071875
0 0.1265625 0.5078125 0.1015625 0.0671875
0 0.1921875 0.55390625 0.059375 0.0734375
0 0.225 0.7796875 0.0625 0.0828125
0 0.27421875 0.76640625 0.0859375 0.09375
0 0.3703125 0.77734375 0.084375 0.121875
0 0.35 0.7203125 0.075 0.109375
0 0.27421875 0.6984375 0.0796875 0.071875
0 0.27734375 0.653125 0.0625 0.059375
0 0.27109375 0.61484375 0.0734375 0.0515625
0 0.25234375 0.5921875 0.0765625 0.0515625
0 0.25546875 0.553125 0.0765625 0.0578125
0 0.25 0.5140625 0.05625 0.0765625
0 0.3203125 0.5671875 0.0625 0.109375
0 0.37421875 0.6109375 0.0734375 0.0796875
0 0.3703125 0.57265625 0.0703125 0.059375
0 0.4578125 0.59921875 0.05625 0.05625
0 0.453125 0.56875 0.078125 0.0546875
0 0.428125 0.6984375 0.05625 0.065625
0 0.40390625 0.64140625 0.071875 0.059375
0 0.421875 0.784375 0.0484375 0.0984375
0 0.4671875 0.80390625 0.0515625 0.0640625
0 0.4734375 0.8640625 0.084375 0.0734375
0 0.5296875 0.825 0.065625 0.090625
0 0.5140625 0.75625 0.078125 0.0578125
0 0.56953125 0.79765625 0.059375 0.0609375
0 0.4828125 0.6953125 0.0515625 0.10625
0 0.5453125 0.72265625 0.0328125 0.0921875
0 0.46015625 0.65234375 0.0578125 0.06875
0 0.53203125 0.6578125 0.084375 0.0828125
0 0.57578125 0.7046875 0.0671875 0.109375
0 0.6390625 0.6984375 0.0796875 0.1375
0 0.63046875 0.6359375 0.1 0.0828125
0 0.603125 0.58046875 0.09375 0.0765625
0 0.65390625 0.55703125 0.0671875 0.0640625
0 0.69921875 0.60859375 0.071875 0.065625
0 0.71328125 0.6875 0.05 0.08125
0 0.73203125 0.6515625 0.0703125 0.0921875
0 0.78828125 0.696875 0.0734375 0.109375
0 0.809375 0.6140625 0.096875 0.1171875
0 0.7296875 0.52890625 0.0625 0.0703125
0 0.64765625 0.51953125 0.046875 0.046875
0 0.690625 0.528125 0.046875 0.0515625
0 0.7453125 0.5 0.059375 0.0390625
0 0.790625 0.51484375 0.071875 0.0703125
0 0.84765625 0.56015625 0.06875 0.0734375
0 0.8015625 0.56640625 0.08125 0.065625
0 0.5359375 0.5109375 0.071875 0.0625
0 0.4953125 0.48046875 0.065625 0.0640625
0 0.4734375 0.45078125 0.078125 0.0546875
0 0.475 0.41875 0.0703125 0.0453125
0 0.48515625 0.3796875 0.04375 0.0453125
0 0.39453125 0.3578125 0.046875 0.0546875
0 0.33203125 0.390625 0.0375 0.071875
0 0.2328125 0.4421875 0.0609375 0.040625
0 0.2046875 0.42421875 0.03125 0.0484375
0 0.15703125 0.43984375 0.0375 0.0484375
0 0.1359375 0.4265625 0.0375 0.0609375
0 0.10546875 0.4359375 0.046875 0.0453125
0 0.07578125 0.415625 0.025 0.0546875
0 0.0296875 0.4359375 0.059375 0.0453125
0 0.234375 0.39296875 0.053125 0.0578125
0 0.165625 0.38359375 0.0453125 0.0578125
0 0.10703125 0.384375 0.0453125 0.0515625
0 0.0296875 0.3921875 0.059375 0.0484375
0 0.021875 0.3625 0.04375 0.034375
0 0.046875 0.328125 0.0359375 0.053125
0 0.06640625 0.3 0.025 0.0421875
0 0.08984375 0.30234375 0.021875 0.05625
0 0.109375 0.2921875 0.025 0.0546875
0 0.14296875 0.29921875 0.0578125 0.05625
0 0.09375 0.35078125 0.0609375 0.0578125
0 0.15390625 0.3375 0.0625 0.0328125
0 0.2078125 0.36015625 0.0484375 0.0609375
0 0.196875 0.28828125 0.0359375 0.0546875
0 0.2265625 0.30390625 0.053125 0.0546875
0 0.2953125 0.3359375 0.04375 0.0453125
0 0.39609375 0.30546875 0.03125 0.0453125
0 0.3078125 0.30625 0.034375 0.0453125
0 0.43828125 0.3125 0.059375 0.053125
0 0.50078125 0.31875 0.0546875 0.0640625
0 0.553125 0.30625 0.046875 0.0390625
0 0.5921875 0.3203125 0.0515625 0.0484375
0 0.60078125 0.35546875 0.0421875 0.046875
0 0.6375 0.346875 0.04375 0.0546875
0 0.6453125 0.38359375 0.04375 0.046875
0 0.55625 0.41171875 0.0671875 0.0546875
0 0.565625 0.44296875 0.046875 0.0609375
0 0.6109375 0.38671875 0.034375 0.0515625
0 0.60234375 0.42265625 0.0359375 0.05
0 0.61171875 0.45703125 0.053125 0.05625
0 0.65390625 0.44453125 0.04375 0.05625
0 0.65546875 0.3984375 0.053125 0.04375
0 0.7046875 0.41953125 0.0625 0.053125
0 0.7234375 0.4609375 0.08125 0.0390625
0 0.78984375 0.45078125 0.05625 0.0484375
0 0.771875 0.4109375 0.0640625 0.05
0 0.8203125 0.40390625 0.0453125 0.05625
0 0.71484375 0.3859375 0.0515625 0.04375
0 0.7484375 0.390625 0.0375 0.0578125
0 0.85234375 0.45078125 0.0703125 0.0546875
0 0.8859375 0.42734375 0.0703125 0.0515625
0 0.965625 0.56484375 0.06875 0.084375
0 0.98828125 0.53359375 0.0234375 0.0609375
0 0.95703125 0.46875 0.040625 0.04375
0 0.990625 0.47109375 0.01875 0.0578125
0 0.9609375 0.4203125 0.0296875 0.06875
0 0.9875 0.42578125 0.025 0.065625
0 0.97734375 0.384375 0.0375 0.0515625
0 0.9078125 0.371875 0.028125 0.0484375
0 0.928125 0.37109375 0.0265625 0.0421875
0 0.9265625 0.334375 0.04375 0.0484375
0 0.95625 0.3390625 0.0296875 0.046875
0 0.9671875 0.3109375 0.0421875 0.040625
0 0.88359375 0.3359375 0.05 0.0484375