0 0.09765625 0.94921875 0.084375 0.1015625
0 0.046875 0.871875 0.053125 0.1453125
0 0.12890625 0.853125 0.0625 0.1578125
0 0.18359375 0.9640625 0.0578125 0.071875
0 0.0328125 0.75 0.065625 0.125
0 0.1546875 0.7140625 0.0625 0.096875
0 0.3 0.9625 0.0484375 0.075
0 0.31640625 0.87109375 0.084375 0.103125
0 0.2453125 0.83125 0.046875 0.128125
0 0.23515625 0.76875 0.04375 0.0984375
0 0.31640625 0.80625 0.0609375 0.084375
0 0.37734375 0.84453125 0.0609375 0.0765625
0 0.3859375 0.82734375 0.08125 0.1046875
0 0.4734375 0.96640625 0.096875 0.0671875
0 0.5453125 0.93984375 0.1328125 0.1203125
0 0.59453125 0.9046875 0.065625 0.1328125
0 0.63828125 0.9015625 0.1 0.1515625
0 0.73359375 0.9859375 0.1296875 0.028125
0 0.84296875 0.94609375 0.0890625 0.1078125
0 0.821875 0.90390625 0.125 0.09375
0 0.81015625 0.87109375 0.0828125 0.053125
0 0.734375 0.86953125 0.0765625 0.11875
0 0.9421875 0.88984375 0.075 0.1625
0 0.96796875 0.95 0.0640625 0.096875
0 0.9671875 0.83125 0.065625 0.0875
0 0.9515625 0.76875 0.096875 0.0765625
0 0.953125 0.68515625 0.0703125 0.0828125
0 0.884375 0.6828125 0.071875 0.121875
0 0.82421875 0.6859375 0.0703125 0.1125
0 0.83125 0.621875 0.0671875 0.0765625
0 0.88828125 0.61328125 0.10625 0.0546875
0 0.9359375 0.571875 0.04375 0.0640625
0 0.9765625 0.5296875 0.0453125 0.0921875
0 0.94609375 0.48828125 0.0390625 0.0359375
0 0.94140625 0.52578125 0.04375 0.04375
0 0.8609375 0.5609375 0.075 0.071875
0 0.8734375 0.5078125 0.1015625 0.0671875
0 0.8078125 0.55390625 0.059375 0.0734375
0 0.775 0.7796875 0.0625 0.0828125
0 0.72578125 0.76640625 0.0859375 0.09375
0 0.6296875 0.77734375 0.0828125 0.121875
0 0.65 0.7203125 0.075 0.109375
0 0.72578125 0.6984375 0.078125 0.071875
0 0.72265625 0.653125 0.0625 0.059375
0 0.72890625 0.61484375 0.0734375 0.0515625
0 0.74765625 0.5921875 0.0765625 0.0515625
0 0.74453125 0.553125 0.0765625 0.0578125
0 0.75 0.5140625 0.05625 0.0765625
0 0.6796875 0.5671875 0.0625 0.109375
0 0.62578125 0.6109375 0.0734375 0.0796875
0 0.6296875 0.57265625 0.0703125 0.059375
0 0.5421875 0.59921875 0.05625 0.05625
0 0.546875 0.56875 0.078125 0.0546875
0 0.571875 0.6984375 0.05625 0.065625
0 0.59609375 0.64140625 0.071875 0.059375
0 0.578125 0.784375 0.0484375 0.0984375
0 0.5328125 0.80390625 0.0515625 0.0640625
0 0.5265625 0.8640625 0.084375 0.0734375
0 0.4703125 0.825 0.065625 0.090625
0 0.4859375 0.75625 0.078125 0.0578125
0 0.43046875 0.79765625 0.0609375 0.0609375
0 0.5171875 0.6953125 0.0515625 0.10625
0 0.4546875 0.72265625 0.0328125 0.0921875
0 0.53984375 0.65234375 0.0578125 0.06875
0 0.46796875 0.6578125 0.084375 0.0828125
0 0.42421875 0.7046875 0.0671875 0.109375
0 0.3609375 0.6984375 0.078125 0.1375
0 0.36953125 0.6359375 0.1 0.0828125
0 0.396875 0.58046875 0.09375 0.0765625
0 0.34609375 0.55703125 0.0671875 0.0640625
0 0.30078125 0.60859375 0.071875 0.065625
0 0.28671875 0.6875 0.05 0.08125
0 0.26796875 0.6515625 0.0703125 0.0921875
0 0.21171875 0.696875 0.071875 0.109375
0 0.190625 0.6140625 0.096875 0.1171875
0 0.2703125 0.52890625 0.0640625 0.0703125
0 0.35234375 0.51953125 0.046875 0.046875
0 0.309375 0.528125 0.046875 0.0515625
0 0.2546875 0.5 0.059375 0.0390625
0 0.209375 0.51484375 0.071875 0.0703125
0 0.15234375 0.56015625 0.06875 0.0734375
0 0.1984375 0.56640625 0.08125 0.065625
0 0.4640625 0.5109375 0.071875 0.0625
0 0.5046875 0.48046875 0.065625 0.0640625
0 0.5265625 0.45078125 0.078125 0.0546875
0 0.525 0.41875 0.0703125 0.0453125
0 0.51484375 0.3796875 0.04375 0.0453125
0 0.60546875 0.3578125 0.046875 0.0546875
0 0.66796875 0.390625 0.0375 0.071875
0 0.7671875 0.4421875 0.059375 0.040625
0 0.7953125 0.42421875 0.03125 0.0484375
0 0.84296875 0.43984375 0.0375 0.0484375
0 0.8640625 0.4265625 0.0375 0.0609375
0 0.89453125 0.4359375 0.046875 0.0453125
0 0.92421875 0.415625 0.025 0.0546875
0 0.9703125 0.4359375 0.059375 0.0453125
0 0.765625 0.39296875 0.053125 0.0578125
0 0.834375 0.38359375 0.0453125 0.0578125
0 0.89296875 0.384375 0.0453125 0.0515625
0 0.9703125 0.3921875 0.059375 0.0484375
0 0.978125 0.3625 0.04375 0.034375
0 0.953125 0.328125 0.0359375 0.053125
0 0.93359375 0.3 0.025 0.0421875
0 0.91015625 0.30234375 0.021875 0.05625
0 0.890625 0.2921875 0.025 0.0546875
0 0.85703125 0.29921875 0.0578125 0.05625
0 0.90625 0.35078125 0.0609375 0.0578125
0 0.84609375 0.3375 0.0625 0.0328125
0 0.7921875 0.36015625 0.05 0.0609375
0 0.803125 0.28828125 0.0359375 0.0546875
0 0.7734375 0.30390625 0.053125 0.0546875
0 0.7046875 0.3359375 0.04375 0.0453125
0 0.60390625 0.30546875 0.0328125 0.0453125
0 0.6921875 0.30625 0.034375 0.0453125
0 0.56171875 0.3125 0.059375 0.053125
0 0.49921875 0.31875 0.0546875 0.0640625
0 0.446875 0.30625 0.046875 0.0390625
0 0.4078125 0.3203125 0.0515625 0.0484375
0 0.39921875 0.35546875 0.0421875 0.046875
0 0.3625 0.346875 0.0453125 0.0546875
0 0.3546875 0.38359375 0.0453125 0.046875
0 0.44375 0.41171875 0.06875 0.0546875
0 0.434375 0.44296875 0.046875 0.0609375
0 0.3890625 0.38671875 0.034375 0.0515625
0 0.39765625 0.42265625 0.0375 0.05
0 0.38828125 0.45703125 0.053125 0.05625
0 0.34609375 0.44453125 0.04375 0.05625
0 0.34453125 0.3984375 0.053125 0.04375
0 0.2953125 0.41953125 0.0625 0.053125
0 0.2765625 0.4609375 0.08125 0.0390625
0 0.21015625 0.45078125 0.05625 0.0484375
0 0.228125 0.4109375 0.0640625 0.05
0 0.1796875 0.40390625 0.0453125 0.05625
0 0.28515625 0.3859375 0.0515625 0.04375
0 0.2515625 0.390625 0.0375 0.0578125
0 0.14765625 0.45078125 0.06875 0.0546875
0 0.1140625 0.42734375 0.0703125 0.0515625
0 0.034375 0.56484375 0.06875 0.084375
0 0.01171875 0.53359375 0.0234375 0.0609375
0 0.04296875 0.46875 0.040625 0.04375
0 0.009375 0.47109375 0.01875 0.0578125
0 0.0390625 0.4203125 0.0296875 0.06875
0 0.0125 0.42578125 0.025 0.065625
0 0.02265625 0.384375 0.0375 0.0515625
0 0.0921875 0.371875 0.028125 0.0484375
0 0.071875 0.37109375 0.0265625 0.0421875
0 0.0734375 0.334375 0.04375 0.0484375
0 0.04375 0.3390625 0.0296875 0.046875
0 0.0328125 0.3109375 0.0421875 0.040625
0 0.11640625 0.3359375 0.05 0.0484375