0 0.034375 0.871875 0.065625 0.1015625
0 0.1859375 0.92734375 0.125 0.1125
0 0.2984375 0.8875 0.090625 0.1609375
0 0.31484375 0.965625 0.075 0.06875
0 0.38125 0.94296875 0.06875 0.1140625
0 0.43984375 0.95 0.05 0.1
0 0.50234375 0.95625 0.0703125 0.0875
0 0.5546875 0.8828125 0.0859375 0.0953125
0 0.6953125 0.875 0.1046875 0.190625
0 0.8203125 0.79609375 0.1703125 0.20625
0 0.96484375 0.90703125 0.0703125 0.1546875
0 0.8390625 0.9625 0.071875 0.075
0 0.61796875 0.9734375 0.1265625 0.0515625
0 0.57890625 0.9578125 0.0515625 0.0796875
0 0.5453125 0.78515625 0.065625 0.11875
0 0.60625 0.74375 0.0578125 0.10625
0 0.56171875 0.68203125 0.046875 0.059375
0 0.5265625 0.71953125 0.06875 0.10625
0 0.671875 0.67421875 0.115625 0.2125
0 0.4890625 0.615625 0.0609375 0.1609375
0 0.3640625 0.69375 0.10625 0.0921875
0 0.29921875 0.78046875 0.1234375 0.121875
0 0.22578125 0.73203125 0.08125 0.134375
0 0.18125 0.70078125 0.0734375 0.0984375
0 0.23671875 0.5484375 0.0546875 0.16875
0 0.140625 0.65234375 0.128125 0.1421875
0 0.05390625 0.68984375 0.06875 0.08125
0 0.44375 0.7046875 0.0703125 0.1609375
0 0.39375 0.57890625 0.10625 0.075
0 0.34921875 0.6359375 0.1578125 0.071875
0 0.58515625 0.5984375 0.0671875 0.0921875
0 0.86640625 0.678125 0.140625 0.140625
0 0.9328125 0.59296875 0.0765625 0.1046875
0 0.96953125 0.571875 0.053125 0.1
0 0.76015625 0.50078125 0.059375 0.109375
0 0.728125 0.57265625 0.0921875 0.078125
0 0.62578125 0.50390625 0.0890625 0.1140625
0 0.5375 0.496875 0.090625 0.0421875
0 0.4875 0.5125 0.0203125 0.0546875
0 0.43515625 0.52109375 0.090625 0.08125
0 0.41640625 0.4109375 0.084375 0.071875
0 0.29296875 0.41953125 0.096875 0.0546875
0 0.3109375 0.48359375 0.1015625 0.0890625
0 0.1546875 0.5015625 0.078125 0.1046875
0 0.1359375 0.43515625 0.05625 0.0671875
0 0.05703125 0.52578125 0.1125 0.1109375
0 0.04375 0.60625 0.0734375 0.09375
0 0.103125 0.5828125 0.0484375 0.05625
0 0.91484375 0.49375 0.0859375 0.13125
0 0.95546875 0.4328125 0.0890625 0.06875
0 0.9703125 0.490625 0.059375 0.075
0 0.64765625 0.459375 0.0671875 0.0546875
0 0.703125 0.4578125 0.0375 0.05625
0 0.71484375 0.41796875 0.053125 0.0734375
0 0.6375 0.40234375 0.0734375 0.1109375
0 0.35703125 0.36953125 0.053125 0.078125
0 0.0828125 0.3890625 0.05 0.0953125
0 0.1453125 0.3640625 0.0390625 0.090625
0 0.02578125 0.3875 0.046875 0.1046875
0 0.90625 0.8 0.1015625 0.1109375
0 0.97265625 0.7828125 0.0546875 0.08125
0 0.55078125 0.44609375 0.0859375 0.1046875
0 0.48359375 0.43828125 0.0390625 0.0859375
0 0.4453125 0.475 0.09375 0.090625
0 0.3921875 0.29609375 0.0640625 0.046875
0 0.42421875 0.33203125 0.1015625 0.05625
0 0.2734375 0.328125 0.0859375 0.059375
0 0.26875 0.35625 0.0703125 0.05625
0 0.48125 0.36796875 0.0484375 0.084375
0 0.534375 0.3625 0.0609375 0.0890625
0 0.59140625 0.32265625 0.0546875 0.0953125
0 0.653125 0.32421875 0.0515625 0.0671875
0 0.72578125 0.309375 0.0578125 0.1015625
0 0.85546875 0.32734375 0.071875 0.1015625
0 0.8984375 0.2671875 0.071875 0.0796875
0 0.925 0.340625 0.0546875 0.071875
0 0.9703125 0.35390625 0.059375 0.0828125
0 0.0546875 0.28828125 0.0296875 0.078125
0 0.08046875 0.28125 0.0390625 0.0734375
0 0.1265625 0.28359375 0.04375 0.115625
0 0.22421875 0.2734375 0.0375 0.059375
0 0.2890625 0.26875 0.0703125 0.0671875
0 0.2046875 0.36484375 0.0421875 0.090625
0 0.221875 0.403125 0.059375 0.0703125
0 0.021875 0.29453125 0.0359375 0.08125
0 0.0296875 0.22421875 0.059375 0.059375
0 0.08125 0.2140625 0.0359375 0.0578125
0 0.1359375 0.20078125 0.0453125 0.0640625
0 0.23515625 0.23984375 0.06875 0.084375
0 0.29453125 0.23359375 0.028125 0.0640625
0 0.35546875 0.2609375 0.0328125 0.0625
0 0.41171875 0.23671875 0.0296875 0.0953125
0 0.51171875 0.25234375 0.0734375 0.090625
0 0.478125 0.2796875 0.1015625 0.071875
0 0.51953125 0.22578125 0.040625 0.075
0 0.56953125 0.24609375 0.0390625 0.0921875
0 0.55703125 0.2640625 0.028125 0.05625
0 0.61484375 0.24453125 0.0703125 0.075
0 0.69140625 0.23984375 0.03125 0.084375
0 0.75546875 0.25 0.0359375 0.05625
0 0.8015625 0.2421875 0.05 0.0765625
0 0.78203125 0.3984375 0.0734375 0.0828125
0 0.0453125 0.475 0.0890625 0.075
0 0.9640625 0.26015625 0.053125 0.0703125
0 0.36796875 0.22734375 0.059375 0.10625
0 0.16875 0.30859375 0.0515625 0.10625
0 0.7015625 0.52265625 0.08125 0.103125
0 0.82421875 0.55390625 0.0921875 0.128125
0 0.78671875 0.33046875 0.059375 0.0828125
0 0.1015625 0.34375 0.0515625 0.1