0 0.87890625 0.95390625 0.065625 0.0921875
0 0.94765625 0.91171875 0.0625 0.1296875
0 0.9828125 0.83828125 0.034375 0.1078125
0 0.96796875 0.7578125 0.0640625 0.0953125
0 0.85546875 0.86484375 0.0578125 0.15625
0 0.80234375 0.975 0.0390625 0.05
0 0.73984375 0.92265625 0.0515625 0.1359375
0 0.66796875 0.890625 0.0875 0.1140625
0 0.69375 0.85078125 0.075 0.10625
0 0.6609375 0.8125 0.059375 0.0875
0 0.74375 0.8109375 0.05625 0.125
0 0.8421875 0.7578125 0.090625 0.0953125
0 0.8046875 0.73671875 0.0828125 0.096875
0 0.61875 0.875 0.0796875 0.0578125
0 0.59375 0.8328125 0.075 0.075
0 0.51796875 0.96328125 0.0984375 0.0734375
0 0.684375 0.971875 0.053125 0.05625
0 0.48125 0.9609375 0.0671875 0.075
0 0.43125 0.953125 0.115625 0.09375
0 0.38515625 0.94375 0.0703125 0.109375
0 0.35078125 0.90390625 0.0921875 0.14375
0 0.24375 0.89765625 0.084375 0.13125
0 0.184375 0.975 0.084375 0.05
0 0.1609375 0.93046875 0.1203125 0.0890625
0 0.11796875 0.9078125 0.0765625 0.1109375
0 0.04140625 0.8796875 0.0828125 0.1375
0 0.0328125 0.709375 0.065625 0.090625
0 0.046875 0.61640625 0.05 0.0875
0 0.01328125 0.55546875 0.0265625 0.0859375
0 0.03828125 0.53984375 0.034375 0.075
0 0.08203125 0.53203125 0.05625 0.0671875
0 0.12578125 0.56171875 0.0640625 0.0921875
0 0.075 0.578125 0.0421875 0.065625
0 0.165625 0.56171875 0.071875 0.0890625
0 0.1921875 0.59296875 0.0484375 0.0984375
0 0.1484375 0.66015625 0.065625 0.090625
0 0.10859375 0.725 0.0671875 0.1359375
0 0.175 0.72890625 0.0453125 0.134375
0 0.2390625 0.5578125 0.0671875 0.078125
0 0.27890625 0.5515625 0.0515625 0.0578125
0 0.3015625 0.56796875 0.078125 0.0515625
0 0.35859375 0.55 0.084375 0.103125
0 0.35078125 0.48046875 0.0703125 0.053125
0 0.26875 0.6203125 0.03125 0.0640625
0 0.234375 0.6421875 0.0828125 0.0625
0 0.30546875 0.6171875 0.0671875 0.0625
0 0.25546875 0.68046875 0.0703125 0.059375
0 0.2546875 0.7171875 0.071875 0.078125
0 0.22890625 0.7765625 0.0515625 0.1203125
0 0.25859375 0.796875 0.0875 0.103125
0 0.35234375 0.790625 0.0921875 0.125
0 0.3375 0.6375 0.0640625 0.0953125
0 0.3640625 0.64375 0.0453125 0.0765625
0 0.40859375 0.665625 0.0484375 0.103125
0 0.40234375 0.8015625 0.0515625 0.109375
0 0.4484375 0.82734375 0.0484375 0.0609375
0 0.46015625 0.88671875 0.0859375 0.08125
0 0.51640625 0.84609375 0.0671875 0.0984375
0 0.5421875 0.81953125 0.0734375 0.0765625
0 0.496875 0.77734375 0.084375 0.059375
0 0.4703125 0.7203125 0.05625 0.1
0 0.43984375 0.7109375 0.0578125 0.0453125
0 0.43984375 0.615625 0.0625 0.0515625
0 0.5046875 0.69765625 0.0890625 0.0828125
0 0.5609375 0.69921875 0.0515625 0.0953125
0 0.53125 0.621875 0.046875 0.0703125
0 0.61015625 0.71640625 0.08125 0.121875
0 0.66640625 0.72890625 0.0953125 0.075
0 0.7046875 0.68984375 0.0484375 0.0515625
0 0.7640625 0.70234375 0.078125 0.1015625
0 0.81484375 0.63828125 0.0984375 0.10625
0 0.890625 0.640625 0.06875 0.1078125
0 0.921875 0.63125 0.0890625 0.1078125
0 0.97734375 0.575 0.0453125 0.115625
0 0.9125 0.54921875 0.0671875 0.0734375
0 0.83515625 0.5546875 0.0734375 0.071875
0 0.76953125 0.5453125 0.0984375 0.08125
0 0.73046875 0.51875 0.0515625 0.05
0 0.7 0.540625 0.0515625 0.05625
0 0.71484375 0.58671875 0.0828125 0.059375
0 0.634375 0.54609375 0.059375 0.04375
0 0.6859375 0.628125 0.075 0.0765625
0 0.6234375 0.6484375 0.0734375 0.0671875
0 0.6078125 0.60078125 0.090625 0.0890625
0 0.52890625 0.5421875 0.071875 0.071875
0 0.4265625 0.56796875 0.0609375 0.0359375
0 0.47578125 0.5234375 0.0484375 0.0828125
0 0.46171875 0.4671875 0.05625 0.0578125
0 0.48515625 0.43359375 0.0671875 0.040625
0 0.4671875 0.40625 0.0453125 0.04375
0 0.41875 0.41875 0.0515625 0.065625
0 0.3875 0.3890625 0.0546875 0.05
0 0.32734375 0.409375 0.053125 0.053125
0 0.21171875 0.47265625 0.0578125 0.046875
0 0.16875 0.4703125 0.0296875 0.0515625
0 0.1859375 0.4375 0.0328125 0.0390625
0 0.1375 0.46796875 0.046875 0.053125
0 0.1140625 0.45546875 0.0296875 0.059375
0 0.08359375 0.46875 0.04375 0.0515625
0 0.05 0.4609375 0.034375 0.0546875
0 0.05234375 0.425 0.0375 0.0390625
0 0.0875 0.41171875 0.04375 0.040625
0 0.13671875 0.40859375 0.05625 0.0484375
0 0.2078125 0.409375 0.05625 0.053125
0 0.1875 0.3734375 0.0625 0.0484375
0 0.13203125 0.36875 0.0484375 0.0390625
0 0.07890625 0.3765625 0.0609375 0.0625
0 0.01640625 0.44140625 0.0328125 0.1
0 0.04375 0.3234375 0.034375 0.0421875
0 0.03515625 0.3625 0.05625 0.059375
0 0.11875 0.3234375 0.0828125 0.0546875
0 0.175 0.3140625 0.0359375 0.0453125
0 0.21484375 0.325 0.0578125 0.0453125
0 0.28046875 0.3625 0.046875 0.04375
0 0.2734375 0.3234375 0.0390625 0.0453125
0 0.33359375 0.33359375 0.0359375 0.04375
0 0.378125 0.3296875 0.03125 0.046875
0 0.42109375 0.340625 0.053125 0.0671875
0 0.4625 0.32109375 0.03125 0.0375
0 0.47109375 0.34453125 0.0359375 0.059375
0 0.5890625 0.47421875 0.059375 0.053125
0 0.58203125 0.43359375 0.0375 0.04375
0 0.59375 0.403125 0.0328125 0.059375
0 0.55703125 0.37265625 0.059375 0.05625
0 0.56484375 0.33046875 0.071875 0.0625
0 0.62109375 0.36953125 0.040625 0.046875
0 0.6296875 0.39453125 0.0453125 0.0484375
0 0.6390625 0.42109375 0.04375 0.040625
0 0.63984375 0.465625 0.0421875 0.0578125
0 0.68359375 0.44296875 0.05625 0.065625
0 0.6953125 0.409375 0.0390625 0.05
0 0.7328125 0.41796875 0.0421875 0.0609375
0 0.72578125 0.47109375 0.0640625 0.046875
0 0.77890625 0.44375 0.0703125 0.0390625
0 0.77265625 0.41171875 0.0546875 0.0453125
0 0.80859375 0.425 0.04375 0.0515625
0 0.8578125 0.43671875 0.0671875 0.065625
0 0.82421875 0.48125 0.0609375 0.046875
0 0.87421875 0.47421875 0.06875 0.0625
0 0.9390625 0.4828125 0.0359375 0.046875
0 0.97734375 0.48515625 0.04375 0.0484375
0 0.978125 0.44609375 0.0421875 0.053125
0 0.9375 0.42578125 0.0359375 0.05
0 0.96953125 0.3984375 0.0609375 0.053125
0 0.8703125 0.375 0.0515625 0.059375
0 0.91953125 0.3703125 0.0484375 0.0828125
0 0.96953125 0.36875 0.04375 0.053125
0 0.95546875 0.33359375 0.059375 0.0484375