0 0.196875 0.89140625 0.2203125 0.1671875
0 0.23046875 0.9546875 0.08125 0.090625
0 0.4015625 0.8984375 0.1453125 0.2
0 0.5453125 0.94140625 0.1515625 0.1171875
0 0.61328125 0.8734375 0.0890625 0.171875
0 0.6421875 0.7765625 0.1140625 0.1375
0 0.68984375 0.87109375 0.0953125 0.1484375
0 0.775 0.96953125 0.153125 0.0609375
0 0.875 0.9453125 0.165625 0.109375
0 0.9609375 0.91328125 0.078125 0.14375
0 0.90390625 0.76640625 0.1015625 0.1421875
0 0.80234375 0.734375 0.125 0.134375
0 0.70234375 0.684375 0.10625 0.1171875
0 0.5265625 0.72421875 0.075 0.1109375
0 0.359375 0.7265625 0.1109375 0.134375
0 0.23515625 0.74453125 0.0828125 0.1328125
0 0.15546875 0.70390625 0.0609375 0.171875
0 0.078125 0.66796875 0.0546875 0.096875
0 0.05390625 0.73515625 0.1078125 0.0984375
0 0.0453125 0.8109375 0.090625 0.0859375
0 0.32578125 0.890625 0.10625 0.121875
0 0.46484375 0.65703125 0.0796875 0.1234375
0 0.50546875 0.62109375 0.0765625 0.1046875
0 0.5546875 0.58671875 0.0765625 0.1359375
0 0.60625 0.68515625 0.0515625 0.06875
0 0.82109375 0.67421875 0.053125 0.103125
0 0.88828125 0.68515625 0.05625 0.0671875
0 0.70625 0.61328125 0.0609375 0.1109375
0 0.7453125 0.578125 0.1046875 0.0984375
0 0.6359375 0.50234375 0.08125 0.115625
0 0.70390625 0.4984375 0.08125 0.0984375
0 0.65703125 0.56015625 0.053125 0.1234375
0 0.74375 0.4890625 0.059375 0.0984375
0 0.5984375 0.459375 0.1359375 0.109375
0 0.540625 0.44453125 0.1390625 0.078125
0 0.484375 0.41640625 0.0953125 0.084375
0 0.2765625 0.4640625 0.09375 0.103125
0 0.3515625 0.48515625 0.034375 0.08125
0 0.30234375 0.50546875 0.0625 0.1265625
0 0.321875 0.5546875 0.09375 0.0921875
0 0.2828125 0.62421875 0.103125 0.0828125
0 0.0609375 0.509375 0.078125 0.1171875
0 0.175 0.43203125 0.0453125 0.1046875
0 0.0421875 0.3859375 0.059375 0.0734375
0 0.37578125 0.61171875 0.0421875 0.103125
0 0.39296875 0.56875 0.04375 0.0890625
0 0.41953125 0.5453125 0.0265625 0.08125
0 0.453125 0.53203125 0.0484375 0.0765625
0 0.3578125 0.37109375 0.0359375 0.0734375
0 0.39765625 0.37265625 0.04375 0.109375
0 0.24765625 0.39140625 0.0921875 0.09375
0 0.2703125 0.3125 0.0609375 0.0734375
0 0.171875 0.3359375 0.05625 0.078125
0 0.15703125 0.38984375 0.046875 0.0734375
0 0.1140625 0.3484375 0.0453125 0.059375
0 0.07734375 0.3546875 0.0578125 0.0546875
0 0.01171875 0.45625 0.0234375 0.14375
0 0.01796875 0.5671875 0.0359375 0.146875
0 0.14140625 0.5609375 0.10625 0.1328125
0 0.228125 0.534375 0.0765625 0.090625
0 0.13046875 0.46484375 0.0453125 0.078125
0 0.321875 0.30546875 0.0484375 0.1015625
0 0.21875 0.3125 0.0421875 0.0703125
0 0.11015625 0.29375 0.059375 0.040625
0 0.41328125 0.30234375 0.1109375 0.06875
0 0.5359375 0.296875 0.0703125 0.0765625
0 0.47421875 0.34296875 0.0875 0.0578125
0 0.51875 0.3421875 0.046875 0.0515625
0 0.628125 0.375 0.0703125 0.0703125
0 0.5875 0.365625 0.04375 0.0859375
0 0.6359375 0.27265625 0.078125 0.0765625
0 0.734375 0.3015625 0.065625 0.0859375
0 0.790625 0.3265625 0.0546875 0.05625
0 0.83046875 0.3296875 0.028125 0.05625
0 0.975 0.46953125 0.0421875 0.0734375
0 0.75625 0.44765625 0.046875 0.0515625
0 0.8359375 0.5171875 0.053125 0.103125
0 0.88359375 0.51875 0.05 0.075
0 0.8546875 0.4375 0.0375 0.078125
0 0.90625 0.459375 0.0296875 0.059375
0 0.93359375 0.51640625 0.0390625 0.090625
0 0.97890625 0.5484375 0.0421875 0.0671875
0 0.89765625 0.9 0.1125 0.08125
0 0.48515625 0.84453125 0.1015625 0.1296875
0 0.55 0.840625 0.0546875 0.1234375
0 0.74609375 0.8640625 0.078125 0.115625
0 0.72734375 0.78125 0.1296875 0.0765625
0 0.7421875 0.39375 0.04375 0.0796875
0 0.7828125 0.38515625 0.0453125 0.0875
0 0.84296875 0.390625 0.0703125 0.075
0 0.91953125 0.3984375 0.0546875 0.0671875
0 0.9515625 0.4328125 0.0546875 0.075
0 0.30390625 0.39453125 0.084375 0.075
0 0.0796875 0.6203125 0.125 0.0890625