0 0.93125 0.94296875 0.11875 0.1140625
0 0.81953125 0.9078125 0.1015625 0.1453125
0 0.78984375 0.9765625 0.1078125 0.046875
0 0.978125 0.7234375 0.04375 0.146875
0 0.9171875 0.7390625 0.08125 0.10625
0 0.8578125 0.73046875 0.0546875 0.15
0 0.8390625 0.66015625 0.1046875 0.0859375
0 0.8609375 0.6109375 0.08125 0.0734375
0 0.7921875 0.7421875 0.0734375 0.1296875
0 0.73515625 0.70234375 0.0953125 0.1140625
0 0.70390625 0.7734375 0.04375 0.134375
0 0.64609375 0.80234375 0.0984375 0.14375
0 0.56796875 0.92890625 0.065625 0.1125
0 0.49453125 0.95390625 0.09375 0.0921875
0 0.44765625 0.88671875 0.1125 0.09375
0 0.37578125 0.86953125 0.053125 0.06875
0 0.26015625 0.91171875 0.121875 0.121875
0 0.3328125 0.94375 0.059375 0.109375
0 0.26875 0.97578125 0.071875 0.0484375
0 0.475 0.80859375 0.10625 0.1171875
0 0.52421875 0.81640625 0.0921875 0.115625
0 0.54375 0.75390625 0.0921875 0.0703125
0 0.56875 0.68359375 0.0671875 0.0875
0 0.625 0.6640625 0.05625 0.0828125
0 0.73125 0.6265625 0.0828125 0.0546875
0 0.7875 0.5921875 0.0578125 0.0515625
0 0.77734375 0.5390625 0.04375 0.05625
0 0.69453125 0.5625 0.0890625 0.0890625
0 0.959375 0.546875 0.08125 0.0671875
0 0.90078125 0.55703125 0.04375 0.0734375
0 0.87265625 0.540625 0.04375 0.0796875
0 0.8203125 0.540625 0.0578125 0.0921875
0 0.8171875 0.49375 0.065625 0.0671875
0 0.8671875 0.47890625 0.046875 0.0515625
0 0.9328125 0.4984375 0.0328125 0.065625
0 0.9703125 0.4796875 0.059375 0.06875
0 0.91875 0.45078125 0.05 0.059375
0 0.96640625 0.4265625 0.0609375 0.059375
0 0.82265625 0.4609375 0.059375 0.0578125
0 0.78359375 0.45703125 0.0359375 0.053125
0 0.74140625 0.46640625 0.0546875 0.065625
0 0.715625 0.48359375 0.0703125 0.078125
0 0.675 0.4453125 0.059375 0.0484375
0 0.6734375 0.49765625 0.04375 0.0515625
0 0.63671875 0.47109375 0.053125 0.0578125
0 0.59453125 0.4609375 0.0484375 0.0515625
0 0.61015625 0.53359375 0.0390625 0.0765625
0 0.57578125 0.496875 0.0859375 0.0984375
0 0.5421875 0.53515625 0.0578125 0.1109375
0 0.48125 0.50546875 0.071875 0.08125
0 0.140625 0.875 0.0625 0.1640625
0 0.21171875 0.84140625 0.0890625 0.13125
0 0.2828125 0.7984375 0.0546875 0.09375
0 0.2859375 0.70390625 0.0671875 0.078125
0 0.27109375 0.73671875 0.0453125 0.0546875
0 0.09375 0.8015625 0.0578125 0.109375
0 0.0296875 0.84140625 0.0546875 0.1203125
0 0.0484375 0.76015625 0.0421875 0.0625
0 0.084375 0.69921875 0.0953125 0.09375
0 0.16796875 0.6875 0.071875 0.10625
0 0.22890625 0.675 0.0546875 0.078125
0 0.3578125 0.71953125 0.0453125 0.125
0 0.42265625 0.709375 0.0890625 0.0765625
0 0.48671875 0.66484375 0.0828125 0.1109375
0 0.54140625 0.628125 0.0359375 0.0515625
0 0.48515625 0.5875 0.0546875 0.0515625
0 0.4375 0.61171875 0.059375 0.0703125
0 0.37890625 0.61640625 0.0578125 0.0875
0 0.32734375 0.62421875 0.0828125 0.0703125
0 0.38828125 0.57421875 0.078125 0.04375
0 0.3265625 0.5703125 0.0609375 0.05625
0 0.34765625 0.54140625 0.0625 0.0546875
0 0.334375 0.4984375 0.0609375 0.0359375
0 0.36953125 0.52265625 0.0421875 0.0390625
0 0.37890625 0.4859375 0.0671875 0.0484375
0 0.4359375 0.49140625 0.040625 0.0609375
0 0.4078125 0.525 0.0609375 0.0671875
0 0.465625 0.5453125 0.059375 0.05625
0 0.02109375 0.609375 0.0421875 0.090625
0 0.05390625 0.58984375 0.04375 0.075
0 0.090625 0.63828125 0.0828125 0.0625
0 0.1296875 0.60078125 0.0453125 0.0703125
0 0.0984375 0.565625 0.05 0.065625
0 0.04765625 0.51484375 0.0734375 0.0609375
0 0.09765625 0.4828125 0.053125 0.0390625
0 0.1234375 0.503125 0.0625 0.0734375
0 0.17265625 0.51640625 0.065625 0.0421875
0 0.140625 0.5625 0.034375 0.05
0 0.17421875 0.578125 0.0390625 0.090625
0 0.22734375 0.5328125 0.071875 0.0671875
0 0.27890625 0.571875 0.0390625 0.0578125
0 0.28125 0.534375 0.05625 0.05
0 0.253125 0.4890625 0.05625 0.05
0 0.19453125 0.46328125 0.046875 0.0703125
0 0.08671875 0.41484375 0.0390625 0.046875
0 0.01796875 0.47578125 0.0359375 0.09375
0 0.04765625 0.39453125 0.059375 0.059375
0 0.04296875 0.3328125 0.0390625 0.0421875
0 0.08125 0.32265625 0.0375 0.059375
0 0.15625 0.3171875 0.0328125 0.0359375
0 0.17421875 0.3625 0.0359375 0.05
0 0.15859375 0.3859375 0.0421875 0.059375
0 0.33359375 0.4234375 0.0671875 0.0515625
0 0.31484375 0.440625 0.0703125 0.053125
0 0.2359375 0.35625 0.0375 0.040625
0 0.23828125 0.31875 0.059375 0.04375
0 0.28203125 0.34609375 0.0515625 0.053125
0 0.321875 0.3328125 0.03125 0.0328125
0 0.3546875 0.3390625 0.0390625 0.040625
0 0.353125 0.37421875 0.040625 0.059375
0 0.315625 0.378125 0.0546875 0.0640625
0 0.28828125 0.378125 0.071875 0.05
0 0.3828125 0.39453125 0.04375 0.0609375
0 0.403125 0.371875 0.04375 0.046875
0 0.40390625 0.4234375 0.0390625 0.0390625
0 0.43125 0.38515625 0.0328125 0.078125
0 0.4390625 0.42265625 0.0484375 0.0421875
0 0.48515625 0.40703125 0.05 0.059375
0 0.4828125 0.3875 0.0234375 0.04375
0 0.45859375 0.36640625 0.0359375 0.0515625
0 0.49921875 0.36484375 0.0328125 0.046875
0 0.525 0.3625 0.034375 0.053125
0 0.54296875 0.35234375 0.0453125 0.0546875
0 0.57734375 0.346875 0.05 0.046875
0 0.56484375 0.36953125 0.0375 0.040625
0 0.55703125 0.39296875 0.0640625 0.0328125
0 0.55546875 0.4203125 0.0703125 0.0390625
0 0.61484375 0.41640625 0.05625 0.034375
0 0.61015625 0.36875 0.0515625 0.0640625
0 0.6671875 0.39921875 0.0359375 0.0453125
0 0.70625 0.4046875 0.0515625 0.0453125
0 0.7484375 0.3984375 0.046875 0.0625
0 0.79609375 0.39609375 0.071875 0.0546875
0 0.8609375 0.421875 0.0453125 0.0578125
0 0.896875 0.41640625 0.0390625 0.05625
0 0.921875 0.37265625 0.059375 0.053125
0 0.859375 0.36875 0.0484375 0.0703125
0 0.87734375 0.3234375 0.0515625 0.05625
0 0.83203125 0.34375 0.034375 0.046875
0 0.79765625 0.35625 0.046875 0.0390625
0 0.75625 0.35 0.0484375 0.0359375
0 0.69140625 0.35625 0.071875 0.0421875
0 0.64453125 0.33359375 0.0359375 0.0703125
0 0.60859375 0.31875 0.04375 0.040625
0 0.6203125 0.28515625 0.0515625 0.0390625
0 0.61640625 0.2671875 0.0328125 0.0296875
0 0.65546875 0.25625 0.0421875 0.0359375
0 0.6828125 0.2890625 0.05625 0.0484375
0 0.6703125 0.325 0.04375 0.0421875
0 0.7328125 0.31484375 0.05625 0.0546875
0 0.72578125 0.28359375 0.028125 0.0296875
0 0.71171875 0.24765625 0.0671875 0.04375
0 0.7625 0.24765625 0.0328125 0.0484375
0 0.79765625 0.253125 0.053125 0.0390625
0 0.809375 0.275 0.0765625 0.03125
0 0.82265625 0.296875 0.034375 0.01875
0 0.80546875 0.3109375 0.0734375 0.0359375
0 0.7765625 0.31328125 0.0578125 0.065625