0 0.6921875 0.64453125 0.121875 0.171875
0 0.784375 0.69375 0.1234375 0.16875
0 0.32578125 0.76015625 0.1609375 0.18125
0 0.49453125 0.66484375 0.10625 0.1671875
0 0.41796875 0.58125 0.103125 0.15625
0 0.61015625 0.921875 0.1046875 0.15625
0 0.7171875 0.88828125 0.090625 0.1640625
0 0.88359375 0.9390625 0.06875 0.121875
0 0.97421875 0.8640625 0.0515625 0.1578125
0 0.190625 0.86015625 0.1046875 0.215625
0 0.36328125 0.875 0.1328125 0.1828125
0 0.21953125 0.95859375 0.1484375 0.0828125
0 0.38046875 0.96875 0.1484375 0.0625
0 0.57734375 0.9046875 0.203125 0.146875
0 0.05859375 0.825 0.115625 0.09375
0 0.0640625 0.93828125 0.128125 0.1203125
0 0.1 0.76875 0.075 0.10625
0 0.153125 0.80625 0.10625 0.1296875
0 0.15078125 0.73125 0.075 0.096875
0 0.1703125 0.65546875 0.153125 0.190625
0 0.0609375 0.56015625 0.06875 0.20625
0 0.02578125 0.7015625 0.0515625 0.15625
0 0.89375 0.5578125 0.0546875 0.096875
0 0.9859375 0.73828125 0.028125 0.1
0 0.18671875 0.6015625 0.078125 0.1109375
0 0.25234375 0.56484375 0.0578125 0.071875
0 0.32890625 0.52890625 0.071875 0.103125
0 0.32265625 0.62578125 0.0734375 0.0671875
0 0.36640625 0.6859375 0.078125 0.0640625
0 0.09296875 0.5328125 0.03125 0.075
0 0.0125 0.565625 0.025 0.096875
0 0.13984375 0.43671875 0.0921875 0.1046875
0 0.1140625 0.4125 0.096875 0.071875
0 0.01875 0.42578125 0.0375 0.125
0 0.1828125 0.3234375 0.0484375 0.1109375
0 0.11171875 0.36328125 0.0640625 0.05
0 0.16484375 0.36328125 0.0640625 0.090625
0 0.07578125 0.321875 0.0734375 0.1171875
0 0.23125 0.4765625 0.0796875 0.078125
0 0.22578125 0.52109375 0.084375 0.078125
0 0.2921875 0.46484375 0.075 0.1015625
0 0.17421875 0.484375 0.053125 0.0609375
0 0.55546875 0.53046875 0.0828125 0.09375
0 0.6359375 0.54296875 0.0828125 0.1046875
0 0.696875 0.51015625 0.040625 0.121875
0 0.7875 0.571875 0.075 0.0734375
0 0.81328125 0.4921875 0.0765625 0.0953125
0 0.74609375 0.49921875 0.0609375 0.078125
0 0.9421875 0.6203125 0.0640625 0.0796875
0 0.96953125 0.5390625 0.0359375 0.078125
0 0.93515625 0.5421875 0.04375 0.109375
0 0.55703125 0.44921875 0.0859375 0.0921875
0 0.4640625 0.4484375 0.0796875 0.0859375
0 0.3921875 0.4234375 0.0671875 0.065625
0 0.359375 0.459375 0.0796875 0.0625
0 0.775 0.7953125 0.0921875 0.0796875
0 0.63515625 0.84609375 0.08125 0.1078125
0 0.034375 0.30234375 0.06875 0.1109375
0 0.20546875 0.2546875 0.0734375 0.084375
0 0.12890625 0.2578125 0.0546875 0.0765625
0 0.25078125 0.3125 0.090625 0.0546875
0 0.196875 0.27421875 0.0609375 0.065625
0 0.27890625 0.25234375 0.0796875 0.0578125
0 0.421875 0.2875 0.04375 0.071875
0 0.50234375 0.35078125 0.0625 0.1296875
0 0.3890625 0.38359375 0.03125 0.0859375
0 0.325 0.34921875 0.084375 0.0640625
0 0.2875 0.39140625 0.0890625 0.078125
0 0.25703125 0.43203125 0.0828125 0.0890625
0 0.8890625 0.70078125 0.103125 0.140625
0 0.75234375 0.39609375 0.1203125 0.1109375
0 0.75859375 0.36796875 0.078125 0.065625
0 0.934375 0.403125 0.0609375 0.078125
0 0.97265625 0.3609375 0.0546875 0.0953125
0 0.66640625 0.2578125 0.0546875 0.0734375
0 0.71875 0.27890625 0.0546875 0.0546875
0 0.78125 0.2796875 0.06875 0.0453125
0 0.8453125 0.28203125 0.0578125 0.078125
0 0.88515625 0.2328125 0.0484375 0.071875
0 0.37421875 0.2125 0.1 0.121875
0 0.45078125 0.21875 0.0703125 0.0734375
0 0.43984375 0.24765625 0.053125 0.028125
0 0.309375 0.30703125 0.0484375 0.0484375
0 0.1 0.21328125 0.1125 0.0734375
0 0.2359375 0.20078125 0.096875 0.08125
0 0.325 0.19765625 0.034375 0.0640625
0 0.509375 0.2140625 0.0609375 0.10625
0 0.7203125 0.1953125 0.090625 0.0484375
0 0.80625 0.21328125 0.0421875 0.0921875
0 0.98515625 0.2828125 0.0296875 0.0453125
0 0.6359375 0.41875 0.0578125 0.0734375
0 0.6390625 0.48046875 0.0609375 0.071875
0 0.56640625 0.25546875 0.06875 0.1
0 0.8390625 0.353125 0.0421875 0.046875
0 0.88515625 0.465625 0.0875 0.1171875
0 0.89921875 0.37734375 0.05625 0.096875
0 0.89609375 0.30234375 0.0515625 0.0765625
0 0.94453125 0.25859375 0.0453125 0.078125
0 0.65234375 0.20390625 0.0703125 0.06875
0 0.62421875 0.23515625 0.0859375 0.1328125
0 0.4515625 0.3375 0.0765625 0.1015625
0 0.13671875 0.56484375 0.090625 0.0984375
0 0.57578125 0.34609375 0.078125 0.09375
0 0.65078125 0.34453125 0.103125 0.0984375
0 0.371875 0.315625 0.071875 0.0921875
0 0.734375 0.16953125 0.0265625 0.06875
0 0.765625 0.1796875 0.028125 0.0796875
0 0.5625 0.21484375 0.046875 0.0609375