0 0.01953125 0.84921875 0.0390625 0.11875
0 0.1390625 0.93984375 0.090625 0.1203125
0 0.06796875 0.9640625 0.096875 0.071875
0 0.1875 0.87734375 0.103125 0.090625
0 0.3078125 0.95703125 0.09375 0.0859375
0 0.2640625 0.94453125 0.0703125 0.1109375
0 0.3640625 0.965625 0.10625 0.06875
0 0.48984375 0.934375 0.103125 0.13125
0 0.5703125 0.92109375 0.128125 0.1453125
0 0.4359375 0.85625 0.115625 0.090625
0 0.40546875 0.8296875 0.10625 0.1046875
0 0.03046875 0.71875 0.0609375 0.090625
0 0.03984375 0.4765625 0.0546875 0.1328125
0 0.0640625 0.46171875 0.0890625 0.0796875
0 0.1453125 0.54609375 0.06875 0.0671875
0 0.11796875 0.60625 0.053125 0.121875
0 0.3109375 0.7296875 0.1078125 0.1421875
0 0.41640625 0.73203125 0.090625 0.109375
0 0.2421875 0.7125 0.0484375 0.1234375
0 0.20859375 0.6171875 0.1015625 0.0859375
0 0.36796875 0.65390625 0.071875 0.1546875
0 0.32421875 0.559375 0.0515625 0.128125
0 0.28125 0.540625 0.0609375 0.1109375
0 0.23828125 0.5515625 0.0546875 0.09375
0 0.184375 0.4796875 0.0828125 0.1265625
0 0.125 0.41484375 0.0484375 0.0578125
0 0.1546875 0.390625 0.0703125 0.0765625
0 0.0703125 0.3859375 0.0390625 0.0765625
0 0.01875 0.3921875 0.0375 0.075
0 0.2046875 0.36796875 0.0390625 0.06875
0 0.25390625 0.40234375 0.0671875 0.0984375
0 0.23359375 0.3703125 0.0390625 0.05
0 0.29609375 0.39609375 0.0515625 0.090625
0 0.34921875 0.38125 0.078125 0.0875
0 0.5 0.63828125 0.0390625 0.121875
0 0.57265625 0.72578125 0.115625 0.1296875
0 0.43203125 0.634375 0.0625 0.1140625
0 0.38359375 0.58671875 0.0578125 0.1015625
0 0.39140625 0.521875 0.0578125 0.0875
0 0.43359375 0.51953125 0.034375 0.0859375
0 0.45 0.5578125 0.0484375 0.0734375
0 0.3515625 0.47890625 0.059375 0.0875
0 0.64296875 0.87265625 0.0625 0.1453125
0 0.69609375 0.86796875 0.0515625 0.1640625
0 0.73984375 0.8359375 0.090625 0.1421875
0 0.759375 0.7734375 0.075 0.0703125
0 0.7078125 0.70703125 0.090625 0.103125
0 0.678125 0.6109375 0.071875 0.1140625
0 0.6453125 0.5953125 0.0625 0.096875
0 0.65390625 0.5453125 0.05 0.0765625
0 0.621875 0.51328125 0.04375 0.0609375
0 0.56328125 0.6265625 0.053125 0.0875
0 0.55078125 0.584375 0.0609375 0.0734375
0 0.55546875 0.51484375 0.05 0.1015625
0 0.58125 0.4859375 0.04375 0.0625
0 0.49375 0.5296875 0.0390625 0.109375
0 0.8234375 0.95625 0.071875 0.0875
0 0.915625 0.98046875 0.115625 0.0390625
0 0.959375 0.915625 0.08125 0.121875
0 0.88125 0.88515625 0.1171875 0.103125
0 0.94921875 0.83125 0.1015625 0.08125
0 0.90703125 0.79140625 0.1015625 0.075
0 0.8375 0.75703125 0.0828125 0.1171875
0 0.90390625 0.73828125 0.08125 0.0578125
0 0.9015625 0.65859375 0.040625 0.05625
0 0.94140625 0.65390625 0.046875 0.078125
0 0.98046875 0.64453125 0.0375 0.096875
0 0.82421875 0.67578125 0.1015625 0.090625
0 0.85703125 0.6109375 0.0734375 0.0828125
0 0.7890625 0.653125 0.0953125 0.08125
0 0.75625 0.609375 0.0625 0.09375
0 0.79765625 0.55 0.0875 0.0921875
0 0.928125 0.5484375 0.0796875 0.0828125
0 0.8109375 0.53203125 0.084375 0.1015625
0 0.87109375 0.484375 0.0828125 0.0453125
0 0.959375 0.48125 0.071875 0.0703125
0 0.95390625 0.43671875 0.0625 0.0515625
0 0.803125 0.44921875 0.0609375 0.08125
0 0.74296875 0.434375 0.059375 0.05625
0 0.6875 0.46875 0.0828125 0.0875
0 0.6359375 0.475 0.0515625 0.046875
0 0.77578125 0.4015625 0.0765625 0.0609375
0 0.69609375 0.39453125 0.0671875 0.0609375
0 0.87578125 0.421875 0.0984375 0.0703125
0 0.47421875 0.4234375 0.04375 0.1109375
0 0.53515625 0.4390625 0.04375 0.078125
0 0.58515625 0.42578125 0.0546875 0.0671875
0 0.525 0.38828125 0.0765625 0.06875
0 0.61640625 0.3546875 0.0890625 0.140625
0 0.39921875 0.3921875 0.1015625 0.0875
0 0.57109375 0.33046875 0.034375 0.040625
0 0.75 0.32421875 0.0265625 0.04375
0 0.778125 0.32265625 0.03125 0.0515625
0 0.80703125 0.32265625 0.0265625 0.053125
0 0.83828125 0.32109375 0.0421875 0.05
0 0.87109375 0.32109375 0.01875 0.053125
0 0.92109375 0.32421875 0.0640625 0.0421875
0 0.71875 0.3125 0.04375 0.0625
0 0.52109375 0.25390625 0.021875 0.0609375
0 0.46953125 0.271875 0.0328125 0.078125
0 0.4953125 0.23046875 0.0296875 0.0796875
0 0.9421875 0.27421875 0.059375 0.0609375
0 0.8984375 0.27265625 0.040625 0.06875
0 0.8578125 0.2625 0.0375 0.0515625
0 0.8203125 0.2671875 0.04375 0.04375
0 0.74375 0.23125 0.0390625 0.0515625
0 0.87734375 0.19140625 0.025 0.0484375
0 0.8890625 0.22734375 0.0546875 0.0390625
0 0.840625 0.21171875 0.0359375 0.0515625
0 0.81328125 0.19140625 0.03125 0.053125
0 0.803125 0.22421875 0.05625 0.04375
0 0.76640625 0.26953125 0.0734375 0.053125
0 0.52578125 0.32109375 0.040625 0.0921875
0 0.73984375 0.1796875 0.025 0.0421875
0 0.71640625 0.1828125 0.0390625 0.0390625
0 0.6625 0.20703125 0.0421875 0.0515625
0 0.653125 0.17109375 0.0296875 0.034375
0 0.575 0.22421875 0.059375 0.0921875
0 0.63046875 0.23515625 0.03125 0.0515625
0 0.57890625 0.16796875 0.0390625 0.028125
0 0.51875 0.17109375 0.028125 0.0328125
0 0.4984375 0.18515625 0.05 0.053125
0 0.44609375 0.17265625 0.05 0.0453125
0 0.3875 0.21796875 0.0578125 0.109375
0 0.4078125 0.30234375 0.0703125 0.0515625
0 0.35859375 0.30703125 0.0625 0.0390625
0 0.35625 0.25546875 0.0546875 0.0546875
0 0.3453125 0.2203125 0.0359375 0.05
0 0.32265625 0.18671875 0.053125 0.0453125
0 0.303125 0.2046875 0.046875 0.0546875
0 0.3078125 0.28984375 0.0515625 0.040625
0 0.28671875 0.303125 0.03125 0.040625
0 0.29765625 0.26328125 0.0390625 0.04375
0 0.2625 0.275 0.0375 0.0609375
0 0.234375 0.259375 0.05 0.0671875
0 0.2265625 0.271875 0.0609375 0.04375
0 0.221875 0.30546875 0.0640625 0.05
0 0.16328125 0.284375 0.0296875 0.0546875
0 0.13828125 0.25625 0.0375 0.059375
0 0.10234375 0.30703125 0.0640625 0.04375
0 0.09765625 0.26015625 0.053125 0.0640625
0 0.0578125 0.2765625 0.028125 0.09375
0 0.0234375 0.309375 0.0453125 0.0390625
0 0.02421875 0.18046875 0.0484375 0.0390625
0 0.03828125 0.1578125 0.0453125 0.046875
0 0.0203125 0.25390625 0.040625 0.0828125