0 0.9671875 0.9421875 0.065625 0.109375
0 0.915625 0.69140625 0.1140625 0.1421875
0 0.95703125 0.60625 0.0859375 0.1453125
0 0.8265625 0.5453125 0.05625 0.1453125
0 0.9109375 0.5234375 0.0546875 0.1203125
0 0.91015625 0.49375 0.1078125 0.059375
0 0.89765625 0.440625 0.096875 0.0640625
0 0.73671875 0.5171875 0.06875 0.1390625
0 0.67578125 0.61171875 0.0984375 0.11875
0 0.71328125 0.72734375 0.0625 0.16875
0 0.83046875 0.784375 0.090625 0.153125
0 0.86796875 0.9578125 0.08125 0.084375
0 0.75234375 0.94765625 0.1296875 0.1046875
0 0.60859375 0.865625 0.1015625 0.1484375
0 0.55390625 0.94140625 0.0671875 0.1171875
0 0.46953125 0.91875 0.1375 0.15
0 0.37421875 0.9234375 0.05625 0.153125
0 0.3125 0.91953125 0.065625 0.1609375
0 0.23046875 0.925 0.08125 0.15
0 0.2453125 0.82265625 0.078125 0.1390625
0 0.146875 0.934375 0.1203125 0.13125
0 0.1234375 0.90390625 0.103125 0.134375
0 0.04375 0.9125 0.0875 0.175
0 0.17265625 0.7875 0.0875 0.125
0 0.20703125 0.7140625 0.0609375 0.0875
0 0.25703125 0.71640625 0.0546875 0.0953125
0 0.3375 0.75 0.0984375 0.1453125
0 0.46171875 0.7625 0.125 0.1421875
0 0.446875 0.6203125 0.0625 0.15625
0 0.42578125 0.55625 0.0609375 0.128125
0 0.48359375 0.54765625 0.05625 0.0890625
0 0.52265625 0.51484375 0.0421875 0.096875
0 0.5609375 0.59609375 0.0484375 0.1234375
0 0.384375 0.5265625 0.09375 0.0890625
0 0.284375 0.5203125 0.0859375 0.0765625
0 0.240625 0.55390625 0.0703125 0.1296875
0 0.13125 0.60546875 0.06875 0.171875
0 0.0640625 0.6125 0.0578125 0.1296875
0 0.040625 0.48515625 0.08125 0.1125
0 0.090625 0.45703125 0.0796875 0.1046875
0 0.0234375 0.34921875 0.046875 0.059375
0 0.03125 0.41171875 0.0625 0.0703125
0 0.06171875 0.36171875 0.0671875 0.084375
0 0.05859375 0.31171875 0.0671875 0.0625
0 0.1359375 0.31796875 0.071875 0.0546875
0 0.15 0.36015625 0.065625 0.0578125
0 0.178125 0.39921875 0.0765625 0.103125
0 0.29609375 0.4421875 0.1 0.075
0 0.36015625 0.40703125 0.0984375 0.096875
0 0.3171875 0.37890625 0.0609375 0.0640625
0 0.28828125 0.378125 0.075 0.0890625
0 0.2359375 0.37109375 0.0609375 0.0875
0 0.2125 0.3421875 0.059375 0.0546875
0 0.1921875 0.30546875 0.0765625 0.0546875
0 0.19375 0.26171875 0.0453125 0.0515625
0 0.246875 0.275 0.0578125 0.0484375
0 0.27265625 0.31796875 0.078125 0.0625
0 0.346875 0.3375 0.0484375 0.0625
0 0.4421875 0.390625 0.0609375 0.1046875
0 0.5296875 0.41953125 0.0828125 0.115625
0 0.6203125 0.43828125 0.078125 0.1296875
0 0.63984375 0.38359375 0.046875 0.103125
0 0.7171875 0.41328125 0.0421875 0.078125
0 0.74375 0.37265625 0.0671875 0.071875
0 0.77109375 0.36015625 0.0734375 0.09375
0 0.828125 0.36328125 0.0625 0.0609375
0 0.83515625 0.4015625 0.0578125 0.06875
0 0.815625 0.45859375 0.0625 0.0703125
0 0.7734375 0.43125 0.0625 0.096875
0 0.71796875 0.30546875 0.0578125 0.0625
0 0.66171875 0.3796875 0.11875 0.0890625
0 0.6453125 0.325 0.1484375 0.0875
0 0.6390625 0.265625 0.05625 0.046875
0 0.58359375 0.28515625 0.0546875 0.0453125
0 0.59765625 0.24296875 0.0703125 0.0640625
0 0.54140625 0.2546875 0.059375 0.053125
0 0.54296875 0.2984375 0.0390625 0.053125
0 0.52109375 0.30703125 0.0453125 0.06875
0 0.4984375 0.34765625 0.0453125 0.071875
0 0.46953125 0.271875 0.0484375 0.0484375
0 0.446875 0.3109375 0.0546875 0.084375
0 0.42421875 0.25703125 0.0484375 0.0515625
0 0.39765625 0.30703125 0.0609375 0.1015625
0 0.5046875 0.2375 0.0234375 0.0625
0 0.5046875 0.196875 0.046875 0.0703125
0 0.45546875 0.21875 0.04375 0.0546875
0 0.3578125 0.278125 0.046875 0.075
0 0.29921875 0.265625 0.0546875 0.04375
0 0.3390625 0.23203125 0.0546875 0.05
0 0.27265625 0.23515625 0.0734375 0.04375
0 0.36953125 0.215625 0.05 0.0671875
0 0.403125 0.22109375 0.05 0.0625
0 0.44375 0.20078125 0.0640625 0.034375
0 0.03125 0.25859375 0.0625 0.0578125
0 0.15234375 0.22109375 0.03125 0.0484375
0 0.18125 0.21015625 0.034375 0.05625
0 0.215625 0.19609375 0.0453125 0.053125
0 0.275 0.1875 0.0640625 0.0390625
0 0.3390625 0.16796875 0.0375 0.0546875
0 0.37578125 0.16171875 0.0359375 0.0328125
0 0.42890625 0.14921875 0.06875 0.0578125
0 0.35390625 0.1109375 0.0609375 0.0453125
0 0.2984375 0.1046875 0.0640625 0.046875
0 0.24140625 0.165625 0.0625 0.046875
0 0.19140625 0.15078125 0.059375 0.0515625
0 0.11875 0.175 0.0765625 0.040625
0 0.10546875 0.215625 0.0796875 0.0515625
0 0.0328125 0.209375 0.065625 0.0546875
0 0.05859375 0.1515625 0.053125 0.0484375
0 0.071875 0.1046875 0.0515625 0.03125
0 0.0921875 0.1234375 0.0484375 0.05
0 0.128125 0.125 0.0484375 0.05
0 0.215625 0.1203125 0.0609375 0.04375
0 0.2328125 0.07421875 0.0625 0.05625
0 0.18203125 0.075 0.0390625 0.0421875
0 0.2734375 0.07109375 0.040625 0.065625