0 0.04609375 0.95546875 0.0703125 0.0890625
0 0.1234375 0.89765625 0.0828125 0.13125
0 0.09765625 0.87734375 0.065625 0.0609375
0 0.04296875 0.86953125 0.0734375 0.0859375
0 0.15546875 0.9515625 0.059375 0.096875
0 0.26875 0.9609375 0.04375 0.078125
0 0.375 0.95859375 0.0875 0.0828125
0 0.45 0.92109375 0.0546875 0.125
0 0.37578125 0.88828125 0.0859375 0.10625
0 0.25546875 0.89921875 0.1140625 0.0984375
0 0.26796875 0.81875 0.0546875 0.1015625
0 0.2234375 0.825 0.0671875 0.09375
0 0.1984375 0.7953125 0.0546875 0.0859375
0 0.14921875 0.8078125 0.0421875 0.075
0 0.1 0.7984375 0.0609375 0.109375
0 0.05546875 0.7578125 0.0796875 0.1125
0 0.1828125 0.7234375 0.0859375 0.090625
0 0.18515625 0.68046875 0.06875 0.0625
0 0.159375 0.65 0.0640625 0.0890625
0 0.28984375 0.71640625 0.0671875 0.1015625
0 0.35234375 0.76328125 0.075 0.06875
0 0.35859375 0.8171875 0.059375 0.090625
0 0.415625 0.81015625 0.034375 0.1140625
0 0.42734375 0.81015625 0.0546875 0.0546875
0 0.50390625 0.9109375 0.040625 0.1296875
0 0.55625 0.93515625 0.05625 0.1296875
0 0.60078125 0.96875 0.028125 0.0625
0 0.59921875 0.90234375 0.0609375 0.06875
0 0.63671875 0.88125 0.1 0.103125
0 0.6890625 0.8828125 0.040625 0.13125
0 0.66796875 0.80625 0.046875 0.1140625
0 0.7484375 0.97890625 0.0359375 0.0421875
0 0.88828125 0.92578125 0.0390625 0.1484375
0 0.80390625 0.88203125 0.0671875 0.13125
0 0.88203125 0.81171875 0.0609375 0.125
0 0.8359375 0.78671875 0.0359375 0.0984375
0 0.7609375 0.7421875 0.0296875 0.103125
0 0.8046875 0.70546875 0.0578125 0.0546875
0 0.871875 0.71328125 0.078125 0.10625
0 0.8765625 0.68515625 0.0765625 0.090625
0 0.9515625 0.66640625 0.08125 0.096875
0 0.97109375 0.7234375 0.0515625 0.0546875
0 0.97109375 0.77734375 0.0578125 0.06875
0 0.97421875 0.821875 0.0515625 0.059375
0 0.9796875 0.878125 0.040625 0.075
0 0.5109375 0.80703125 0.078125 0.0859375
0 0.57734375 0.7890625 0.065625 0.0953125
0 0.5734375 0.75390625 0.0703125 0.071875
0 0.53828125 0.72734375 0.0625 0.0703125
0 0.51171875 0.76328125 0.0671875 0.0875
0 0.47890625 0.75703125 0.065625 0.090625
0 0.4625 0.7171875 0.065625 0.1296875
0 0.48125 0.6796875 0.0828125 0.09375
0 0.52109375 0.671875 0.0390625 0.0765625
0 0.57265625 0.625 0.04375 0.0921875
0 0.62578125 0.66328125 0.05 0.0796875
0 0.634375 0.7234375 0.03125 0.090625
0 0.615625 0.7375 0.0296875 0.1
0 0.66953125 0.71796875 0.03125 0.096875
0 0.7203125 0.74453125 0.04375 0.1421875
0 0.72890625 0.665625 0.0296875 0.0890625
0 0.7 0.6296875 0.0359375 0.0859375
0 0.76015625 0.646875 0.03125 0.0953125
0 0.80390625 0.6203125 0.0625 0.0734375
0 0.80859375 0.66953125 0.046875 0.0390625
0 0.06484375 0.67265625 0.0484375 0.0453125
0 0.02265625 0.6296875 0.0453125 0.0859375
0 0.08515625 0.609375 0.05625 0.08125
0 0.12890625 0.58203125 0.04375 0.1
0 0.21328125 0.61171875 0.0328125 0.0671875
0 0.18359375 0.596875 0.04375 0.046875
0 0.171875 0.56640625 0.0203125 0.040625
0 0.290625 0.63828125 0.0703125 0.0890625
0 0.35625 0.5890625 0.0546875 0.078125
0 0.36875 0.63515625 0.059375 0.0734375
0 0.41328125 0.6734375 0.0515625 0.1046875
0 0.3625 0.69765625 0.0578125 0.0703125
0 0.44921875 0.615625 0.05 0.09375
0 0.4984375 0.61015625 0.0578125 0.090625
0 0.5328125 0.60078125 0.040625 0.059375
0 0.54140625 0.56328125 0.090625 0.040625
0 0.43359375 0.57890625 0.096875 0.0734375
0 0.26953125 0.5890625 0.0578125 0.0703125
0 0.253125 0.53203125 0.0421875 0.046875
0 0.20390625 0.51484375 0.0671875 0.059375
0 0.13359375 0.52890625 0.028125 0.053125
0 0.2 0.575 0.0421875 0.03125
0 0.096875 0.5671875 0.0203125 0.04375
0 0.05859375 0.55703125 0.01875 0.0328125
0 0.021875 0.525 0.021875 0.04375
0 0.03515625 0.5265625 0.040625 0.046875
0 0.065625 0.525 0.03125 0.0578125
0 0.09609375 0.5015625 0.0390625 0.053125
0 0.02734375 0.56796875 0.0375 0.05
0 0.1984375 0.47734375 0.0359375 0.053125
0 0.22265625 0.453125 0.0328125 0.034375
0 0.240625 0.4890625 0.046875 0.046875
0 0.284375 0.4953125 0.0234375 0.05625
0 0.325 0.46171875 0.025 0.04375
0 0.34296875 0.49375 0.059375 0.0734375
0 0.26875 0.46875 0.03125 0.0359375
0 0.1375 0.4796875 0.0421875 0.078125
0 0.1328125 0.440625 0.0390625 0.0328125
0 0.0578125 0.43046875 0.0390625 0.053125
0 0.0125 0.4890625 0.025 0.0421875
0 0.0890625 0.459375 0.034375 0.0609375
0 0.13125 0.41171875 0.0328125 0.028125
0 0.10703125 0.39921875 0.03125 0.05
0 0.07890625 0.40390625 0.0359375 0.040625
0 0.04375 0.3890625 0.0265625 0.0421875
0 0.01953125 0.37734375 0.0390625 0.0578125
0 0.01875 0.45859375 0.0375 0.034375
0 0.46953125 0.40390625 0.0390625 0.0484375
0 0.440625 0.4125 0.021875 0.0484375
0 0.4953125 0.39453125 0.0453125 0.0421875
0 0.5 0.4484375 0.05 0.0421875
0 0.50546875 0.48125 0.04375 0.0578125
0 0.528125 0.509375 0.0609375 0.0703125
0 0.47734375 0.51640625 0.0359375 0.06875
0 0.3859375 0.48671875 0.053125 0.0484375
0 0.38046875 0.5265625 0.04375 0.0421875
0 0.41953125 0.484375 0.046875 0.0484375
0 0.5921875 0.53671875 0.028125 0.0734375
0 0.21328125 0.39296875 0.028125 0.034375
0 0.1734375 0.3828125 0.040625 0.03125
0 0.1390625 0.37578125 0.046875 0.034375
0 0.0828125 0.378125 0.04375 0.034375
0 0.1625 0.43515625 0.0296875 0.028125
0 0.621875 0.4984375 0.0296875 0.0734375
0 0.64765625 0.4921875 0.028125 0.065625
0 0.725 0.51171875 0.025 0.06875
0 0.6703125 0.52734375 0.034375 0.06875
0 0.74453125 0.5734375 0.034375 0.0671875
0 0.73046875 0.60078125 0.021875 0.0578125
0 0.63125 0.61328125 0.05 0.09375
0 0.66171875 0.65859375 0.0390625 0.096875
0 0.7734375 0.54765625 0.040625 0.090625
0 0.7625 0.48671875 0.0265625 0.0484375
0 0.75234375 0.4671875 0.0265625 0.0375
0 0.72109375 0.4515625 0.03125 0.0609375
0 0.684375 0.48984375 0.034375 0.0703125
0 0.79296875 0.4921875 0.034375 0.0734375
0 0.68125 0.40234375 0.0328125 0.05
0 0.85703125 0.5234375 0.0578125 0.0421875
0 0.84765625 0.54609375 0.0734375 0.0515625
0 0.90234375 0.45 0.0453125 0.04375
0 0.88203125 0.4984375 0.05 0.059375
0 0.95859375 0.5015625 0.053125 0.0515625
0 0.98828125 0.621875 0.0234375 0.0625
0 0.959375 0.60390625 0.0375 0.059375
0 0.86328125 0.4 0.053125 0.0390625
0 0.86953125 0.43671875 0.0390625 0.0578125
0 0.8328125 0.44296875 0.025 0.05
0 0.79140625 0.4140625 0.0390625 0.05
0 0.553125 0.5203125 0.025 0.065625
0 0.8171875 0.59921875 0.05 0.065625
0 0.7140625 0.575 0.034375 0.075
0 0.9625 0.546875 0.0359375 0.05625
0 0.9890625 0.54140625 0.021875 0.0828125
0 0.99375 0.484375 0.0125 0.046875
0 0.93984375 0.46171875 0.0234375 0.0296875
0 0.8984375 0.3953125 0.0296875 0.0390625
0 0.9578125 0.38828125 0.0390625 0.0234375
0 0.9484375 0.42109375 0.0390625 0.0421875
0 0.98125 0.42265625 0.0375 0.0453125
0 0.978125 0.46484375 0.04375 0.0390625
0 0.75546875 0.40703125 0.1015625 0.040625
0 0.6609375 0.97109375 0.04375 0.0578125