0 0.728125 0.94609375 0.1140625 0.1078125
0 0.659375 0.9671875 0.075 0.065625
0 0.5890625 0.95859375 0.06875 0.0828125
0 0.62578125 0.8765625 0.0828125 0.0859375
0 0.45390625 0.9421875 0.08125 0.115625
0 0.4984375 0.84765625 0.0671875 0.1484375
0 0.53359375 0.803125 0.0890625 0.1109375
0 0.65234375 0.83046875 0.075 0.1171875
0 0.75703125 0.8671875 0.10625 0.0984375
0 0.76015625 0.81015625 0.1171875 0.05625
0 0.70078125 0.74765625 0.0875 0.103125
0 0.78125 0.778125 0.0765625 0.084375
0 0.78828125 0.734375 0.09375 0.0578125
0 0.90078125 0.8109375 0.06875 0.128125
0 0.37109375 0.95078125 0.046875 0.0984375
0 0.321875 0.9546875 0.0375 0.090625
0 0.271875 0.93671875 0.0640625 0.1265625
0 0.20703125 0.978125 0.028125 0.04375
0 0.33203125 0.884375 0.0515625 0.103125
0 0.1390625 0.93046875 0.046875 0.115625
0 0.06796875 0.9578125 0.0796875 0.084375
0 0.05703125 0.91171875 0.053125 0.13125
0 0.07265625 0.7796875 0.09375 0.171875
0 0.0328125 0.75078125 0.065625 0.109375
0 0.19453125 0.80078125 0.0484375 0.1125
0 0.2296875 0.84375 0.075 0.1578125
0 0.28125 0.8359375 0.0359375 0.115625
0 0.384375 0.8375 0.0953125 0.1046875
0 0.41328125 0.78671875 0.0890625 0.103125
0 0.4453125 0.734375 0.071875 0.10625
0 0.3234375 0.80859375 0.0671875 0.1109375
0 0.2765625 0.72265625 0.05 0.1078125
0 0.24453125 0.74296875 0.0328125 0.096875
0 0.190625 0.72265625 0.034375 0.1125
0 0.22109375 0.72890625 0.0390625 0.0828125
0 0.22421875 0.659375 0.0234375 0.0890625
0 0.16640625 0.67734375 0.05625 0.140625
0 0.14296875 0.63984375 0.0609375 0.078125
0 0.01953125 0.6515625 0.0390625 0.1234375
0 0.55390625 0.7109375 0.09375 0.1078125
0 0.51953125 0.746875 0.0546875 0.1171875
0 0.51640625 0.671875 0.09375 0.0671875
0 0.46875 0.67578125 0.0734375 0.071875
0 0.36015625 0.70546875 0.0734375 0.0546875
0 0.47578125 0.61484375 0.071875 0.0578125
0 0.4375 0.6265625 0.0734375 0.059375
0 0.3625 0.56328125 0.0390625 0.0734375
0 0.33828125 0.63046875 0.0734375 0.0984375
0 0.35859375 0.60625 0.065625 0.059375
0 0.275 0.615625 0.0328125 0.05625
0 0.296875 0.659375 0.05625 0.09375
0 0.24296875 0.62109375 0.0328125 0.1
0 0.59453125 0.58515625 0.0578125 0.1
0 0.64296875 0.59375 0.0421875 0.0578125
0 0.615625 0.54609375 0.078125 0.0671875
0 0.5390625 0.5734375 0.034375 0.075
0 0.47734375 0.57265625 0.046875 0.075
0 0.878125 0.69921875 0.0609375 0.06875
0 0.9359375 0.7359375 0.0453125 0.065625
0 0.7546875 0.6734375 0.0375 0.0890625
0 0.79375 0.653125 0.0390625 0.0671875
0 0.70859375 0.6359375 0.05625 0.0734375
0 0.67265625 0.70390625 0.1234375 0.065625
0 0.64453125 0.66640625 0.0859375 0.0703125
0 0.88515625 0.62890625 0.053125 0.0734375
0 0.9203125 0.6765625 0.0296875 0.0734375
0 0.97734375 0.71875 0.0453125 0.084375
0 0.9859375 0.65703125 0.028125 0.0859375
0 0.83203125 0.5875 0.05 0.1265625
0 0.790625 0.60390625 0.0265625 0.0734375
0 0.75 0.6 0.046875 0.071875
0 0.72421875 0.5765625 0.03125 0.0671875
0 0.7625 0.55703125 0.053125 0.0515625
0 0.98203125 0.55390625 0.03125 0.0671875
0 0.95703125 0.64453125 0.04375 0.0328125
0 0.96484375 0.6734375 0.0359375 0.04375
0 0.90703125 0.5828125 0.06875 0.0421875
0 0.91796875 0.553125 0.034375 0.05625
0 0.88515625 0.52578125 0.0359375 0.0546875
0 0.9125 0.51796875 0.0296875 0.0609375
0 0.95078125 0.49765625 0.0609375 0.0453125
0 0.9796875 0.46953125 0.0375 0.034375
0 0.75 0.50625 0.0453125 0.0671875
0 0.84765625 0.515625 0.0265625 0.0546875
0 0.8109375 0.509375 0.05625 0.040625
0 0.70546875 0.5265625 0.05 0.0875
0 0.675 0.49921875 0.0421875 0.078125
0 0.6890625 0.4703125 0.0453125 0.0734375
0 0.5984375 0.51875 0.053125 0.0390625
0 0.83203125 0.47890625 0.0421875 0.0390625
0 0.90546875 0.47109375 0.040625 0.0453125
0 0.94765625 0.44140625 0.046875 0.05
0 0.984375 0.425 0.0234375 0.0453125
0 0.8234375 0.428125 0.03125 0.034375
0 0.8171875 0.45390625 0.025 0.040625
0 0.79375 0.46171875 0.0421875 0.078125
0 0.8109375 0.4015625 0.0484375 0.0375
0 0.86015625 0.38828125 0.0515625 0.0359375
0 0.86484375 0.4203125 0.0359375 0.034375
0 0.9 0.41015625 0.0390625 0.0375
0 0.8796875 0.453125 0.0609375 0.05625
0 0.9609375 0.38671875 0.03125 0.0546875
0 0.90703125 0.378125 0.0234375 0.0296875
0 0.75078125 0.40234375 0.034375 0.0546875
0 0.74375 0.42265625 0.0390625 0.034375
0 0.73671875 0.45078125 0.0421875 0.0453125
0 0.86171875 0.353125 0.05 0.046875
0 0.81484375 0.38125 0.0375 0.0453125
0 0.93359375 0.37109375 0.0328125 0.065625
0 0.6171875 0.4796875 0.034375 0.0484375
0 0.58203125 0.48046875 0.0421875 0.053125
0 0.475 0.5 0.0328125 0.0859375
0 0.5265625 0.51640625 0.040625 0.0578125
0 0.559375 0.50390625 0.03125 0.053125
0 0.50625 0.49765625 0.0484375 0.0515625
0 0.54765625 0.47109375 0.03125 0.04375
0 0.5 0.4578125 0.0375 0.05
0 0.42578125 0.48515625 0.0546875 0.0765625
0 0.45390625 0.43203125 0.046875 0.0578125
0 0.50625 0.4203125 0.0375 0.0640625
0 0.42578125 0.42109375 0.0359375 0.0421875
0 0.38671875 0.40234375 0.0296875 0.0484375
0 0.3578125 0.46171875 0.0453125 0.059375
0 0.34140625 0.4125 0.03125 0.06875
0 0.3140625 0.415625 0.021875 0.0765625
0 0.34921875 0.3765625 0.03125 0.03125
0 0.20703125 0.46328125 0.0203125 0.0703125
0 0.2609375 0.44765625 0.0234375 0.0609375
0 0.17734375 0.48125 0.0296875 0.0484375
0 0.1609375 0.4296875 0.0328125 0.0359375
0 0.1453125 0.45234375 0.021875 0.0390625
0 0.096875 0.49609375 0.03125 0.0578125
0 0.0890625 0.4421875 0.028125 0.0328125
0 0.07578125 0.465625 0.0453125 0.0296875
0 0.0875 0.41953125 0.0359375 0.04375
0 0.02578125 0.4171875 0.028125 0.053125
0 0.01015625 0.45703125 0.01875 0.053125
0 0.171875 0.40234375 0.0421875 0.025