0 0.078125 0.97421875 0.1015625 0.0515625
0 0.1375 0.91796875 0.05625 0.14375
0 0.22109375 0.96640625 0.05625 0.0671875
0 0.35625 0.96953125 0.084375 0.0609375
0 0.4328125 0.90625 0.128125 0.109375
0 0.47265625 0.8609375 0.0875 0.0984375
0 0.41015625 0.83515625 0.1125 0.096875
0 0.296875 0.8015625 0.0796875 0.15
0 0.29609375 0.7359375 0.0625 0.0609375
0 0.21640625 0.81328125 0.0859375 0.0953125
0 0.14609375 0.81171875 0.059375 0.090625
0 0.0875 0.821875 0.05625 0.096875
0 0.02265625 0.7796875 0.0453125 0.1609375
0 0.11171875 0.74453125 0.065625 0.065625
0 0.17421875 0.72578125 0.05625 0.0859375
0 0.09921875 0.67578125 0.0828125 0.09375
0 0.01171875 0.6203125 0.0234375 0.0890625
0 0.0203125 0.59921875 0.040625 0.09375
0 0.03515625 0.5546875 0.0515625 0.0671875
0 0.24296875 0.61328125 0.096875 0.0921875
0 0.30703125 0.675 0.046875 0.075
0 0.3625 0.75390625 0.0625 0.090625
0 0.44296875 0.73359375 0.0859375 0.090625
0 0.53984375 0.82890625 0.0859375 0.0875
0 0.5640625 0.86171875 0.0890625 0.1078125
0 0.5359375 0.946875 0.0546875 0.10625
0 0.58359375 0.953125 0.0515625 0.09375
0 0.64453125 0.92109375 0.121875 0.1328125
0 0.8109375 0.8859375 0.1140625 0.178125
0 0.840625 0.8421875 0.0578125 0.0734375
0 0.88828125 0.8484375 0.0625 0.103125
0 0.92421875 0.87265625 0.06875 0.0828125
0 0.9546875 0.91171875 0.090625 0.0859375
0 0.9109375 0.953125 0.125 0.09375
0 0.83828125 0.96484375 0.071875 0.0703125
0 0.75234375 0.82890625 0.046875 0.0859375
0 0.70546875 0.8203125 0.0546875 0.0921875
0 0.6296875 0.8125 0.0734375 0.10625
0 0.63203125 0.75234375 0.0859375 0.046875
0 0.51796875 0.7484375 0.075 0.09375
0 0.55078125 0.71640625 0.075 0.0796875
0 0.63125 0.71015625 0.0875 0.10625
0 0.7265625 0.7390625 0.046875 0.0703125
0 0.6953125 0.70546875 0.053125 0.09375
0 0.69296875 0.628125 0.065625 0.08125
0 0.8078125 0.78359375 0.0859375 0.103125
0 0.89765625 0.7828125 0.059375 0.05625
0 0.86640625 0.74765625 0.0703125 0.0734375
0 0.87421875 0.70390625 0.09375 0.08125
0 0.81484375 0.675 0.0671875 0.0546875
0 0.80859375 0.725 0.071875 0.065625
0 0.84453125 0.653125 0.0953125 0.0421875
0 0.89453125 0.6375 0.040625 0.0546875
0 0.953125 0.68203125 0.0640625 0.09375
0 0.98203125 0.62734375 0.0359375 0.090625
0 0.8859375 0.59609375 0.046875 0.0421875
0 0.92109375 0.61953125 0.0359375 0.046875
0 0.9703125 0.553125 0.059375 0.0671875
0 0.896875 0.5359375 0.053125 0.078125
0 0.85390625 0.5046875 0.0625 0.0609375
0 0.8515625 0.55703125 0.0703125 0.046875
0 0.84296875 0.590625 0.05 0.046875
0 0.78515625 0.590625 0.05625 0.0625
0 0.74921875 0.60625 0.0515625 0.0671875
0 0.7484375 0.66484375 0.059375 0.078125
0 0.5375 0.62109375 0.078125 0.10625
0 0.4953125 0.64609375 0.0703125 0.090625
0 0.453125 0.62890625 0.0390625 0.065625
0 0.36484375 0.67265625 0.090625 0.0796875
0 0.334375 0.62578125 0.0546875 0.0703125
0 0.3796875 0.60625 0.046875 0.0609375
0 0.44921875 0.5640625 0.05625 0.0546875
0 0.48984375 0.553125 0.0640625 0.078125
0 0.62109375 0.5203125 0.1109375 0.1078125
0 0.55390625 0.53828125 0.0515625 0.059375
0 0.809375 0.53515625 0.0484375 0.071875
0 0.78359375 0.49296875 0.0484375 0.05
0 0.70859375 0.56328125 0.071875 0.0546875
0 0.7234375 0.521875 0.0359375 0.05
0 0.68984375 0.50625 0.0421875 0.0671875
0 0.7328125 0.47265625 0.0515625 0.071875
0 0.6484375 0.4546875 0.0515625 0.0484375
0 0.60390625 0.44765625 0.0265625 0.040625
0 0.68671875 0.378125 0.03125 0.0671875
0 0.66015625 0.3609375 0.03125 0.05
0 0.80703125 0.39453125 0.05625 0.05625
0 0.8484375 0.378125 0.0375 0.06875
0 0.90859375 0.36953125 0.0390625 0.078125
0 0.94609375 0.38046875 0.0484375 0.0765625
0 0.89296875 0.43515625 0.0421875 0.0421875
0 0.9671875 0.4875 0.0234375 0.053125
0 0.990625 0.48828125 0.01875 0.0640625
0 0.93671875 0.47265625 0.04375 0.065625
0 0.9296875 0.3375 0.0234375 0.0484375
0 0.8484375 0.3296875 0.05 0.04375
0 0.78046875 0.321875 0.053125 0.040625
0 0.7625 0.3609375 0.046875 0.04375
0 0.68515625 0.31875 0.04375 0.0453125
0 0.60703125 0.33671875 0.0375 0.0546875
0 0.4765625 0.49921875 0.059375 0.05625
0 0.425 0.5109375 0.0546875 0.05625
0 0.37421875 0.5484375 0.071875 0.075
0 0.32734375 0.5609375 0.0359375 0.0828125
0 0.2828125 0.52421875 0.078125 0.1
0 0.271875 0.490625 0.0703125 0.05625
0 0.20234375 0.52109375 0.059375 0.0921875
0 0.1546875 0.55078125 0.0625 0.09375
0 0.09609375 0.603125 0.0421875 0.0609375
0 0.0734375 0.528125 0.0625 0.0703125
0 0.021875 0.50390625 0.04375 0.0734375
0 0.09140625 0.4609375 0.053125 0.065625
0 0.11328125 0.4953125 0.04375 0.065625
0 0.1546875 0.48828125 0.04375 0.0515625
0 0.5484375 0.4453125 0.03125 0.08125
0 0.50703125 0.4359375 0.059375 0.0375
0 0.50390625 0.4578125 0.059375 0.0359375
0 0.4515625 0.44375 0.0421875 0.046875
0 0.41875 0.44375 0.046875 0.053125
0 0.36640625 0.43515625 0.046875 0.053125
0 0.3328125 0.4234375 0.0359375 0.0625
0 0.29296875 0.4484375 0.059375 0.0359375
0 0.55078125 0.31484375 0.059375 0.0765625
0 0.52109375 0.346875 0.0328125 0.0390625
0 0.503125 0.33046875 0.04375 0.0515625
0 0.4828125 0.3515625 0.0234375 0.0484375
0 0.5203125 0.3734375 0.04375 0.03125
0 0.5109375 0.3890625 0.05 0.0578125
0 0.47890625 0.39609375 0.0640625 0.0515625
0 0.43125 0.40390625 0.0609375 0.0390625
0 0.390625 0.40078125 0.04375 0.040625
0 0.3625 0.3890625 0.025 0.053125
0 0.31328125 0.38359375 0.0296875 0.0546875
0 0.28046875 0.3875 0.0421875 0.0609375
0 0.24765625 0.4359375 0.0546875 0.0421875
0 0.16875 0.4375 0.0359375 0.04375
0 0.134375 0.43671875 0.0375 0.05
0 0.0375 0.43828125 0.075 0.053125
0 0.08828125 0.41328125 0.05 0.0328125
0 0.08359375 0.3890625 0.0390625 0.040625
0 0.02890625 0.39765625 0.0546875 0.0453125
0 0.2140625 0.39375 0.0421875 0.0515625
0 0.24765625 0.3421875 0.028125 0.0453125
0 0.21015625 0.34765625 0.0359375 0.0515625
0 0.1828125 0.34140625 0.025 0.0609375
0 0.15 0.34453125 0.034375 0.046875
0 0.15859375 0.31875 0.04375 0.0390625
0 0.209375 0.31796875 0.046875 0.03125
0 0.2109375 0.2984375 0.05 0.0375
0 0.1859375 0.2875 0.04375 0.03125
0 0.14609375 0.28671875 0.059375 0.0359375
0 0.08515625 0.27109375 0.0515625 0.053125
0 0.04921875 0.29765625 0.0359375 0.0453125
0 0.021875 0.29609375 0.0328125 0.0328125
0 0.0265625 0.32109375 0.040625 0.028125
0 0.01796875 0.34609375 0.0359375 0.0390625
0 0.0625 0.353125 0.0375 0.0375
0 0.0375 0.3734375 0.03125 0.040625
0 0.09375 0.3375 0.0421875 0.03125
0 0.1328125 0.35703125 0.0671875 0.034375
0 0.1578125 0.39921875 0.0421875 0.046875
0 0.1203125 0.38515625 0.0421875 0.0546875
0 0.12421875 0.32578125 0.028125 0.0484375
0 0.12578125 0.3203125 0.0640625 0.0328125