0 0.32578125 0.8921875 0.19375 0.1546875
0 0.546875 0.94609375 0.109375 0.1078125
0 0.73828125 0.915625 0.125 0.140625
0 0.6484375 0.9375 0.1328125 0.125
0 0.9421875 0.91015625 0.0984375 0.1640625
0 0.8859375 0.9609375 0.1015625 0.078125
0 0.5953125 0.8578125 0.153125 0.1171875
0 0.65 0.78828125 0.128125 0.075
0 0.6734375 0.7171875 0.09375 0.1265625
0 0.48671875 0.7234375 0.053125 0.1765625
0 0.49453125 0.63828125 0.1203125 0.08125
0 0.3625 0.78203125 0.1125 0.090625
0 0.3359375 0.7109375 0.153125 0.065625
0 0.290625 0.80234375 0.06875 0.0984375
0 0.23125 0.81796875 0.05625 0.1015625
0 0.190625 0.80859375 0.04375 0.109375
0 0.1578125 0.81328125 0.040625 0.1453125
0 0.22109375 0.64609375 0.090625 0.1890625
0 0.33125 0.634375 0.10625 0.075
0 0.31953125 0.53515625 0.0765625 0.1390625
0 0.134375 0.75078125 0.065625 0.090625
0 0.18359375 0.7515625 0.0375 0.06875
0 0.0671875 0.790625 0.06875 0.146875
0 0.065625 0.70859375 0.04375 0.0859375
0 0.10703125 0.68515625 0.034375 0.1109375
0 0.1515625 0.6859375 0.034375 0.0828125
0 0.01328125 0.7578125 0.0265625 0.1
0 0.09453125 0.91875 0.075 0.1296875
0 0.04140625 0.65859375 0.0578125 0.1125
0 0.13125 0.6015625 0.084375 0.1109375
0 0.196875 0.5421875 0.0515625 0.0671875
0 0.83671875 0.69140625 0.090625 0.1390625
0 0.934375 0.73515625 0.0875 0.0609375
0 0.946875 0.7921875 0.10625 0.0890625
0 0.97421875 0.665625 0.0515625 0.1421875
0 0.91484375 0.52421875 0.0984375 0.1171875
0 0.86875 0.4890625 0.1015625 0.0921875
0 0.83359375 0.4421875 0.078125 0.13125
0 0.61484375 0.4890625 0.0953125 0.10625
0 0.625 0.51484375 0.0375 0.134375
0 0.63359375 0.5625 0.0453125 0.0484375
0 0.7015625 0.6015625 0.040625 0.0671875
0 0.7390625 0.653125 0.0890625 0.075
0 0.7125 0.56015625 0.025 0.09375
0 0.7421875 0.5484375 0.025 0.1078125
0 0.79921875 0.56875 0.059375 0.096875
0 0.84375 0.57734375 0.0421875 0.096875
0 0.8828125 0.5984375 0.0359375 0.109375
0 0.9703125 0.571875 0.046875 0.140625
0 0.9734375 0.50859375 0.053125 0.1171875
0 0.4046875 0.61875 0.08125 0.0859375
0 0.4859375 0.86875 0.103125 0.115625
0 0.5046875 0.5 0.078125 0.1421875
0 0.51328125 0.42578125 0.03125 0.1015625
0 0.5921875 0.378125 0.071875 0.06875
0 0.34453125 0.4296875 0.0546875 0.075
0 0.2640625 0.3859375 0.071875 0.11875
0 0.1953125 0.4171875 0.0453125 0.109375
0 0.2484375 0.46328125 0.0625 0.125
0 0.0921875 0.4921875 0.0515625 0.153125
0 0.01875 0.553125 0.0375 0.075
0 0.02890625 0.61484375 0.05625 0.05
0 0.14453125 0.48984375 0.0359375 0.1109375
0 0.16328125 0.4078125 0.04375 0.08125
0 0.121875 0.39765625 0.0484375 0.0953125
0 0.053125 0.41015625 0.025 0.0640625
0 0.01953125 0.41640625 0.03125 0.0984375
0 0.040625 0.47734375 0.053125 0.0921875
0 0.02734375 0.36328125 0.0375 0.0734375
0 0.09296875 0.3546875 0.0375 0.046875
0 0.1828125 0.3484375 0.0390625 0.06875
0 0.21875 0.334375 0.053125 0.09375
0 0.61015625 0.3390625 0.05 0.0546875
0 0.4 0.44921875 0.0515625 0.0671875
0 0.4359375 0.3921875 0.1328125 0.084375
0 0.34375 0.37421875 0.10625 0.05625
0 0.76171875 0.48671875 0.05 0.090625
0 0.70703125 0.48984375 0.040625 0.0921875
0 0.88203125 0.38125 0.0296875 0.059375
0 0.77890625 0.36796875 0.0890625 0.0609375
0 0.72421875 0.3578125 0.0234375 0.05
0 0.88125 0.3328125 0.0578125 0.0578125
0 0.97890625 0.40546875 0.0421875 0.0609375
0 0.91796875 0.30390625 0.034375 0.065625
0 0.97421875 0.3078125 0.0265625 0.065625
0 0.58671875 0.73203125 0.0609375 0.1203125
0 0.6203125 0.62578125 0.0875 0.078125
0 0.48515625 0.3203125 0.0578125 0.1
0 0.55546875 0.3375 0.0546875 0.0609375
0 0.59921875 0.29921875 0.0265625 0.0390625
0 0.6625 0.31953125 0.040625 0.1015625
0 0.64765625 0.39921875 0.0359375 0.0796875
0 0.6875 0.43828125 0.0328125 0.084375
0 0.74296875 0.3125 0.0328125 0.0546875
0 0.80625 0.31875 0.0515625 0.0625
0 0.42890625 0.31484375 0.0609375 0.075
0 0.33828125 0.31171875 0.065625 0.059375
0 0.27109375 0.31484375 0.0546875 0.0703125
0 0.13203125 0.30546875 0.0515625 0.096875
0 0.0703125 0.31015625 0.071875 0.075
0 0.021875 0.31171875 0.04375 0.0640625
0 0.4171875 0.5046875 0.1015625 0.165625
0 0.07265625 0.3921875 0.040625 0.0890625
0 0.928125 0.396875 0.0640625 0.0734375
0 0.459375 0.55234375 0.0875 0.075
0 0.43515625 0.5703125 0.0703125 0.0734375
0 0.71015625 0.36015625 0.0375 0.090625
0 0.55859375 0.66796875 0.034375 0.0859375
0 0.903125 0.68984375 0.0921875 0.1078125