0 0.07734375 0.92890625 0.071875 0.1421875
0 0.06171875 0.79765625 0.0578125 0.1109375
0 0.02421875 0.75078125 0.0484375 0.0765625
0 0.01171875 0.82734375 0.0234375 0.1328125
0 0.0515625 0.65625 0.090625 0.1171875
0 0.02890625 0.584375 0.0578125 0.0625
0 0.16953125 0.62578125 0.0671875 0.1484375
0 0.20234375 0.68359375 0.071875 0.1171875
0 0.1859375 0.771875 0.0625 0.1390625
0 0.2484375 0.71328125 0.0421875 0.125
0 0.21640625 0.9140625 0.115625 0.096875
0 0.1734375 0.93984375 0.065625 0.1203125
0 0.2703125 0.9640625 0.103125 0.071875
0 0.3078125 0.98046875 0.0546875 0.0390625
0 0.4453125 0.97890625 0.05625 0.0421875
0 0.4390625 0.9640625 0.08125 0.071875
0 0.509375 0.959375 0.115625 0.08125
0 0.64609375 0.975 0.11875 0.05
0 0.825 0.89296875 0.0609375 0.11875
0 0.86484375 0.90078125 0.06875 0.11875
0 0.88125 0.95625 0.071875 0.0875
0 0.9296875 0.94453125 0.0640625 0.1109375
0 0.9203125 0.8890625 0.0609375 0.075
0 0.97890625 0.9515625 0.0421875 0.096875
0 0.97578125 0.88671875 0.0484375 0.1046875
0 0.96640625 0.8171875 0.0671875 0.0875
0 0.90234375 0.7796875 0.1265625 0.115625
0 0.821875 0.75234375 0.0828125 0.115625
0 0.921875 0.71328125 0.096875 0.06875
0 0.9265625 0.65859375 0.0765625 0.0640625
0 0.90078125 0.58125 0.059375 0.075
0 0.97578125 0.6296875 0.0484375 0.0703125
0 0.934375 0.565625 0.0484375 0.0703125
0 0.93125 0.528125 0.1 0.0625
0 0.98125 0.5171875 0.0375 0.071875
0 0.85859375 0.52421875 0.06875 0.0859375
0 0.7890625 0.528125 0.0625 0.1109375
0 0.7375 0.56484375 0.0703125 0.096875
0 0.8296875 0.615625 0.0640625 0.071875
0 0.82109375 0.6671875 0.0890625 0.078125
0 0.77578125 0.63046875 0.0515625 0.053125
0 0.72578125 0.64296875 0.0515625 0.0953125
0 0.73828125 0.67578125 0.0359375 0.0734375
0 0.7484375 0.74140625 0.0515625 0.096875
0 0.7359375 0.840625 0.0609375 0.125
0 0.7046875 0.85234375 0.0671875 0.1125
0 0.66328125 0.87734375 0.103125 0.1421875
0 0.578125 0.8671875 0.096875 0.15
0 0.51796875 0.85 0.075 0.128125
0 0.446875 0.9140625 0.059375 0.096875
0 0.309375 0.83828125 0.0953125 0.1125
0 0.38359375 0.8015625 0.0890625 0.103125
0 0.46171875 0.85859375 0.065625 0.0734375
0 0.46015625 0.79296875 0.059375 0.08125
0 0.46953125 0.72734375 0.09375 0.0734375
0 0.45546875 0.69296875 0.0421875 0.0671875
0 0.4953125 0.69921875 0.084375 0.065625
0 0.496875 0.66015625 0.0828125 0.065625
0 0.5390625 0.77109375 0.0546875 0.084375
0 0.60390625 0.79375 0.075 0.0953125
0 0.64375 0.8 0.0671875 0.075
0 0.684375 0.7703125 0.06875 0.0671875
0 0.5859375 0.74296875 0.0765625 0.09375
0 0.61796875 0.71015625 0.06875 0.0859375
0 0.65390625 0.6 0.0828125 0.0734375
0 0.5828125 0.65703125 0.0828125 0.078125
0 0.59296875 0.56953125 0.0640625 0.078125
0 0.35625 0.74453125 0.0703125 0.103125
0 0.409375 0.71171875 0.0546875 0.0859375
0 0.3921875 0.67578125 0.0578125 0.09375
0 0.33203125 0.709375 0.075 0.1203125
0 0.33359375 0.65 0.059375 0.0859375
0 0.40234375 0.6234375 0.1015625 0.071875
0 0.409375 0.5734375 0.0921875 0.0671875
0 0.3421875 0.58125 0.0546875 0.1015625
0 0.31640625 0.55 0.0640625 0.115625
0 0.35234375 0.5203125 0.0546875 0.059375
0 0.41640625 0.509375 0.05 0.06875
0 0.39453125 0.475 0.0921875 0.06875
0 0.4859375 0.48515625 0.1421875 0.0734375
0 0.2359375 0.57578125 0.0703125 0.11875
0 0.2359375 0.5 0.0828125 0.090625
0 0.12890625 0.4953125 0.0859375 0.1125
0 0.04609375 0.48828125 0.06875 0.0875
0 0.01171875 0.4984375 0.0234375 0.084375
0 0.65703125 0.54765625 0.09375 0.0828125
0 0.61171875 0.47421875 0.0921875 0.0671875
0 0.6484375 0.4453125 0.0671875 0.053125
0 0.67109375 0.40234375 0.078125 0.053125
0 0.63671875 0.37734375 0.0609375 0.071875
0 0.7375 0.47734375 0.0671875 0.078125
0 0.78671875 0.42265625 0.05 0.0671875
0 0.8234375 0.428125 0.028125 0.0609375
0 0.8421875 0.43203125 0.0390625 0.0609375
0 0.87109375 0.42109375 0.0484375 0.0796875
0 0.8921875 0.434375 0.040625 0.0640625
0 0.93125 0.421875 0.0375 0.06875
0 0.975 0.43125 0.05 0.05625
0 0.97890625 0.371875 0.0421875 0.065625
0 0.93203125 0.35703125 0.0453125 0.0515625
0 0.8890625 0.38125 0.05 0.0515625
0 0.84921875 0.3703125 0.05625 0.053125
0 0.84921875 0.33046875 0.05625 0.0484375
0 0.89453125 0.334375 0.0484375 0.0484375
0 0.95390625 0.3328125 0.0578125 0.0453125
0 0.9328125 0.3015625 0.053125 0.046875
0 0.86875 0.28828125 0.0703125 0.059375
0 0.80078125 0.2734375 0.0484375 0.0703125
0 0.79296875 0.34765625 0.0421875 0.059375
0 0.73515625 0.39765625 0.0359375 0.05
0 0.74296875 0.3515625 0.0328125 0.0484375
0 0.7515625 0.31875 0.071875 0.0609375
0 0.7515625 0.28515625 0.028125 0.05
0 0.70078125 0.284375 0.0484375 0.046875
0 0.7078125 0.3328125 0.0375 0.065625
0 0.67109375 0.35703125 0.0328125 0.0359375
0 0.590625 0.2796875 0.046875 0.0796875
0 0.56953125 0.33359375 0.0546875 0.0703125
0 0.6140625 0.3453125 0.0359375 0.0390625
0 0.5546875 0.3703125 0.0375 0.053125
0 0.51484375 0.35546875 0.046875 0.0515625
0 0.54296875 0.2796875 0.03125 0.0640625
0 0.5078125 0.2828125 0.0453125 0.05625
0 0.4515625 0.4078125 0.046875 0.0453125
0 0.4296875 0.3671875 0.046875 0.0671875
0 0.4546875 0.32890625 0.03125 0.09375
0 0.43671875 0.29296875 0.040625 0.078125
0 0.3984375 0.28828125 0.034375 0.0828125
0 0.3984375 0.32734375 0.046875 0.059375
0 0.3625 0.31484375 0.046875 0.0734375
0 0.36484375 0.37109375 0.06875 0.0640625
0 0.328125 0.39296875 0.0640625 0.071875
0 0.27890625 0.428125 0.078125 0.0453125
0 0.290625 0.371875 0.040625 0.078125
0 0.25546875 0.3671875 0.0375 0.0796875
0 0.23203125 0.39921875 0.0484375 0.0859375
0 0.19609375 0.37734375 0.028125 0.075
0 0.165625 0.421875 0.0484375 0.05
0 0.15859375 0.3640625 0.0484375 0.078125
0 0.12734375 0.37109375 0.040625 0.0828125
0 0.0890625 0.37734375 0.046875 0.071875
0 0.0265625 0.384375 0.053125 0.05625
0 0.02578125 0.4265625 0.0515625 0.0515625
0 0.103125 0.28125 0.0484375 0.0578125
0 0.05859375 0.29921875 0.0421875 0.0484375
0 0.02109375 0.30390625 0.0421875 0.08125