0 0.546875 0.92421875 0.075 0.1515625
0 0.64609375 0.9609375 0.1265625 0.078125
0 0.67265625 0.92890625 0.0546875 0.0734375
0 0.63984375 0.87109375 0.0671875 0.13125
0 0.72734375 0.93359375 0.0484375 0.1328125
0 0.76328125 0.91328125 0.078125 0.153125
0 0.82109375 0.9375 0.071875 0.1125
0 0.8640625 0.95703125 0.0390625 0.06875
0 0.896875 0.97890625 0.0515625 0.0421875
0 0.91328125 0.90390625 0.0734375 0.11875
0 0.8875 0.85703125 0.0859375 0.05625
0 0.93984375 0.775 0.0515625 0.0578125
0 0.93203125 0.83515625 0.0546875 0.0828125
0 0.97578125 0.84609375 0.0484375 0.125
0 0.76953125 0.8234375 0.06875 0.1046875
0 0.75234375 0.8015625 0.09375 0.0875
0 0.84765625 0.77890625 0.0390625 0.065625
0 0.81484375 0.7921875 0.0703125 0.134375
0 0.89765625 0.7546875 0.103125 0.1265625
0 0.79921875 0.72265625 0.090625 0.075
0 0.803125 0.67734375 0.046875 0.0578125
0 0.70859375 0.71640625 0.09375 0.1109375
0 0.70234375 0.6671875 0.0671875 0.0703125
0 0.97421875 0.753125 0.0515625 0.0625
0 0.9390625 0.68203125 0.08125 0.075
0 0.653125 0.61640625 0.0359375 0.071875
0 0.74921875 0.5953125 0.0265625 0.071875
0 0.76171875 0.62890625 0.04375 0.0578125
0 0.7828125 0.5703125 0.0484375 0.0640625
0 0.72265625 0.5640625 0.04375 0.0515625
0 0.559375 0.7171875 0.065625 0.1265625
0 0.37890625 0.81171875 0.0890625 0.11875
0 0.35390625 0.709375 0.04375 0.1203125
0 0.3265625 0.9546875 0.0984375 0.090625
0 0.45546875 0.96953125 0.1 0.0609375
0 0.98828125 0.6328125 0.0234375 0.14375
0 0.93828125 0.62734375 0.078125 0.0703125
0 0.653125 0.4921875 0.046875 0.065625
0 0.71953125 0.478125 0.0328125 0.065625
0 0.78515625 0.50703125 0.0546875 0.0546875
0 0.81328125 0.46796875 0.04375 0.06875
0 0.8984375 0.4515625 0.0453125 0.0765625
0 0.75234375 0.38046875 0.0625 0.0421875
0 0.65859375 0.40625 0.0328125 0.0515625
0 0.61328125 0.45390625 0.0234375 0.0578125
0 0.56875 0.5953125 0.0359375 0.0796875
0 0.89296875 0.53515625 0.034375 0.065625
0 0.85 0.51484375 0.04375 0.0640625
0 0.84609375 0.61171875 0.0984375 0.065625
0 0.8578125 0.65859375 0.0515625 0.05625
0 0.79921875 0.65546875 0.0796875 0.065625
0 0.953125 0.5453125 0.0421875 0.0640625
0 0.96328125 0.4484375 0.05 0.0515625
0 0.8328125 0.43125 0.0578125 0.0453125
0 0.8875 0.4125 0.046875 0.040625
0 0.63515625 0.40625 0.025 0.0515625
0 0.7125 0.39609375 0.0328125 0.04375
0 0.74453125 0.41328125 0.0234375 0.0375
0 0.74453125 0.45625 0.0359375 0.0578125
0 0.78359375 0.453125 0.0296875 0.0671875
0 0.70234375 0.44296875 0.046875 0.040625
0 0.84921875 0.384375 0.0578125 0.0359375
0 0.64921875 0.36953125 0.03125 0.04375
0 0.1515625 0.93984375 0.125 0.1203125
0 0.178125 0.79453125 0.121875 0.121875
0 0.234375 0.7109375 0.075 0.05625
0 0.31875 0.6578125 0.06875 0.1015625
0 0.121875 0.7515625 0.059375 0.0640625
0 0.1375 0.77109375 0.0921875 0.0859375
0 0.19375 0.65625 0.071875 0.1
0 0.09765625 0.6890625 0.046875 0.0703125
0 0.03984375 0.728125 0.0390625 0.0953125
0 0.1296875 0.64375 0.0453125 0.1
0 0.0734375 0.6203125 0.065625 0.090625
0 0.01328125 0.64296875 0.0265625 0.1
0 0.16484375 0.54609375 0.0375 0.0875
0 0.13203125 0.57734375 0.05 0.090625
0 0.2390625 0.61796875 0.05 0.0859375
0 0.28203125 0.596875 0.046875 0.0828125
0 0.34921875 0.60234375 0.03125 0.0703125
0 0.38359375 0.58671875 0.040625 0.103125
0 0.421875 0.6078125 0.0328125 0.078125
0 0.44765625 0.615625 0.0359375 0.10625
0 0.309375 0.559375 0.03125 0.08125
0 0.28125 0.553125 0.021875 0.0671875
0 0.2625 0.55390625 0.0203125 0.0765625
0 0.23515625 0.5453125 0.0296875 0.053125
0 0.2078125 0.540625 0.021875 0.071875
0 0.0828125 0.5546875 0.0578125 0.0609375
0 0.02734375 0.55703125 0.028125 0.0625
0 0.11484375 0.5203125 0.0421875 0.0859375
0 0.21171875 0.48828125 0.0609375 0.053125
0 0.05390625 0.503125 0.03125 0.046875
0 0.025 0.49453125 0.046875 0.0671875
0 0.33828125 0.54296875 0.053125 0.0578125
0 0.40546875 0.54140625 0.0515625 0.05625
0 0.45078125 0.54296875 0.0265625 0.04375
0 0.35625 0.45234375 0.0265625 0.05625
0 0.37421875 0.44375 0.025 0.059375
0 0.36171875 0.50234375 0.0640625 0.0515625
0 0.61796875 0.39375 0.0234375 0.0640625
0 0.14140625 0.49296875 0.0609375 0.0734375
0 0.1515625 0.44296875 0.0296875 0.0546875
0 0.2359375 0.44921875 0.0296875 0.053125
0 0.265625 0.50546875 0.0484375 0.0453125
0 0.2765625 0.4578125 0.05 0.0625
0 0.196875 0.45234375 0.0390625 0.06875
0 0.08984375 0.396875 0.0265625 0.04375
0 0.10390625 0.3390625 0.0453125 0.059375
0 0.19921875 0.37578125 0.0625 0.0359375
0 0.190625 0.39296875 0.0390625 0.0640625
0 0.2125 0.33828125 0.0609375 0.05
0 0.43046875 0.47421875 0.0296875 0.0859375
0 0.0171875 0.415625 0.034375 0.0671875
0 0.05859375 0.371875 0.03125 0.05
0 0.153125 0.36953125 0.0328125 0.065625
0 0.12109375 0.396875 0.025 0.059375
0 0.0234375 0.3546875 0.0296875 0.04375
0 0.0078125 0.3734375 0.015625 0.04375
0 0.18828125 0.58203125 0.0375 0.046875