0 0.34921875 0.94296875 0.0671875 0.1140625
0 0.4078125 0.96875 0.0390625 0.0625
0 0.5359375 0.9734375 0.11875 0.053125
0 0.63828125 0.91953125 0.125 0.1234375
0 0.8 0.93671875 0.2171875 0.1265625
0 0.8234375 0.85234375 0.0734375 0.1
0 0.75859375 0.86875 0.05625 0.0953125
0 0.96875 0.95078125 0.0625 0.0984375
0 0.55078125 0.7640625 0.1046875 0.146875
0 0.41953125 0.72578125 0.1 0.1296875
0 0.4125 0.86328125 0.146875 0.1796875
0 0.2421875 0.79375 0.121875 0.1109375
0 0.25625 0.86484375 0.1484375 0.1328125
0 0.23671875 0.96640625 0.1109375 0.0671875
0 0.10078125 0.96328125 0.1578125 0.0734375
0 0.01328125 0.878125 0.0265625 0.146875
0 0.03984375 0.7640625 0.0796875 0.153125
0 0.11171875 0.7140625 0.0921875 0.1953125
0 0.3 0.7359375 0.159375 0.090625
0 0.53125 0.89296875 0.0578125 0.1078125
0 0.125 0.8609375 0.1078125 0.115625
0 0.24453125 0.66015625 0.13125 0.0796875
0 0.36171875 0.62421875 0.071875 0.14375
0 0.57734375 0.64765625 0.10625 0.10625
0 0.44921875 0.62109375 0.0828125 0.1390625
0 0.6078125 0.5546875 0.06875 0.115625
0 0.71484375 0.65546875 0.0984375 0.1046875
0 0.93046875 0.70859375 0.075 0.071875
0 0.90625 0.64609375 0.0796875 0.084375
0 0.95625 0.58515625 0.0875 0.1328125
0 0.89921875 0.59140625 0.08125 0.109375
0 0.81953125 0.5984375 0.075 0.134375
0 0.80390625 0.52578125 0.071875 0.090625
0 0.8671875 0.49140625 0.0671875 0.0859375
0 0.91875 0.4515625 0.0625 0.084375
0 0.84296875 0.43203125 0.0859375 0.0890625
0 0.75625 0.4859375 0.0765625 0.06875
0 0.70625 0.509375 0.05 0.1234375
0 0.45546875 0.496875 0.1109375 0.121875
0 0.3140625 0.559375 0.109375 0.0734375
0 0.1671875 0.5921875 0.15 0.0828125
0 0.03203125 0.5609375 0.0625 0.1375
0 0.53671875 0.51484375 0.05 0.0921875
0 0.1671875 0.53203125 0.10625 0.1
0 0.296875 0.43984375 0.08125 0.0765625
0 0.44375 0.3796875 0.053125 0.06875
0 0.4015625 0.41015625 0.0734375 0.0765625
0 0.70078125 0.440625 0.0953125 0.0640625
0 0.6421875 0.3640625 0.090625 0.071875
0 0.4859375 0.33671875 0.065625 0.0671875
0 0.159375 0.3828125 0.0578125 0.0515625
0 0.21875 0.3859375 0.034375 0.05
0 0.26015625 0.390625 0.040625 0.065625
0 0.46796875 0.4125 0.0609375 0.075
0 0.39375 0.4640625 0.0546875 0.084375
0 0.16484375 0.475 0.06875 0.103125
0 0.13359375 0.44609375 0.084375 0.1171875
0 0.0765625 0.41171875 0.04375 0.1171875
0 0.0578125 0.35078125 0.0625 0.0859375
0 0.15078125 0.33671875 0.0390625 0.0625
0 0.1859375 0.328125 0.0296875 0.0671875
0 0.24921875 0.33046875 0.0515625 0.0765625
0 0.3015625 0.32421875 0.0859375 0.06875
0 0.41015625 0.33046875 0.03125 0.075
0 0.78203125 0.321875 0.034375 0.071875
0 0.83828125 0.32265625 0.040625 0.0921875
0 0.8921875 0.3171875 0.0421875 0.090625
0 0.90625 0.365625 0.075 0.10625
0 0.9734375 0.3828125 0.053125 0.0890625
0 0.22421875 0.46015625 0.0265625 0.0890625
0 0.625 0.821875 0.06875 0.1140625
0 0.9765625 0.86328125 0.046875 0.1328125
0 0.6234375 0.465625 0.0765625 0.121875
0 0.52109375 0.31875 0.0359375 0.0875
0 0.66484375 0.30703125 0.059375 0.0703125