0 0.04921875 0.94609375 0.0859375 0.1078125
0 0.2265625 0.97421875 0.0734375 0.0515625
0 0.3125 0.95546875 0.078125 0.0890625
0 0.365625 0.96875 0.06875 0.0625
0 0.50625 0.94765625 0.0875 0.078125
0 0.571875 0.95546875 0.1046875 0.0890625
0 0.55 0.84921875 0.0859375 0.0984375
0 0.66328125 0.90859375 0.1046875 0.1296875
0 0.775 0.94453125 0.0515625 0.1078125
0 0.8015625 0.86796875 0.1046875 0.1
0 0.7625 0.8203125 0.08125 0.075
0 0.70390625 0.821875 0.0453125 0.0671875
0 0.71328125 0.7703125 0.0875 0.0734375
0 0.609375 0.846875 0.0375 0.1140625
0 0.53203125 0.7703125 0.0734375 0.0609375
0 0.64609375 0.784375 0.0640625 0.115625
0 0.49609375 0.8796875 0.0796875 0.0640625
0 0.43828125 0.775 0.0828125 0.0953125
0 0.37578125 0.80546875 0.078125 0.090625
0 0.28515625 0.79609375 0.0734375 0.090625
0 0.30078125 0.84140625 0.1046875 0.059375
0 0.29453125 0.89375 0.103125 0.05625
0 0.215625 0.7859375 0.071875 0.109375
0 0.2421875 0.71328125 0.1015625 0.10625
0 0.24140625 0.6359375 0.0484375 0.1046875
0 0.21015625 0.65234375 0.0578125 0.0953125
0 0.13359375 0.68828125 0.0640625 0.0890625
0 0.0890625 0.69375 0.0625 0.0671875
0 0.3453125 0.6859375 0.0375 0.090625
0 0.38984375 0.67734375 0.071875 0.1140625
0 0.46328125 0.665625 0.059375 0.1265625
0 0.3734375 0.59375 0.05625 0.0890625
0 0.32265625 0.61328125 0.0515625 0.1046875
0 0.2828125 0.5921875 0.053125 0.08125
0 0.45078125 0.58359375 0.0390625 0.0671875
0 0.4875 0.60703125 0.0421875 0.05625
0 0.51015625 0.6421875 0.0671875 0.0765625
0 0.5109375 0.73515625 0.071875 0.0859375
0 0.584375 0.69609375 0.0390625 0.08125
0 0.88125 0.9578125 0.1421875 0.084375
0 0.9546875 0.89140625 0.06875 0.0984375
0 0.8609375 0.89765625 0.1203125 0.08125
0 0.8703125 0.828125 0.075 0.0625
0 0.9796875 0.959375 0.040625 0.075
0 0.9609375 0.82421875 0.078125 0.1046875
0 0.80859375 0.7890625 0.0875 0.084375
0 0.81171875 0.734375 0.059375 0.059375
0 0.72734375 0.7078125 0.0984375 0.08125
0 0.76875 0.6828125 0.1359375 0.06875
0 0.80234375 0.625 0.0515625 0.10625
0 0.74296875 0.609375 0.0828125 0.0890625
0 0.93671875 0.68828125 0.071875 0.1140625
0 0.90078125 0.6375 0.0609375 0.1359375
0 0.96875 0.753125 0.0625 0.06875
0 0.62109375 0.640625 0.0671875 0.1
0 0.61875 0.56640625 0.0671875 0.0609375
0 0.55625 0.47734375 0.046875 0.09375
0 0.7 0.5359375 0.0578125 0.0546875
0 0.66640625 0.53046875 0.0390625 0.059375
0 0.5984375 0.52109375 0.0625 0.0453125
0 0.42265625 0.54375 0.040625 0.0875
0 0.49296875 0.53125 0.0859375 0.065625
0 0.3640625 0.496875 0.078125 0.09375
0 0.43359375 0.4609375 0.04375 0.084375
0 0.47734375 0.46640625 0.053125 0.0859375
0 0.50703125 0.47890625 0.046875 0.0671875
0 0.58984375 0.44140625 0.03125 0.0796875
0 0.728125 0.475 0.065625 0.0828125
0 0.81015625 0.53125 0.06875 0.084375
0 0.86328125 0.49375 0.0546875 0.0875
0 0.91015625 0.5453125 0.0515625 0.05
0 0.95234375 0.61015625 0.0703125 0.0578125
0 0.9734375 0.578125 0.053125 0.078125
0 0.96015625 0.509375 0.0734375 0.040625
0 0.471875 0.8375 0.078125 0.05625
0 0.078125 0.6140625 0.09375 0.1046875
0 0.075 0.55390625 0.0625 0.0796875
0 0.0203125 0.5765625 0.040625 0.090625
0 0.1703125 0.5046875 0.046875 0.0859375
0 0.23515625 0.5015625 0.065625 0.06875
0 0.215625 0.44140625 0.071875 0.0703125
0 0.1625 0.43828125 0.0515625 0.078125
0 0.06640625 0.471875 0.0734375 0.0875
0 0.11484375 0.4671875 0.059375 0.0578125
0 0.3109375 0.425 0.0234375 0.0453125
0 0.26796875 0.38515625 0.0828125 0.0625
0 0.3109375 0.35625 0.0265625 0.0859375
0 0.33359375 0.3546875 0.021875 0.0859375
0 0.35859375 0.35390625 0.0484375 0.078125
0 0.40546875 0.35703125 0.04375 0.090625
0 0.44296875 0.35 0.046875 0.0796875
0 0.4421875 0.29375 0.0421875 0.0734375
0 0.48203125 0.28359375 0.0453125 0.08125
0 0.5453125 0.2984375 0.059375 0.0703125
0 0.5140625 0.375 0.0515625 0.065625
0 0.2140625 0.33984375 0.040625 0.05625
0 0.2640625 0.33515625 0.06875 0.053125
0 0.08671875 0.3859375 0.0375 0.0375
0 0.05625 0.38046875 0.034375 0.0703125
0 0.121875 0.3875 0.0296875 0.05
0 0.11640625 0.3296875 0.05 0.0453125
0 0.14375 0.28359375 0.021875 0.0328125
0 0.16875 0.32421875 0.0375 0.0734375
0 0.18984375 0.284375 0.0296875 0.03125
0 0.21875 0.29296875 0.0375 0.0375
0 0.171875 0.25234375 0.0546875 0.0421875
0 0.05703125 0.2859375 0.0265625 0.053125
0 0.03046875 0.31171875 0.028125 0.0609375
0 0.0125 0.36171875 0.025 0.059375
0 0.02578125 0.37421875 0.025 0.0609375
0 0.02734375 0.43671875 0.0515625 0.053125
0 0.09453125 0.26875 0.021875 0.06875
0 0.59453125 0.26953125 0.0265625 0.05625
0 0.62890625 0.278125 0.0265625 0.06875
0 0.68515625 0.2828125 0.0421875 0.053125
0 0.6875 0.33359375 0.0671875 0.06875
0 0.70703125 0.35546875 0.0359375 0.0640625
0 0.68203125 0.40703125 0.05 0.071875
0 0.771875 0.41328125 0.05 0.0703125
0 0.76640625 0.3578125 0.0421875 0.0546875
0 0.790625 0.31015625 0.028125 0.05625
0 0.8765625 0.34140625 0.046875 0.046875
0 0.92578125 0.43359375 0.0296875 0.05
0 0.98125 0.44140625 0.0375 0.0671875
0 0.9515625 0.33984375 0.053125 0.05625
0 0.9328125 0.38515625 0.0546875 0.034375
0 0.9734375 0.378125 0.0515625 0.04375
0 0.98203125 0.31875 0.0359375 0.0859375
0 0.86875 0.27265625 0.0515625 0.0390625
0 0.8328125 0.32265625 0.034375 0.0625
0 0.115625 0.24609375 0.0203125 0.0625
0 0.5984375 0.34765625 0.0515625 0.0515625
0 0.546875 0.3765625 0.0453125 0.0671875
0 0.6359375 0.4484375 0.0359375 0.10625