0 0.5796875 0.9265625 0.0484375 0.14375
0 0.515625 0.928125 0.0671875 0.14375
0 0.64609375 0.86953125 0.1046875 0.1515625
0 0.871875 0.87109375 0.0703125 0.10625
0 0.80625 0.89765625 0.0859375 0.0703125
0 0.771875 0.9375 0.10625 0.059375
0 0.90390625 0.93125 0.090625 0.1375
0 0.25625 0.9390625 0.08125 0.121875
0 0.1921875 0.8875 0.090625 0.1796875
0 0.35546875 0.8453125 0.1828125 0.203125
0 0.42734375 0.88984375 0.1109375 0.125
0 0.50390625 0.721875 0.078125 0.1734375
0 0.375 0.70390625 0.1359375 0.1390625
0 0.16484375 0.71328125 0.0671875 0.1859375
0 0.06953125 0.8015625 0.0890625 0.1
0 0.0640625 0.9 0.1203125 0.1046875
0 0.06015625 0.725 0.1203125 0.0890625
0 0.859375 0.69296875 0.08125 0.0859375
0 0.91953125 0.69140625 0.06875 0.125
0 0.81640625 0.778125 0.09375 0.1015625
0 0.70625 0.69375 0.128125 0.146875
0 0.81484375 0.6359375 0.084375 0.08125
0 0.821875 0.53203125 0.0421875 0.0859375
0 0.859375 0.53828125 0.046875 0.0859375
0 0.85078125 0.5875 0.096875 0.05625
0 0.221875 0.5984375 0.0796875 0.090625
0 0.23671875 0.68671875 0.09375 0.09375
0 0.23671875 0.7453125 0.103125 0.10625
0 0.0484375 0.63125 0.0921875 0.09375
0 0.103125 0.6765625 0.071875 0.0796875
0 0.2953125 0.4578125 0.1046875 0.1171875
0 0.2828125 0.56484375 0.0921875 0.090625
0 0.09296875 0.4890625 0.0796875 0.1015625
0 0.015625 0.42890625 0.03125 0.1328125
0 0.08046875 0.38125 0.1109375 0.0953125
0 0.18359375 0.43671875 0.0765625 0.090625
0 0.05859375 0.57109375 0.0421875 0.0734375
0 0.01328125 0.540625 0.0265625 0.128125
0 0.51953125 0.39765625 0.0859375 0.121875
0 0.6109375 0.428125 0.09375 0.0703125
0 0.7515625 0.4734375 0.08125 0.13125
0 0.72421875 0.5109375 0.0484375 0.0828125
0 0.678125 0.49609375 0.0515625 0.084375
0 0.675 0.559375 0.0703125 0.10625
0 0.740625 0.59609375 0.05 0.10625
0 0.63359375 0.7046875 0.04375 0.0875
0 0.54921875 0.584375 0.09375 0.121875
0 0.521875 0.51796875 0.0515625 0.0484375
0 0.56875 0.52265625 0.046875 0.09375
0 0.62265625 0.56953125 0.0484375 0.140625
0 0.4078125 0.58828125 0.0625 0.0984375
0 0.3953125 0.5109375 0.05 0.0421875
0 0.434375 0.5140625 0.0296875 0.0859375
0 0.4671875 0.540625 0.05 0.1234375
0 0.35703125 0.5125 0.0625 0.0875
0 0.7125 0.83671875 0.05 0.1125
0 0.64375 0.7890625 0.1421875 0.0640625
0 0.5625 0.82265625 0.0375 0.08125
0 0.57265625 0.715625 0.065625 0.1328125
0 0.16171875 0.58203125 0.0734375 0.09375
0 0.18046875 0.52265625 0.0921875 0.075
0 0.46640625 0.46484375 0.05625 0.0765625
0 0.41171875 0.45859375 0.05625 0.0890625
0 0.8203125 0.471875 0.046875 0.10625
0 0.8671875 0.49765625 0.05625 0.1078125
0 0.890625 0.43359375 0.0421875 0.0703125
0 0.91015625 0.47421875 0.0578125 0.059375
0 0.98046875 0.47734375 0.0390625 0.1265625
0 0.25 0.34765625 0.04375 0.05625
0 0.3109375 0.38984375 0.09375 0.1
0 0.3765625 0.35546875 0.0515625 0.0609375
0 0.421875 0.3796875 0.0390625 0.1
0 0.40703125 0.32578125 0.0421875 0.084375
0 0.55546875 0.3234375 0.0828125 0.0453125
0 0.45546875 0.38984375 0.0640625 0.084375
0 0.46328125 0.453125 0.0421875 0.0828125
0 0.13828125 0.3703125 0.0890625 0.053125
0 0.2140625 0.33828125 0.05 0.059375
0 0.1609375 0.33828125 0.025 0.046875
0 0.09609375 0.3109375 0.0625 0.0640625
0 0.80703125 0.315625 0.0578125 0.0828125
0 0.85390625 0.32265625 0.0546875 0.0921875
0 0.5671875 0.2796875 0.0765625 0.059375
0 0.63046875 0.3453125 0.0734375 0.0484375
0 0.6984375 0.359375 0.0484375 0.090625
0 0.7296875 0.3921875 0.04375 0.0703125
0 0.78359375 0.371875 0.0359375 0.071875
0 0.8484375 0.42109375 0.0484375 0.084375
0 0.9375 0.4109375 0.046875 0.0921875
0 0.97734375 0.42578125 0.0453125 0.096875
0 0.88671875 0.375 0.0515625 0.09375
0 0.72734375 0.27734375 0.0546875 0.065625
0 0.76328125 0.2796875 0.078125 0.0796875
0 0.64140625 0.26953125 0.08125 0.0890625
0 0.67578125 0.28359375 0.0625 0.06875
0 0.346875 0.2703125 0.034375 0.0859375
0 0.2703125 0.28046875 0.059375 0.0703125
0 0.2859375 0.315625 0.046875 0.046875
0 0.45859375 0.2984375 0.046875 0.0859375
0 0.146875 0.3 0.065625 0.0609375
0 0.22109375 0.28671875 0.0734375 0.0640625
0 0.38125 0.42265625 0.0453125 0.0703125
0 0.3609375 0.64453125 0.109375 0.0703125