0 0.0484375 0.9859375 0.084375 0.028125
0 0.0875 0.93984375 0.0546875 0.1109375
0 0.07578125 0.83828125 0.0546875 0.0890625
0 0.071875 0.73203125 0.065625 0.121875
0 0.0171875 0.6453125 0.034375 0.1375
0 0.54296875 0.4875 0.1140625 0.1234375
0 0.16328125 0.94375 0.06875 0.1125
0 0.2140625 0.94921875 0.0546875 0.0921875
0 0.17578125 0.834375 0.084375 0.096875
0 0.1484375 0.76953125 0.084375 0.1125
0 0.24765625 0.76484375 0.0921875 0.06875
0 0.2671875 0.8328125 0.0890625 0.115625
0 0.3140625 0.79921875 0.0609375 0.053125
0 0.35859375 0.81953125 0.1015625 0.140625
0 0.440625 0.78984375 0.0984375 0.0953125
0 0.453125 0.85078125 0.071875 0.090625
0 0.31015625 0.9484375 0.1078125 0.0625
0 0.33515625 0.97578125 0.1015625 0.0484375
0 0.49140625 0.95546875 0.0875 0.0890625
0 0.50859375 0.91640625 0.1171875 0.0921875
0 0.61953125 0.9625 0.11875 0.075
0 0.6359375 0.94296875 0.075 0.0546875
0 0.70390625 0.9453125 0.059375 0.109375
0 0.76953125 0.95390625 0.0609375 0.0921875
0 0.646875 0.87578125 0.1109375 0.115625
0 0.56640625 0.8578125 0.1 0.1109375
0 0.58203125 0.80078125 0.096875 0.0671875
0 0.55546875 0.7421875 0.059375 0.0859375
0 0.59375 0.69765625 0.065625 0.1015625
0 0.6625 0.81015625 0.053125 0.0734375
0 0.73359375 0.84765625 0.121875 0.1484375
0 0.8203125 0.88515625 0.06875 0.146875
0 0.89453125 0.9515625 0.0734375 0.096875
0 0.9453125 0.96640625 0.0375 0.0671875
0 0.965625 0.9109375 0.05625 0.090625
0 0.8609375 0.7796875 0.059375 0.0640625
0 0.90859375 0.80078125 0.0625 0.0671875
0 0.934375 0.85 0.0453125 0.0734375
0 0.8859375 0.8796875 0.046875 0.0671875
0 0.81640625 0.75078125 0.0484375 0.096875
0 0.76484375 0.7484375 0.078125 0.1109375
0 0.73671875 0.71171875 0.04375 0.0828125
0 0.69140625 0.70546875 0.05625 0.0859375
0 0.675 0.76171875 0.071875 0.06875
0 0.66015625 0.6546875 0.0765625 0.0796875
0 0.7875 0.6828125 0.0796875 0.0546875
0 0.7953125 0.6328125 0.0625 0.0625
0 0.86796875 0.70703125 0.053125 0.0703125
0 0.91875 0.7 0.1171875 0.121875
0 0.96171875 0.6734375 0.0765625 0.071875
0 0.925 0.62734375 0.040625 0.06875
0 0.85390625 0.609375 0.084375 0.0796875
0 0.8875 0.5734375 0.0671875 0.06875
0 0.96328125 0.59375 0.0734375 0.1125
0 0.88203125 0.53125 0.0375 0.065625
0 0.8203125 0.53984375 0.06875 0.059375
0 0.7546875 0.5125 0.0703125 0.059375
0 0.77421875 0.56171875 0.0609375 0.0703125
0 0.74375 0.5640625 0.0484375 0.0515625
0 0.7484375 0.6234375 0.084375 0.065625
0 0.7046875 0.56171875 0.0625 0.0546875
0 0.96953125 0.45625 0.0390625 0.0671875
0 0.91171875 0.45859375 0.04375 0.053125
0 0.8703125 0.45390625 0.040625 0.065625
0 0.85 0.39140625 0.0546875 0.0609375
0 0.9359375 0.3296875 0.0671875 0.046875
0 0.96953125 0.371875 0.0609375 0.0625
0 0.921875 0.39140625 0.0640625 0.0671875
0 0.8546875 0.325 0.0578125 0.0625
0 0.76171875 0.36953125 0.065625 0.0703125
0 0.76484375 0.31875 0.04375 0.0546875
0 0.6734375 0.41875 0.04375 0.0625
0 0.69296875 0.3546875 0.0453125 0.0625
0 0.6953125 0.31015625 0.05 0.046875
0 0.66015625 0.32578125 0.05625 0.0796875
0 0.62265625 0.36015625 0.0484375 0.0703125
0 0.4359375 0.721875 0.0671875 0.06875
0 0.48203125 0.60625 0.0625 0.05
0 0.44375 0.65390625 0.059375 0.0546875
0 0.38671875 0.68671875 0.075 0.0859375
0 0.35703125 0.6671875 0.04375 0.06875
0 0.30546875 0.6671875 0.0734375 0.096875
0 0.25078125 0.665625 0.03125 0.0796875
0 0.27734375 0.625 0.05 0.0625
0 0.33984375 0.6109375 0.0453125 0.046875
0 0.35859375 0.58671875 0.0375 0.0546875
0 0.3625 0.5546875 0.0625 0.0609375
0 0.41015625 0.56640625 0.0515625 0.0890625
0 0.43671875 0.53828125 0.0484375 0.06875
0 0.4703125 0.50234375 0.0609375 0.084375
0 0.38359375 0.490625 0.084375 0.0890625
0 0.2984375 0.5296875 0.08125 0.1015625
0 0.23046875 0.50546875 0.0765625 0.109375
0 0.2203125 0.60546875 0.0875 0.1375
0 0.1671875 0.5125 0.04375 0.1015625
0 0.20703125 0.49609375 0.05625 0.0578125
0 0.15234375 0.553125 0.053125 0.090625
0 0.103125 0.55625 0.0796875 0.109375
0 0.09609375 0.50625 0.071875 0.0625
0 0.0265625 0.51171875 0.053125 0.115625
0 0.39609375 0.40390625 0.0546875 0.09375
0 0.3703125 0.4125 0.0421875 0.075
0 0.33828125 0.40078125 0.040625 0.0578125
0 0.30078125 0.40078125 0.040625 0.0609375
0 0.253125 0.3921875 0.053125 0.0546875
0 0.30078125 0.4296875 0.0609375 0.0453125
0 0.353125 0.4375 0.053125 0.0421875
0 0.234375 0.4359375 0.05625 0.0484375
0 0.178125 0.42890625 0.090625 0.046875
0 0.20625 0.384375 0.075 0.0546875
0 0.1109375 0.428125 0.040625 0.0578125
0 0.06953125 0.44140625 0.046875 0.05625
0 0.02421875 0.39375 0.0453125 0.040625
0 0.02890625 0.43203125 0.0484375 0.046875
0 0.196875 0.3265625 0.046875 0.0453125
0 0.14140625 0.33203125 0.04375 0.05625
0 0.14296875 0.371875 0.04375 0.059375
0 0.09921875 0.38203125 0.0484375 0.0453125
0 0.06328125 0.38046875 0.03125 0.05625
0 0.08984375 0.32890625 0.0546875 0.05
0 0.0484375 0.31484375 0.03125 0.0390625
0 0.10703125 0.296875 0.040625 0.034375
0 0.15703125 0.303125 0.040625 0.0390625
0 0.02421875 0.2953125 0.034375 0.0375
0 0.0125 0.34296875 0.025 0.0765625
0 0.0390625 0.3484375 0.0453125 0.046875
0 0.4265625 0.38359375 0.040625 0.0671875
0 0.4578125 0.36796875 0.05 0.046875
0 0.4328125 0.3375 0.05625 0.0453125
0 0.48984375 0.31484375 0.071875 0.053125
0 0.54140625 0.3296875 0.05 0.046875
0 0.5140625 0.378125 0.0796875 0.065625