0 0.95390625 0.95546875 0.0703125 0.0890625
0 0.8765625 0.89765625 0.0828125 0.13125
0 0.90234375 0.87734375 0.065625 0.0609375
0 0.95703125 0.86953125 0.0734375 0.0859375
0 0.84453125 0.9515625 0.059375 0.096875
0 0.73125 0.9609375 0.04375 0.078125
0 0.625 0.95859375 0.0875 0.0828125
0 0.55 0.92109375 0.0546875 0.125
0 0.62421875 0.88828125 0.0859375 0.10625
0 0.74453125 0.89921875 0.1140625 0.0984375
0 0.73203125 0.81875 0.0546875 0.1015625
0 0.7765625 0.825 0.0671875 0.09375
0 0.8015625 0.7953125 0.0546875 0.0859375
0 0.85078125 0.8078125 0.0421875 0.075
0 0.9 0.7984375 0.0609375 0.109375
0 0.94453125 0.7578125 0.0796875 0.1125
0 0.8171875 0.7234375 0.0859375 0.090625
0 0.81484375 0.68046875 0.06875 0.0625
0 0.840625 0.65 0.0640625 0.0890625
0 0.71015625 0.71640625 0.0671875 0.1015625
0 0.64765625 0.76328125 0.075 0.06875
0 0.64140625 0.8171875 0.059375 0.090625
0 0.584375 0.81015625 0.034375 0.1140625
0 0.57265625 0.81015625 0.05625 0.0546875
0 0.49609375 0.9109375 0.040625 0.1296875
0 0.44375 0.93515625 0.05625 0.1296875
0 0.39921875 0.96875 0.0296875 0.0625
0 0.40078125 0.90234375 0.0609375 0.06875
0 0.36328125 0.88125 0.1 0.103125
0 0.3109375 0.8828125 0.040625 0.13125
0 0.33203125 0.80625 0.046875 0.1140625
0 0.2515625 0.97890625 0.0375 0.0421875
0 0.11171875 0.92578125 0.0390625 0.1484375
0 0.19609375 0.88203125 0.0671875 0.13125
0 0.11796875 0.81171875 0.0609375 0.125
0 0.1640625 0.78671875 0.0359375 0.0984375
0 0.2390625 0.7421875 0.0296875 0.103125
0 0.1953125 0.70546875 0.0578125 0.0546875
0 0.128125 0.71328125 0.078125 0.10625
0 0.1234375 0.68515625 0.075 0.090625
0 0.0484375 0.66640625 0.08125 0.096875
0 0.02890625 0.7234375 0.0515625 0.0546875
0 0.02890625 0.77734375 0.0578125 0.06875
0 0.02578125 0.821875 0.0515625 0.059375
0 0.0203125 0.878125 0.040625 0.075
0 0.4890625 0.80703125 0.078125 0.0859375
0 0.42265625 0.7890625 0.065625 0.0953125
0 0.4265625 0.75390625 0.0703125 0.071875
0 0.46171875 0.72734375 0.0625 0.0703125
0 0.48828125 0.76328125 0.0671875 0.0875
0 0.52109375 0.75703125 0.065625 0.090625
0 0.5375 0.7171875 0.065625 0.1296875
0 0.51875 0.6796875 0.0828125 0.09375
0 0.47890625 0.671875 0.0390625 0.0765625
0 0.42734375 0.625 0.04375 0.0921875
0 0.37421875 0.66328125 0.05 0.0796875
0 0.365625 0.7234375 0.03125 0.090625
0 0.384375 0.7375 0.0296875 0.1
0 0.33046875 0.71796875 0.03125 0.096875
0 0.2796875 0.74453125 0.04375 0.1421875
0 0.27109375 0.665625 0.0296875 0.0890625
0 0.3 0.6296875 0.0359375 0.0859375
0 0.23984375 0.646875 0.03125 0.0953125
0 0.19609375 0.6203125 0.0609375 0.0734375
0 0.19140625 0.66953125 0.046875 0.0390625
0 0.93515625 0.67265625 0.0484375 0.0453125
0 0.97734375 0.6296875 0.0453125 0.0859375
0 0.91484375 0.609375 0.05625 0.08125
0 0.87109375 0.58203125 0.04375 0.1
0 0.78671875 0.61171875 0.0328125 0.0671875
0 0.81640625 0.596875 0.04375 0.046875
0 0.828125 0.56640625 0.0203125 0.040625
0 0.709375 0.63828125 0.071875 0.0890625
0 0.64375 0.5890625 0.0546875 0.078125
0 0.63125 0.63515625 0.059375 0.0734375
0 0.58671875 0.6734375 0.0515625 0.1046875
0 0.6375 0.69765625 0.0578125 0.0703125
0 0.55078125 0.615625 0.05 0.09375
0 0.5015625 0.61015625 0.0578125 0.090625
0 0.4671875 0.60078125 0.040625 0.059375
0 0.45859375 0.56328125 0.090625 0.040625
0 0.56640625 0.57890625 0.096875 0.0734375
0 0.73046875 0.5890625 0.0578125 0.0703125
0 0.746875 0.53203125 0.0421875 0.046875
0 0.79609375 0.51484375 0.0671875 0.059375
0 0.86640625 0.52890625 0.028125 0.053125
0 0.8 0.575 0.0421875 0.03125
0 0.903125 0.5671875 0.0203125 0.04375
0 0.94140625 0.55703125 0.01875 0.0328125
0 0.978125 0.525 0.021875 0.04375
0 0.96484375 0.5265625 0.040625 0.046875
0 0.934375 0.525 0.03125 0.0578125
0 0.90390625 0.5015625 0.0390625 0.053125
0 0.97265625 0.56796875 0.0375 0.05
0 0.8015625 0.47734375 0.0359375 0.053125
0 0.77734375 0.453125 0.0328125 0.034375
0 0.759375 0.4890625 0.046875 0.046875
0 0.715625 0.4953125 0.0234375 0.05625
0 0.675 0.46171875 0.025 0.04375
0 0.65703125 0.49375 0.059375 0.0734375
0 0.73125 0.46875 0.03125 0.0359375
0 0.8625 0.4796875 0.0421875 0.078125
0 0.8671875 0.440625 0.0390625 0.0328125
0 0.9421875 0.43046875 0.0390625 0.053125
0 0.9875 0.4890625 0.025 0.0421875
0 0.9109375 0.459375 0.034375 0.0609375
0 0.86875 0.41171875 0.0328125 0.028125
0 0.89296875 0.39921875 0.03125 0.05
0 0.92109375 0.40390625 0.0359375 0.040625
0 0.95625 0.3890625 0.0265625 0.0421875
0 0.98046875 0.37734375 0.0390625 0.0578125
0 0.98125 0.45859375 0.0375 0.034375
0 0.53046875 0.40390625 0.0390625 0.0484375
0 0.559375 0.4125 0.0203125 0.0484375
0 0.5046875 0.39453125 0.0453125 0.0421875
0 0.5 0.4484375 0.05 0.0421875
0 0.49453125 0.48125 0.04375 0.0578125
0 0.471875 0.509375 0.0609375 0.0703125
0 0.52265625 0.51640625 0.0359375 0.06875
0 0.6140625 0.48671875 0.0515625 0.0484375
0 0.61953125 0.5265625 0.04375 0.0421875
0 0.58046875 0.484375 0.046875 0.0484375
0 0.4078125 0.53671875 0.028125 0.0734375
0 0.78671875 0.39296875 0.028125 0.034375
0 0.8265625 0.3828125 0.040625 0.03125
0 0.8609375 0.37578125 0.046875 0.034375
0 0.9171875 0.378125 0.04375 0.034375
0 0.8375 0.43515625 0.0296875 0.028125
0 0.378125 0.4984375 0.0296875 0.0734375
0 0.35234375 0.4921875 0.0296875 0.065625
0 0.275 0.51171875 0.0234375 0.06875
0 0.3296875 0.52734375 0.034375 0.06875
0 0.25546875 0.5734375 0.0328125 0.0671875
0 0.26953125 0.60078125 0.021875 0.0578125
0 0.36875 0.61328125 0.05 0.09375
0 0.33828125 0.65859375 0.0390625 0.096875
0 0.2265625 0.54765625 0.040625 0.090625
0 0.2375 0.48671875 0.0265625 0.0484375
0 0.24765625 0.4671875 0.0265625 0.0375
0 0.27890625 0.4515625 0.03125 0.0609375
0 0.315625 0.48984375 0.034375 0.0703125
0 0.20703125 0.4921875 0.034375 0.0734375
0 0.31875 0.40234375 0.03125 0.05
0 0.14296875 0.5234375 0.0578125 0.0421875
0 0.15234375 0.54609375 0.0734375 0.0515625
0 0.09765625 0.45 0.0453125 0.04375
0 0.11796875 0.4984375 0.05 0.059375
0 0.04140625 0.5015625 0.053125 0.0515625
0 0.01171875 0.621875 0.0234375 0.0625
0 0.040625 0.60390625 0.0375 0.059375
0 0.13671875 0.4 0.053125 0.0390625
0 0.13046875 0.43671875 0.0390625 0.0578125
0 0.1671875 0.44296875 0.025 0.05
0 0.20859375 0.4140625 0.0390625 0.05
0 0.446875 0.5203125 0.025 0.065625
0 0.1828125 0.59921875 0.05 0.065625
0 0.2859375 0.575 0.034375 0.075
0 0.0375 0.546875 0.0359375 0.05625
0 0.0109375 0.54140625 0.021875 0.0828125
0 0.00625 0.484375 0.0125 0.046875
0 0.06015625 0.46171875 0.0234375 0.0296875
0 0.1015625 0.3953125 0.0296875 0.0390625
0 0.0421875 0.38828125 0.0390625 0.0234375
0 0.0515625 0.42109375 0.0390625 0.0421875
0 0.01875 0.42265625 0.0375 0.0453125
0 0.021875 0.46484375 0.04375 0.0390625
0 0.24453125 0.40703125 0.1015625 0.040625
0 0.3390625 0.97109375 0.04375 0.0578125