0 0.95234375 0.8984375 0.084375 0.159375
0 0.8921875 0.97265625 0.078125 0.0546875
0 0.72734375 0.89296875 0.084375 0.140625
0 0.7125 0.9390625 0.1 0.121875
0 0.65078125 0.91875 0.071875 0.13125
0 0.59921875 0.91171875 0.059375 0.0859375
0 0.57109375 0.96796875 0.0828125 0.0640625
0 0.765625 0.86171875 0.115625 0.13125
0 0.79453125 0.8140625 0.0625 0.109375
0 0.678125 0.790625 0.0828125 0.1140625
0 0.70859375 0.728125 0.0828125 0.1109375
0 0.8234375 0.7703125 0.065625 0.096875
0 0.92734375 0.75234375 0.065625 0.1140625
0 0.96875 0.7078125 0.0359375 0.09375
0 0.8796875 0.703125 0.075 0.084375
0 0.7859375 0.7 0.075 0.09375
0 0.51640625 0.878125 0.059375 0.125
0 0.55234375 0.8328125 0.121875 0.1296875
0 0.409375 0.9328125 0.090625 0.13125
0 0.35234375 0.95703125 0.0375 0.0859375
0 0.32265625 0.96171875 0.0546875 0.0765625
0 0.28828125 0.93515625 0.0734375 0.1296875
0 0.17109375 0.93125 0.0671875 0.1375
0 0.1328125 0.88359375 0.040625 0.1828125
0 0.384375 0.86796875 0.0921875 0.140625
0 0.51640625 0.76171875 0.0828125 0.10625
0 0.45234375 0.7453125 0.053125 0.125
0 0.3546875 0.78984375 0.0515625 0.134375
0 0.28359375 0.83046875 0.0546875 0.1234375
0 0.22265625 0.79296875 0.0375 0.14375
0 0.1875 0.78984375 0.046875 0.1265625
0 0.10390625 0.7953125 0.084375 0.1265625
0 0.0546875 0.84921875 0.078125 0.1171875
0 0.03359375 0.9109375 0.0671875 0.1015625
0 0.03359375 0.765625 0.065625 0.109375
0 0.13359375 0.69296875 0.0890625 0.1125
0 0.1140625 0.6671875 0.0875 0.0890625
0 0.27265625 0.73515625 0.0515625 0.10625
0 0.31015625 0.77265625 0.040625 0.121875
0 0.3390625 0.71953125 0.0328125 0.1203125
0 0.39453125 0.72734375 0.0546875 0.1375
0 0.5046875 0.70546875 0.0765625 0.090625
0 0.5484375 0.70859375 0.06875 0.0953125
0 0.60703125 0.72578125 0.0859375 0.1203125
0 0.615625 0.67890625 0.04375 0.059375
0 0.89453125 0.625 0.0765625 0.096875
0 0.92421875 0.5984375 0.0921875 0.10625
0 0.88984375 0.546875 0.04375 0.1015625
0 0.74921875 0.63125 0.078125 0.103125
0 0.70703125 0.640625 0.0484375 0.10625
0 0.64921875 0.6125 0.075 0.0828125
0 0.66328125 0.55859375 0.0625 0.1109375
0 0.68828125 0.53046875 0.05625 0.0609375
0 0.59453125 0.5421875 0.0578125 0.0671875
0 0.59921875 0.59375 0.065625 0.09375
0 0.53671875 0.61328125 0.0515625 0.0875
0 0.82109375 0.6109375 0.071875 0.1078125
0 0.82890625 0.55390625 0.0671875 0.0703125
0 0.77578125 0.5515625 0.0421875 0.0703125
0 0.528125 0.54921875 0.065625 0.078125
0 0.378125 0.61875 0.0546875 0.10625
0 0.21171875 0.6640625 0.075 0.1265625
0 0.290625 0.67578125 0.046875 0.0796875
0 0.01328125 0.67421875 0.0265625 0.0890625
0 0.065625 0.6484375 0.1 0.1421875
0 0.296875 0.60625 0.0453125 0.0890625
0 0.265625 0.59140625 0.0359375 0.096875
0 0.2015625 0.603125 0.0640625 0.084375
0 0.20390625 0.5546875 0.0546875 0.0890625
0 0.24609375 0.5453125 0.0390625 0.0734375
0 0.2734375 0.5109375 0.028125 0.1046875
0 0.303125 0.4859375 0.0421875 0.0609375
0 0.3140625 0.55 0.046875 0.0703125
0 0.3515625 0.56640625 0.0390625 0.0703125
0 0.33046875 0.6375 0.053125 0.096875
0 0.03984375 0.59765625 0.04375 0.09375
0 0.01171875 0.58125 0.0234375 0.0984375
0 0.390625 0.496875 0.0296875 0.071875
0 0.36171875 0.50859375 0.0453125 0.0625
0 0.43671875 0.51875 0.0359375 0.0515625
0 0.4375 0.5578125 0.0859375 0.090625
0 0.403125 0.60234375 0.0234375 0.0890625
0 0.74140625 0.4640625 0.0390625 0.0703125
0 0.66171875 0.4890625 0.0578125 0.0421875
0 0.64765625 0.4484375 0.04375 0.0625
0 0.6953125 0.4625 0.0515625 0.0625
0 0.60234375 0.48125 0.046875 0.0703125
0 0.5625 0.45625 0.0296875 0.059375
0 0.5203125 0.46953125 0.04375 0.0578125
0 0.46015625 0.3828125 0.04375 0.0828125
0 0.525 0.40390625 0.04375 0.078125
0 0.5671875 0.3984375 0.034375 0.0640625
0 0.5703125 0.36015625 0.0265625 0.0609375
0 0.52734375 0.346875 0.05 0.0546875
0 0.82734375 0.49375 0.0625 0.0640625
0 0.77578125 0.490625 0.04375 0.0640625
0 0.78515625 0.43828125 0.0609375 0.0484375
0 0.81953125 0.3765625 0.03125 0.059375
0 0.91015625 0.478125 0.040625 0.0734375
0 0.953125 0.53203125 0.0484375 0.0671875
0 0.98515625 0.55390625 0.0296875 0.1171875
0 0.96328125 0.47265625 0.0578125 0.0890625
0 0.91640625 0.3703125 0.034375 0.0453125
0 0.9375 0.39609375 0.0375 0.0390625
0 0.884375 0.378125 0.040625 0.0359375
0 0.8875 0.41015625 0.0421875 0.0390625
0 0.8984375 0.434375 0.0453125 0.0609375
0 0.8734375 0.4390625 0.03125 0.059375
0 0.940625 0.34609375 0.034375 0.040625
0 0.88828125 0.34375 0.040625 0.0421875
0 0.97265625 0.38984375 0.04375 0.065625
0 0.415625 0.37265625 0.0234375 0.06875
0 0.259375 0.440625 0.05 0.0546875
0 0.0359375 0.4703125 0.0390625 0.075
0 0.01484375 0.44453125 0.0234375 0.059375
0 0.084375 0.465625 0.0359375 0.075
0 0.115625 0.44453125 0.075 0.05625
0 0.05859375 0.39765625 0.0328125 0.059375
0 0.30078125 0.37578125 0.040625 0.0734375
0 0.2171875 0.38984375 0.0265625 0.0609375
0 0.01640625 0.3796875 0.0328125 0.078125
0 0.0359375 0.3875 0.0375 0.0609375
0 0.1703125 0.41640625 0.0375 0.0671875
0 0.14921875 0.3734375 0.04375 0.065625