0 0.15 0.915625 0.128125 0.16875
0 0.05703125 0.93203125 0.1140625 0.1359375
0 0.2359375 0.965625 0.115625 0.06875
0 0.3046875 0.91796875 0.121875 0.1390625
0 0.3375 0.97109375 0.084375 0.0578125
0 0.4078125 0.97109375 0.09375 0.0578125
0 0.5078125 0.975 0.084375 0.05
0 0.51171875 0.93203125 0.0796875 0.078125
0 0.59453125 0.92578125 0.096875 0.1484375
0 0.5046875 0.88671875 0.1765625 0.1421875
0 0.709375 0.9046875 0.1140625 0.1640625
0 0.88359375 0.93828125 0.0890625 0.1234375
0 0.96328125 0.878125 0.0734375 0.13125
0 0.81484375 0.75390625 0.0890625 0.14375
0 0.76875 0.79140625 0.065625 0.134375
0 0.69453125 0.63828125 0.1171875 0.1671875
0 0.7921875 0.603125 0.1046875 0.1265625
0 0.49609375 0.675 0.0921875 0.1859375
0 0.3640625 0.5953125 0.10625 0.1734375
0 0.1859375 0.70625 0.11875 0.1015625
0 0.178125 0.64921875 0.1359375 0.109375
0 0.1015625 0.7703125 0.0828125 0.10625
0 0.01484375 0.721875 0.0296875 0.1515625
0 0.0515625 0.56796875 0.05625 0.1953125
0 0.01015625 0.5796875 0.0203125 0.0828125
0 0.0875 0.58203125 0.0375 0.0859375
0 0.13515625 0.478125 0.0828125 0.14375
0 0.165625 0.49765625 0.04375 0.0984375
0 0.22734375 0.50078125 0.0546875 0.0921875
0 0.26640625 0.47734375 0.075 0.159375
0 0.38203125 0.43984375 0.0734375 0.0875
0 0.55 0.52578125 0.0640625 0.0875
0 0.61171875 0.56640625 0.090625 0.090625
0 0.615625 0.48515625 0.04375 0.0734375
0 0.6546875 0.47109375 0.046875 0.1046875
0 0.70390625 0.4984375 0.0609375 0.1328125
0 0.75859375 0.43828125 0.0984375 0.1234375
0 0.753125 0.375 0.1203125 0.0859375
0 0.84609375 0.41875 0.0453125 0.1015625
0 0.915625 0.403125 0.1015625 0.0890625
0 0.96640625 0.309375 0.0453125 0.071875
0 0.86015625 0.5421875 0.1078125 0.1046875
0 0.91640625 0.49453125 0.11875 0.0828125
0 0.4921875 0.35234375 0.0796875 0.11875
0 0.10390625 0.4390625 0.10625 0.0640625
0 0.1484375 0.371875 0.046875 0.0875
0 0.13828125 0.36328125 0.115625 0.090625
0 0.08359375 0.32734375 0.0984375 0.0828125
0 0.05546875 0.3671875 0.0453125 0.075
0 0.12578125 0.27421875 0.053125 0.0671875
0 0.17421875 0.26328125 0.0234375 0.078125
0 0.22734375 0.32890625 0.0953125 0.096875
0 0.30546875 0.31796875 0.078125 0.075
0 0.4046875 0.29296875 0.0546875 0.0765625
0 0.38671875 0.3890625 0.0328125 0.1
0 0.41328125 0.38828125 0.0546875 0.0765625
0 0.31953125 0.4359375 0.040625 0.09375
0 0.509375 0.4546875 0.084375 0.0875
0 0.446875 0.428125 0.0484375 0.0546875
0 0.43046875 0.5125 0.0609375 0.140625
0 0.603125 0.40859375 0.0671875 0.078125
0 0.5546875 0.390625 0.0328125 0.0671875
0 0.66484375 0.390625 0.0546875 0.0625
0 0.28125 0.721875 0.0765625 0.090625
0 0.3765625 0.6984375 0.0984375 0.1
0 0.15546875 0.78203125 0.084375 0.0859375
0 0.1890625 0.559375 0.075 0.08125
0 0.23671875 0.57890625 0.078125 0.0625
0 0.29609375 0.2265625 0.1046875 0.1
0 0.4359375 0.225 0.084375 0.046875
0 0.50390625 0.20546875 0.0625 0.0796875
0 0.54453125 0.25625 0.0265625 0.0734375
0 0.72890625 0.18984375 0.0484375 0.0828125
0 0.7109375 0.21328125 0.0703125 0.059375
0 0.640625 0.325 0.0734375 0.0921875
0 0.66328125 0.27578125 0.0375 0.05625
0 0.70703125 0.28359375 0.0421875 0.040625
0 0.765625 0.28671875 0.06875 0.071875
0 0.815625 0.2671875 0.0453125 0.0640625
0 0.87421875 0.246875 0.0609375 0.096875
0 0.98671875 0.2734375 0.0265625 0.05
0 0.8625 0.3359375 0.0390625 0.1140625
0 0.8125 0.3375 0.0484375 0.06875
0 0.92578125 0.271875 0.0375 0.0578125
0 0.91640625 0.33203125 0.04375 0.0734375
0 0.95 0.2484375 0.028125 0.04375
0 0.7875 0.2046875 0.046875 0.05625
0 0.8328125 0.20703125 0.053125 0.04375
0 0.23125 0.21640625 0.0203125 0.05
0 0.21953125 0.28671875 0.040625 0.0453125
0 0.11640625 0.20625 0.0171875 0.0609375
0 0.221875 0.19375 0.028125 0.05625
0 0.0828125 0.21953125 0.0359375 0.0640625
0 0.3421875 0.3609375 0.0515625 0.0671875
0 0.54921875 0.328125 0.034375 0.0703125
0 0.57890625 0.3171875 0.0359375 0.08125
0 0.57734375 0.24609375 0.0328125 0.0671875
0 0.653125 0.21484375 0.0390625 0.0484375
0 0.4 0.20390625 0.05 0.0484375
0 0.1921875 0.23515625 0.0296875 0.059375
0 0.353125 0.27109375 0.0796875 0.075
0 0.4828125 0.27890625 0.0625 0.0484375
0 0.5265625 0.3140625 0.0703125 0.075
0 0.61328125 0.2234375 0.0453125 0.0640625
0 0.55546875 0.2125 0.0359375 0.046875
0 0.01875 0.3859375 0.034375 0.075
0 0.01328125 0.46171875 0.0265625 0.0859375
0 0.2234375 0.40703125 0.059375 0.0609375
0 0.25546875 0.41015625 0.05 0.0453125
0 0.971875 0.56796875 0.05625 0.1046875