0 0.0390625 0.96796875 0.078125 0.0640625
0 0.1421875 0.94140625 0.1015625 0.1125
0 0.22578125 0.93671875 0.0703125 0.0953125
0 0.28125 0.940625 0.053125 0.0640625
0 0.31875 0.97265625 0.0625 0.0546875
0 0.24140625 0.98203125 0.065625 0.0359375
0 0.38828125 0.9609375 0.0859375 0.078125
0 0.46875 0.96328125 0.05 0.071875
0 0.65 0.97109375 0.0546875 0.0578125
0 0.7015625 0.96796875 0.0484375 0.0578125
0 0.75 0.95625 0.046875 0.0875
0 0.84140625 0.95859375 0.0671875 0.0828125
0 0.865625 0.92890625 0.046875 0.06875
0 0.9765625 0.91953125 0.046875 0.1140625
0 0.9609375 0.9765625 0.0765625 0.0375
0 0.0421875 0.91796875 0.05625 0.0734375
0 0.05546875 0.88828125 0.090625 0.09375
0 0.0484375 0.83828125 0.096875 0.1015625
0 0.04453125 0.80859375 0.0890625 0.0859375
0 0.0515625 0.765625 0.0796875 0.0703125
0 0.034375 0.7296875 0.06875 0.0515625
0 0.0265625 0.6734375 0.053125 0.0671875
0 0.0265625 0.6203125 0.0515625 0.053125
0 0.01171875 0.58203125 0.0234375 0.0421875
0 0.015625 0.5421875 0.03125 0.04375
0 0.01484375 0.50625 0.0296875 0.0359375
0 0.0234375 0.43984375 0.025 0.046875
0 0.0328125 0.484375 0.0265625 0.0546875
0 0.05 0.446875 0.034375 0.0484375
0 0.08125 0.434375 0.0421875 0.0609375
0 0.04296875 0.415625 0.046875 0.0484375
0 0.2984375 0.86953125 0.0515625 0.1140625
0 0.3484375 0.89296875 0.053125 0.09375
0 0.39921875 0.83359375 0.10625 0.075
0 0.20859375 0.8140625 0.040625 0.1578125
0 0.1140625 0.83828125 0.0453125 0.1109375
0 0.48828125 0.8296875 0.084375 0.084375
0 0.51640625 0.809375 0.1015625 0.0734375
0 0.4171875 0.75234375 0.04375 0.0875
0 0.415625 0.90859375 0.0765625 0.071875
0 0.48125 0.909375 0.0921875 0.078125
0 0.55234375 0.88984375 0.0578125 0.096875
0 0.63671875 0.89375 0.0515625 0.0953125
0 0.70390625 0.8625 0.0625 0.1046875
0 0.76796875 0.8859375 0.0671875 0.0984375
0 0.79140625 0.8375 0.06875 0.1140625
0 0.73828125 0.7515625 0.0640625 0.13125
0 0.72734375 0.68125 0.04375 0.0828125
0 0.68984375 0.65546875 0.0390625 0.1125
0 0.584375 0.6265625 0.1140625 0.10625
0 0.4953125 0.73828125 0.0828125 0.0703125
0 0.4765625 0.70390625 0.0796875 0.0515625
0 0.30859375 0.7421875 0.0640625 0.1140625
0 0.175 0.7578125 0.08125 0.1265625
0 0.15546875 0.72734375 0.0421875 0.0546875
0 0.115625 0.7109375 0.0765625 0.1109375
0 0.10390625 0.665625 0.0796875 0.0859375
0 0.203125 0.69140625 0.0609375 0.071875
0 0.22109375 0.74453125 0.040625 0.090625
0 0.26171875 0.740625 0.053125 0.0921875
0 0.24609375 0.6796875 0.0484375 0.0515625
0 0.1734375 0.6640625 0.0484375 0.078125
0 0.1921875 0.63671875 0.0453125 0.078125
0 0.24296875 0.62421875 0.0640625 0.0625
0 0.25859375 0.6375 0.053125 0.046875
0 0.29609375 0.64609375 0.0453125 0.059375
0 0.3359375 0.6625 0.0640625 0.0828125
0 0.4015625 0.61953125 0.0828125 0.0953125
0 0.15546875 0.6078125 0.0609375 0.0671875
0 0.1296875 0.59453125 0.0625 0.065625
0 0.06953125 0.61328125 0.053125 0.0828125
0 0.059375 0.540625 0.0375 0.0578125
0 0.0390625 0.5328125 0.0265625 0.05625
0 0.08515625 0.54453125 0.0171875 0.040625
0 0.10703125 0.54609375 0.0296875 0.040625
0 0.15 0.54765625 0.046875 0.0359375
0 0.165625 0.5359375 0.028125 0.034375
0 0.1859375 0.52578125 0.0328125 0.034375
0 0.209375 0.55625 0.0609375 0.028125
0 0.2546875 0.53984375 0.0375 0.0453125
0 0.34375 0.5390625 0.040625 0.04375
0 0.3640625 0.5625 0.0625 0.0296875
0 0.415625 0.54375 0.0484375 0.046875
0 0.3828125 0.52890625 0.0484375 0.025
0 0.4203125 0.51328125 0.0328125 0.040625
0 0.384375 0.50859375 0.0453125 0.040625
0 0.3578125 0.49921875 0.0453125 0.0484375
0 0.3078125 0.50859375 0.046875 0.046875
0 0.29453125 0.54609375 0.0546875 0.046875
0 0.2671875 0.4984375 0.0515625 0.040625
0 0.20859375 0.48984375 0.053125 0.04375
0 0.17109375 0.496875 0.025 0.04375
0 0.22109375 0.5234375 0.0359375 0.046875
0 0.11171875 0.48671875 0.0453125 0.0484375
0 0.12890625 0.52421875 0.053125 0.04375
0 0.06640625 0.48671875 0.053125 0.0453125
0 0.1671875 0.4609375 0.021875 0.04375
0 0.18515625 0.459375 0.0234375 0.0390625
0 0.19921875 0.44765625 0.0375 0.06875
0 0.22421875 0.40625 0.0265625 0.0484375
0 0.1515625 0.41640625 0.040625 0.040625
0 0.1328125 0.44140625 0.0453125 0.0359375
0 0.125 0.409375 0.05 0.034375
0 0.14453125 0.48828125 0.0328125 0.0609375
0 0.4765625 0.53828125 0.065625 0.053125
0 0.51015625 0.528125 0.05625 0.0609375
0 0.5546875 0.51796875 0.0515625 0.0546875
0 0.60078125 0.553125 0.0484375 0.0515625
0 0.6359375 0.58046875 0.071875 0.090625
0 0.5109375 0.4859375 0.0234375 0.0390625
0 0.4453125 0.48359375 0.03125 0.0421875
0 0.47734375 0.46796875 0.034375 0.0609375
0 0.46953125 0.4375 0.03125 0.0390625
0 0.503125 0.44140625 0.05 0.0328125
0 0.58125 0.46171875 0.03125 0.040625
0 0.58125 0.43359375 0.04375 0.034375
0 0.6125 0.4390625 0.0390625 0.0515625
0 0.6390625 0.4625 0.0359375 0.0390625
0 0.67578125 0.44609375 0.0421875 0.04375
0 0.6921875 0.428125 0.053125 0.05
0 0.69375 0.4734375 0.0265625 0.0484375
0 0.66640625 0.49140625 0.0515625 0.034375
0 0.68046875 0.5328125 0.0828125 0.0796875
0 0.73671875 0.5140625 0.034375 0.05625
0 0.88671875 0.8484375 0.1171875 0.0875
0 0.86328125 0.7734375 0.071875 0.08125
0 0.85390625 0.73515625 0.05625 0.0546875
0 0.903125 0.746875 0.05625 0.090625
0 0.94921875 0.7359375 0.05 0.1
0 0.89765625 0.68671875 0.053125 0.0703125
0 0.94921875 0.67109375 0.0703125 0.0671875
0 0.97421875 0.665625 0.0515625 0.078125
0 0.77421875 0.61953125 0.046875 0.0828125
0 0.75078125 0.56875 0.028125 0.0390625
0 0.79375 0.57421875 0.05625 0.0484375
0 0.87265625 0.578125 0.0453125 0.046875
0 0.91328125 0.584375 0.0390625 0.0515625
0 0.94140625 0.58359375 0.0359375 0.0515625
0 0.97734375 0.58671875 0.0453125 0.0453125
0 0.82734375 0.553125 0.0375 0.046875
0 0.7546875 0.496875 0.04375 0.04375
0 0.76015625 0.41875 0.040625 0.040625
0 0.72265625 0.45703125 0.03125 0.0375
0 0.79296875 0.44140625 0.046875 0.0390625
0 0.8515625 0.44140625 0.034375 0.0484375
0 0.796875 0.48046875 0.0390625 0.0375
0 0.7890625 0.50859375 0.040625 0.065625
0 0.86171875 0.521875 0.0328125 0.046875
0 0.8765625 0.4796875 0.053125 0.04375
0 0.83515625 0.4953125 0.028125 0.0453125
0 0.9046875 0.53828125 0.046875 0.0421875
0 0.96640625 0.5453125 0.0609375 0.0359375
0 0.9015625 0.50390625 0.059375 0.0375
0 0.92734375 0.4859375 0.046875 0.0296875
0 0.90078125 0.45 0.0515625 0.034375
0 0.94609375 0.44609375 0.053125 0.028125
0 0.9609375 0.471875 0.0484375 0.0296875
0 0.97421875 0.50546875 0.0515625 0.05625