0 0.13671875 0.92734375 0.1078125 0.1421875
0 0.24296875 0.9125 0.1234375 0.15625
0 0.290625 0.92890625 0.0671875 0.1390625
0 0.3421875 0.95390625 0.1 0.0921875
0 0.41640625 0.97421875 0.0515625 0.0515625
0 0.45703125 0.96171875 0.053125 0.0765625
0 0.503125 0.9703125 0.059375 0.059375
0 0.43203125 0.91484375 0.0703125 0.078125
0 0.44765625 0.853125 0.0921875 0.0578125
0 0.3078125 0.98125 0.046875 0.0375
0 0.41875 0.8171875 0.1046875 0.1
0 0.4046875 0.75078125 0.103125 0.084375
0 0.3421875 0.78828125 0.040625 0.1125
0 0.47890625 0.76875 0.04375 0.084375
0 0.42109375 0.690625 0.1 0.0828125
0 0.303125 0.6859375 0.0640625 0.115625
0 0.1953125 0.746875 0.0703125 0.121875
0 0.12578125 0.82734375 0.121875 0.10625
0 0.06484375 0.696875 0.0828125 0.096875
0 0.01953125 0.78125 0.0390625 0.165625
0 0.13203125 0.56796875 0.0765625 0.10625
0 0.115625 0.52734375 0.05625 0.0921875
0 0.0578125 0.615625 0.0671875 0.084375
0 0.04140625 0.56875 0.0453125 0.0640625
0 0.0375 0.5171875 0.075 0.0765625
0 0.19921875 0.53671875 0.0578125 0.0890625
0 0.3640625 0.6078125 0.065625 0.0984375
0 0.30625 0.54765625 0.0703125 0.1
0 0.26484375 0.50625 0.0796875 0.0859375
0 0.38828125 0.51171875 0.0609375 0.0734375
0 0.44609375 0.56640625 0.0703125 0.0703125
0 0.45390625 0.51484375 0.0640625 0.034375
0 0.565625 0.9640625 0.0515625 0.071875
0 0.5546875 0.89140625 0.0953125 0.1453125
0 0.596875 0.8515625 0.0828125 0.0828125
0 0.63671875 0.86875 0.053125 0.1046875
0 0.69765625 0.921875 0.059375 0.13125
0 0.70234375 0.8578125 0.109375 0.121875
0 0.771875 0.9046875 0.0390625 0.11875
0 0.8046875 0.9625 0.071875 0.075
0 0.81484375 0.9046875 0.05 0.103125
0 0.85625 0.940625 0.046875 0.0796875
0 0.95546875 0.98046875 0.0890625 0.0390625
0 0.9625 0.9359375 0.075 0.0828125
0 0.97421875 0.8765625 0.0515625 0.071875
0 0.9765625 0.76875 0.046875 0.109375
0 0.91640625 0.7953125 0.0796875 0.11875
0 0.83515625 0.8453125 0.109375 0.10625
0 0.80234375 0.7875 0.0703125 0.071875
0 0.83125 0.74296875 0.078125 0.109375
0 0.896875 0.7046875 0.103125 0.0609375
0 0.8484375 0.66953125 0.0796875 0.071875
0 0.884375 0.64296875 0.0515625 0.059375
0 0.9234375 0.6328125 0.0859375 0.1203125
0 0.97109375 0.61796875 0.040625 0.1109375
0 0.74140625 0.72109375 0.065625 0.0828125
0 0.7921875 0.690625 0.0859375 0.0890625
0 0.69296875 0.7265625 0.0375 0.0953125
0 0.65859375 0.734375 0.04375 0.1046875
0 0.60625 0.7765625 0.0703125 0.0734375
0 0.596875 0.721875 0.0859375 0.078125
0 0.609375 0.68046875 0.0375 0.065625
0 0.55703125 0.653125 0.103125 0.1109375
0 0.53359375 0.62265625 0.11875 0.1125
0 0.64140625 0.603125 0.06875 0.059375
0 0.6765625 0.65703125 0.10625 0.071875
0 0.715625 0.61953125 0.0890625 0.059375
0 0.715625 0.57578125 0.0828125 0.0359375
0 0.75078125 0.58125 0.0640625 0.103125
0 0.8203125 0.52578125 0.053125 0.096875
0 0.78828125 0.496875 0.0828125 0.06875
0 0.7390625 0.51484375 0.0640625 0.0359375
0 0.6875 0.5328125 0.0625 0.053125
0 0.6421875 0.53984375 0.040625 0.0671875
0 0.6703125 0.4890625 0.0828125 0.05625
0 0.6171875 0.4875 0.0640625 0.0421875
0 0.5953125 0.54140625 0.0703125 0.0640625
0 0.54765625 0.49921875 0.0578125 0.0453125
0 0.52265625 0.5234375 0.0703125 0.0375
0 0.50390625 0.55234375 0.053125 0.053125
0 0.53984375 0.47109375 0.0640625 0.0484375
0 0.48359375 0.465625 0.059375 0.05
0 0.49609375 0.4875 0.046875 0.0515625
0 0.42734375 0.46875 0.059375 0.0546875
0 0.3734375 0.46015625 0.053125 0.0421875
0 0.86328125 0.5890625 0.0640625 0.0640625
0 0.9 0.5765625 0.0578125 0.0640625
0 0.92109375 0.55546875 0.0578125 0.065625
0 0.97890625 0.54453125 0.0421875 0.128125
0 0.89453125 0.49296875 0.0484375 0.059375
0 0.85390625 0.475 0.0609375 0.075
0 0.96875 0.403125 0.059375 0.071875
0 0.89765625 0.39609375 0.053125 0.075
0 0.9765625 0.32421875 0.046875 0.0703125
0 0.9203125 0.3140625 0.04375 0.0421875
0 0.9359375 0.3484375 0.059375 0.0546875
0 0.87265625 0.309375 0.0453125 0.053125
0 0.83046875 0.3515625 0.06875 0.0546875
0 0.7953125 0.30703125 0.0578125 0.0609375
0 0.76484375 0.3046875 0.0390625 0.0640625
0 0.74296875 0.31796875 0.0390625 0.0375
0 0.7390625 0.41640625 0.0703125 0.0671875
0 0.7109375 0.38125 0.0515625 0.05625
0 0.728125 0.35 0.04375 0.059375
0 0.715625 0.32890625 0.0484375 0.053125
0 0.684375 0.334375 0.0296875 0.0375
0 0.70859375 0.2984375 0.0515625 0.0359375
0 0.67265625 0.37421875 0.0234375 0.0609375
0 0.6484375 0.37421875 0.034375 0.046875
0 0.6546875 0.421875 0.034375 0.05
0 0.6015625 0.42890625 0.059375 0.0421875
0 0.6171875 0.38515625 0.0328125 0.0828125
0 0.5890625 0.3734375 0.028125 0.0703125
0 0.565625 0.3703125 0.0265625 0.078125
0 0.48828125 0.41796875 0.05625 0.0390625
0 0.53671875 0.384375 0.0375 0.078125
0 0.503125 0.36640625 0.0328125 0.0671875
0 0.48671875 0.36484375 0.028125 0.05625
0 0.4640625 0.3625 0.0453125 0.0515625
0 0.0171875 0.43515625 0.034375 0.0609375
0 0.07265625 0.45859375 0.0625 0.059375
0 0.11015625 0.46953125 0.0515625 0.059375
0 0.3359375 0.48359375 0.0484375 0.0625
0 0.30390625 0.44453125 0.0359375 0.0859375
0 0.2671875 0.446875 0.0546875 0.05
0 0.25625 0.40859375 0.04375 0.0390625
0 0.225 0.41875 0.0546875 0.04375
0 0.2078125 0.4671875 0.071875 0.071875
0 0.15 0.4671875 0.0359375 0.075
0 0.159375 0.4140625 0.06875 0.0484375
0 0.1 0.40703125 0.0421875 0.04375
0 0.05234375 0.4109375 0.046875 0.053125
0 0.4171875 0.396875 0.04375 0.0453125
0 0.41953125 0.35703125 0.04375 0.0484375
0 0.45 0.32109375 0.0359375 0.0546875
0 0.4265625 0.29765625 0.0421875 0.034375
0 0.4078125 0.3171875 0.0453125 0.046875
0 0.45078125 0.2671875 0.0375 0.04375
0 0.3921875 0.26015625 0.0546875 0.04375
0 0.3703125 0.28203125 0.0453125 0.0375
0 0.3625 0.30390625 0.0390625 0.0328125
0 0.36953125 0.34765625 0.0453125 0.0390625
0 0.37734375 0.4 0.034375 0.0515625
0 0.3328125 0.39296875 0.0546875 0.0421875
0 0.265625 0.37890625 0.065625 0.0421875
0 0.32421875 0.35 0.05 0.059375
0 0.27265625 0.34921875 0.05 0.03125
0 0.23828125 0.3171875 0.05 0.0421875
0 0.21640625 0.33671875 0.0421875 0.0453125
0 0.1890625 0.371875 0.0421875 0.0453125
0 0.13984375 0.36328125 0.0578125 0.04375
0 0.0890625 0.3578125 0.0453125 0.0453125
0 0.165625 0.32421875 0.0515625 0.0453125
0 0.19140625 0.2890625 0.0359375 0.0375
0 0.296875 0.3015625 0.053125 0.0375
0 0.27578125 0.32109375 0.046875 0.0453125
0 0.27109375 0.27109375 0.059375 0.0390625
0 0.234375 0.29453125 0.040625 0.0609375
0 0.334375 0.2796875 0.046875 0.053125
0 0.28359375 0.24296875 0.046875 0.034375
0 0.33984375 0.2359375 0.053125 0.0375