0 0.20390625 0.5609375 0.175 0.125
0 0.24453125 0.653125 0.1609375 0.090625
0 0.3328125 0.728125 0.2125 0.0890625
0 0.45390625 0.70625 0.2203125 0.1296875
0 0.3640625 0.571875 0.1578125 0.1203125
0 0.37578125 0.446875 0.165625 0.1390625
0 0.5 0.5125 0.15 0.1296875
0 0.5953125 0.6234375 0.259375 0.1328125
0 0.6609375 0.7171875 0.190625 0.1171875
0 0.72578125 0.5796875 0.1484375 0.1453125
0 0.6421875 0.4453125 0.1484375 0.165625
0 0.69375 0.325 0.15 0.1
0 0.765625 0.3921875 0.1484375 0.25
0 0.5375 0.39375 0.159375 0.1546875
0 0.6375 0.20859375 0.2421875 0.1171875
0 0.48515625 0.23671875 0.2 0.2390625
0 0.36328125 0.275 0.190625 0.228125
0 0.2734375 0.175 0.2609375 0.1671875
0 0.36640625 0.234375 0.3 0.23125