0 0.921875 0.97421875 0.1015625 0.0515625
0 0.8625 0.91796875 0.05625 0.14375
0 0.77890625 0.96640625 0.05625 0.0671875
0 0.64375 0.96953125 0.0828125 0.0609375
0 0.5671875 0.90625 0.128125 0.109375
0 0.52734375 0.8609375 0.0875 0.0984375
0 0.58984375 0.83515625 0.1125 0.096875
0 0.703125 0.8015625 0.0796875 0.15
0 0.70390625 0.7359375 0.0625 0.0609375
0 0.78359375 0.81328125 0.0859375 0.0953125
0 0.85390625 0.81171875 0.059375 0.090625
0 0.9125 0.821875 0.05625 0.096875
0 0.97734375 0.7796875 0.0453125 0.1609375
0 0.88828125 0.74453125 0.065625 0.065625
0 0.82578125 0.72578125 0.0578125 0.0859375
0 0.90078125 0.67578125 0.084375 0.09375
0 0.98828125 0.6203125 0.0234375 0.0890625
0 0.9796875 0.59921875 0.040625 0.09375
0 0.96484375 0.5546875 0.0515625 0.0671875
0 0.75703125 0.61328125 0.096875 0.0921875
0 0.69296875 0.675 0.046875 0.075
0 0.6375 0.75390625 0.0625 0.090625
0 0.55703125 0.73359375 0.0859375 0.090625
0 0.46015625 0.82890625 0.0875 0.0875
0 0.4359375 0.86171875 0.0890625 0.1078125
0 0.4640625 0.946875 0.05625 0.10625
0 0.41640625 0.953125 0.053125 0.09375
0 0.35546875 0.92109375 0.121875 0.1328125
0 0.1890625 0.8859375 0.1140625 0.178125
0 0.159375 0.8421875 0.05625 0.0734375
0 0.11171875 0.8484375 0.0625 0.103125
0 0.07578125 0.87265625 0.06875 0.0828125
0 0.0453125 0.91171875 0.090625 0.0859375
0 0.0890625 0.953125 0.125 0.09375
0 0.16171875 0.96484375 0.071875 0.0703125
0 0.24765625 0.82890625 0.046875 0.0859375
0 0.29453125 0.8203125 0.0546875 0.0921875
0 0.3703125 0.8125 0.0734375 0.10625
0 0.36796875 0.75234375 0.0859375 0.046875
0 0.48203125 0.7484375 0.075 0.09375
0 0.44921875 0.71640625 0.075 0.0796875
0 0.36875 0.71015625 0.0859375 0.10625
0 0.2734375 0.7390625 0.046875 0.0703125
0 0.3046875 0.70546875 0.053125 0.09375
0 0.30703125 0.628125 0.065625 0.08125
0 0.1921875 0.78359375 0.0859375 0.103125
0 0.10234375 0.7828125 0.059375 0.05625
0 0.13359375 0.74765625 0.0703125 0.0734375
0 0.12578125 0.70390625 0.0921875 0.08125
0 0.18515625 0.675 0.0671875 0.0546875
0 0.19140625 0.725 0.071875 0.065625
0 0.15546875 0.653125 0.0953125 0.0421875
0 0.10546875 0.6375 0.040625 0.0546875
0 0.046875 0.68203125 0.0640625 0.09375
0 0.01796875 0.62734375 0.0359375 0.090625
0 0.1140625 0.59609375 0.046875 0.0421875
0 0.07890625 0.61953125 0.0359375 0.046875
0 0.0296875 0.553125 0.059375 0.0671875
0 0.103125 0.5359375 0.053125 0.078125
0 0.14609375 0.5046875 0.0625 0.0609375
0 0.1484375 0.55703125 0.0703125 0.046875
0 0.15703125 0.590625 0.05 0.046875
0 0.21484375 0.590625 0.05625 0.0625
0 0.25078125 0.60625 0.0515625 0.0671875
0 0.2515625 0.66484375 0.059375 0.078125
0 0.4625 0.62109375 0.078125 0.10625
0 0.5046875 0.64609375 0.0703125 0.090625
0 0.546875 0.62890625 0.0390625 0.065625
0 0.63515625 0.67265625 0.090625 0.0796875
0 0.665625 0.62578125 0.05625 0.0703125
0 0.6203125 0.60625 0.046875 0.0609375
0 0.55078125 0.5640625 0.05625 0.0546875
0 0.51015625 0.553125 0.0640625 0.078125
0 0.37890625 0.5203125 0.1109375 0.1078125
0 0.44609375 0.53828125 0.0515625 0.059375
0 0.190625 0.53515625 0.0484375 0.071875
0 0.21640625 0.49296875 0.0484375 0.05
0 0.29140625 0.56328125 0.0703125 0.0546875
0 0.2765625 0.521875 0.0359375 0.05
0 0.31015625 0.50625 0.0421875 0.0671875
0 0.2671875 0.47265625 0.0515625 0.071875
0 0.3515625 0.4546875 0.0515625 0.0484375
0 0.39609375 0.44765625 0.025 0.040625
0 0.31328125 0.378125 0.03125 0.0671875
0 0.33984375 0.3609375 0.03125 0.05
0 0.19296875 0.39453125 0.05625 0.05625
0 0.1515625 0.378125 0.0375 0.06875
0 0.09140625 0.36953125 0.0390625 0.078125
0 0.05390625 0.38046875 0.0484375 0.0765625
0 0.10703125 0.43515625 0.040625 0.0421875
0 0.0328125 0.4875 0.0234375 0.053125
0 0.009375 0.48828125 0.0171875 0.0640625
0 0.06328125 0.47265625 0.04375 0.065625
0 0.0703125 0.3375 0.0234375 0.0484375
0 0.1515625 0.3296875 0.0484375 0.04375
0 0.21953125 0.321875 0.053125 0.040625
0 0.2375 0.3609375 0.046875 0.04375
0 0.31484375 0.31875 0.0453125 0.0453125
0 0.39296875 0.33671875 0.0375 0.0546875
0 0.5234375 0.49921875 0.059375 0.05625
0 0.575 0.5109375 0.0546875 0.05625
0 0.62578125 0.5484375 0.0703125 0.075
0 0.67265625 0.5609375 0.0359375 0.0828125
0 0.7171875 0.52421875 0.078125 0.1
0 0.728125 0.490625 0.0703125 0.05625
0 0.79765625 0.52109375 0.059375 0.0921875
0 0.8453125 0.55078125 0.0625 0.09375
0 0.90390625 0.603125 0.0421875 0.0609375
0 0.9265625 0.528125 0.0625 0.0703125
0 0.978125 0.50390625 0.04375 0.0734375
0 0.90859375 0.4609375 0.053125 0.065625
0 0.88671875 0.4953125 0.04375 0.065625
0 0.8453125 0.48828125 0.04375 0.0515625
0 0.4515625 0.4453125 0.03125 0.08125
0 0.49296875 0.4359375 0.059375 0.0375
0 0.49609375 0.4578125 0.059375 0.0359375
0 0.5484375 0.44375 0.0421875 0.046875
0 0.58125 0.44375 0.046875 0.053125
0 0.63359375 0.43515625 0.046875 0.053125
0 0.6671875 0.4234375 0.0359375 0.0625
0 0.70703125 0.4484375 0.059375 0.0359375
0 0.44921875 0.31484375 0.059375 0.0765625
0 0.47890625 0.346875 0.0328125 0.0390625
0 0.496875 0.33046875 0.04375 0.0515625
0 0.5171875 0.3515625 0.0234375 0.0484375
0 0.4796875 0.3734375 0.04375 0.03125
0 0.4890625 0.3890625 0.05 0.0578125
0 0.52109375 0.39609375 0.0640625 0.0515625
0 0.56875 0.40390625 0.059375 0.0390625
0 0.609375 0.40078125 0.04375 0.040625
0 0.6375 0.3890625 0.025 0.053125
0 0.68671875 0.38359375 0.028125 0.0546875
0 0.71953125 0.3875 0.0421875 0.0609375
0 0.75234375 0.4359375 0.0546875 0.0421875
0 0.83125 0.4375 0.0359375 0.04375
0 0.865625 0.43671875 0.0375 0.05
0 0.9625 0.43828125 0.075 0.053125
0 0.91171875 0.41328125 0.05 0.0328125
0 0.91640625 0.3890625 0.0390625 0.040625
0 0.97109375 0.39765625 0.0546875 0.0453125
0 0.7859375 0.39375 0.0421875 0.0515625
0 0.75234375 0.3421875 0.028125 0.0453125
0 0.78984375 0.34765625 0.0359375 0.0515625
0 0.8171875 0.34140625 0.025 0.0609375
0 0.85 0.34453125 0.034375 0.046875
0 0.84140625 0.31875 0.04375 0.0390625
0 0.790625 0.31796875 0.046875 0.03125
0 0.7890625 0.2984375 0.05 0.0375
0 0.8140625 0.2875 0.04375 0.03125
0 0.85390625 0.28671875 0.059375 0.0359375
0 0.91484375 0.27109375 0.0515625 0.053125
0 0.95078125 0.29765625 0.0359375 0.0453125
0 0.978125 0.29609375 0.034375 0.0328125
0 0.9734375 0.32109375 0.040625 0.028125
0 0.98203125 0.34609375 0.0359375 0.0390625
0 0.9375 0.353125 0.0375 0.0375
0 0.9625 0.3734375 0.03125 0.040625
0 0.90625 0.3375 0.0421875 0.03125
0 0.8671875 0.35703125 0.0671875 0.034375
0 0.8421875 0.39921875 0.0421875 0.046875
0 0.8796875 0.38515625 0.0421875 0.0546875
0 0.87578125 0.32578125 0.028125 0.0484375
0 0.87421875 0.3203125 0.0640625 0.0328125