0 0.97578125 0.92890625 0.0484375 0.10625
0 0.92265625 0.925 0.059375 0.125
0 0.87578125 0.90703125 0.0625 0.06875
0 0.83203125 0.890625 0.0546875 0.096875
0 0.83828125 0.9515625 0.0734375 0.096875
0 0.76484375 0.9796875 0.0859375 0.040625
0 0.69375 0.9296875 0.0703125 0.1109375
0 0.74765625 0.925 0.0671875 0.109375
0 0.78359375 0.8390625 0.0828125 0.0984375
0 0.9671875 0.796875 0.065625 0.1859375
0 0.98359375 0.7328125 0.0328125 0.09375
0 0.93828125 0.6109375 0.0546875 0.0640625
0 0.96484375 0.57109375 0.0484375 0.046875
0 0.91015625 0.578125 0.0515625 0.05625
0 0.871875 0.61484375 0.0609375 0.0640625
0 0.8390625 0.58046875 0.025 0.075
0 0.80703125 0.578125 0.0421875 0.078125
0 0.7734375 0.578125 0.0421875 0.0640625
0 0.75234375 0.64375 0.071875 0.096875
0 0.73046875 0.60625 0.040625 0.0875
0 0.75625 0.58125 0.046875 0.08125
0 0.69375 0.5640625 0.0515625 0.0421875
0 0.671875 0.58828125 0.0625 0.0734375
0 0.61875 0.590625 0.0546875 0.0515625
0 0.634375 0.6125 0.034375 0.059375
0 0.6125 0.640625 0.0734375 0.090625
0 0.6265625 0.71953125 0.0421875 0.10625
0 0.64609375 0.82421875 0.0875 0.109375
0 0.571875 0.925 0.1328125 0.121875
0 0.51796875 0.9125 0.05 0.1125
0 0.3921875 0.9515625 0.065625 0.096875
0 0.3265625 0.975 0.09375 0.05
0 0.3078125 0.9015625 0.046875 0.1234375
0 0.43828125 0.84609375 0.05625 0.084375
0 0.4984375 0.82734375 0.05 0.09375
0 0.50390625 0.76796875 0.0625 0.0875
0 0.58203125 0.69140625 0.05625 0.1125
0 0.54921875 0.715625 0.059375 0.1046875
0 0.47109375 0.7140625 0.0859375 0.0859375
0 0.428125 0.7734375 0.0703125 0.08125
0 0.553125 0.640625 0.04375 0.0890625
0 0.52734375 0.6484375 0.040625 0.08125
0 0.58359375 0.5578125 0.06875 0.0625
0 0.54921875 0.58984375 0.0546875 0.0734375
0 0.503125 0.57578125 0.05625 0.0703125
0 0.52109375 0.5375 0.059375 0.0515625
0 0.4671875 0.53515625 0.0484375 0.0703125
0 0.4203125 0.53359375 0.0359375 0.0671875
0 0.44140625 0.57421875 0.0515625 0.0234375
0 0.428125 0.61484375 0.04375 0.0625
0 0.4140625 0.71796875 0.065625 0.1171875
0 0.3765625 0.7265625 0.034375 0.109375
0 0.33671875 0.7125 0.0578125 0.0890625
0 0.29921875 0.7125 0.0625 0.078125
0 0.30625 0.78046875 0.0453125 0.075
0 0.77421875 0.7453125 0.078125 0.1265625
0 0.96484375 0.51484375 0.01875 0.046875
0 0.9890625 0.51796875 0.021875 0.0453125
0 0.9421875 0.5109375 0.0296875 0.0421875
0 0.96484375 0.4703125 0.05 0.034375
0 0.896875 0.5125 0.04375 0.025
0 0.83828125 0.496875 0.0578125 0.0515625
0 0.89375 0.4734375 0.0453125 0.0515625
0 0.84921875 0.4578125 0.0546875 0.034375
0 0.8625 0.4359375 0.040625 0.0421875
0 0.8796875 0.42109375 0.0515625 0.034375
0 0.85390625 0.38828125 0.05625 0.05625
0 0.87265625 0.36015625 0.05 0.0546875
0 0.89921875 0.38671875 0.0234375 0.0390625
0 0.9390625 0.39609375 0.053125 0.053125
0 0.96796875 0.415625 0.0453125 0.0484375
0 0.96953125 0.43984375 0.0609375 0.0484375
0 0.7859375 0.4453125 0.0484375 0.0609375
0 0.78125 0.49375 0.05 0.040625
0 0.73984375 0.4609375 0.025 0.0453125
0 0.7359375 0.49375 0.05 0.046875
0 0.7046875 0.46171875 0.0484375 0.0484375
0 0.6828125 0.4984375 0.0546875 0.0375
0 0.6359375 0.46328125 0.0421875 0.0484375
0 0.6140625 0.48984375 0.04375 0.034375
0 0.60234375 0.44765625 0.0546875 0.0765625
0 0.5859375 0.428125 0.05 0.0390625
0 0.52109375 0.3546875 0.040625 0.0515625
0 0.496875 0.41953125 0.034375 0.0546875
0 0.49375 0.46796875 0.046875 0.0328125
0 0.55390625 0.4640625 0.028125 0.059375
0 0.5203125 0.46875 0.0484375 0.046875
0 0.42578125 0.4375 0.04375 0.0484375
0 0.3890625 0.4015625 0.025 0.059375
0 0.41171875 0.38046875 0.0296875 0.053125
0 0.41796875 0.3515625 0.0296875 0.0328125
0 0.45234375 0.36328125 0.0234375 0.0578125
0 0.38515625 0.64609375 0.0609375 0.05
0 0.3828125 0.5984375 0.046875 0.04375
0 0.3265625 0.62734375 0.0921875 0.0890625
0 0.35625 0.55390625 0.0640625 0.075
0 0.35625 0.525 0.0265625 0.0484375
0 0.3234375 0.4828125 0.05625 0.08125
0 0.25703125 0.865625 0.10625 0.1015625
0 0.2 0.8296875 0.084375 0.125
0 0.26328125 0.77578125 0.040625 0.078125
0 0.19765625 0.94375 0.05625 0.1125
0 0.09453125 0.94765625 0.06875 0.096875
0 0.0390625 0.8359375 0.0703125 0.1328125
0 0.10234375 0.8453125 0.05 0.103125
0 0.10625 0.75 0.0515625 0.0703125
0 0.15390625 0.79453125 0.0453125 0.1109375
0 0.19921875 0.753125 0.0515625 0.0859375
0 0.1796875 0.66953125 0.053125 0.1015625
0 0.14375 0.64375 0.0671875 0.0828125
0 0.09140625 0.63125 0.053125 0.0953125
0 0.04921875 0.66796875 0.0515625 0.096875
0 0.01953125 0.59296875 0.0390625 0.08125
0 0.03125 0.528125 0.0609375 0.0625
0 0.12890625 0.56484375 0.059375 0.0703125
0 0.17734375 0.55703125 0.0359375 0.05625
0 0.1921875 0.53515625 0.06875 0.0625
0 0.2578125 0.49140625 0.0671875 0.0375
0 0.24921875 0.51328125 0.0421875 0.0421875
0 0.259375 0.54296875 0.071875 0.078125
0 0.23359375 0.603125 0.0375 0.0421875
0 0.275 0.6 0.05625 0.0640625
0 0.253125 0.6578125 0.0421875 0.090625
0 0.17265625 0.47265625 0.0359375 0.0453125
0 0.13515625 0.4765625 0.028125 0.034375
0 0.11875 0.46953125 0.0359375 0.04375
0 0.08671875 0.46640625 0.0328125 0.0421875
0 0.05234375 0.465625 0.04375 0.0390625
0 0.01640625 0.46328125 0.0328125 0.0484375
0 0.01796875 0.4265625 0.0359375 0.0453125
0 0.01640625 0.40625 0.03125 0.034375
0 0.0484375 0.41953125 0.028125 0.0515625
0 0.0734375 0.41953125 0.034375 0.0390625
0 0.09921875 0.41640625 0.0453125 0.053125
0 0.13046875 0.37578125 0.0359375 0.0421875
0 0.0390625 0.3515625 0.025 0.0359375
0 0.01640625 0.36640625 0.0328125 0.053125
0 0.09609375 0.36875 0.040625 0.0484375
0 0.0203125 0.3265625 0.0265625 0.0328125
0 0.0625 0.32734375 0.0421875 0.0453125
0 0.1015625 0.3265625 0.040625 0.04375
0 0.16640625 0.334375 0.046875 0.040625
0 0.19921875 0.3421875 0.01875 0.040625
0 0.2125 0.35390625 0.0375 0.059375
0 0.24609375 0.384375 0.05625 0.0484375
0 0.2890625 0.33125 0.0375 0.034375
0 0.31875 0.33671875 0.0296875 0.03125
0 0.30234375 0.3703125 0.05625 0.0390625
0 0.2953125 0.4109375 0.046875 0.046875
0 0.3265625 0.40546875 0.046875 0.04375
0 0.35546875 0.35 0.03125 0.0484375