0 0.25234375 0.8984375 0.2046875 0.19375
0 0.53828125 0.934375 0.1 0.13125
0 0.62578125 0.9359375 0.1125 0.128125
0 0.7296875 0.8984375 0.1171875 0.1546875
0 0.93203125 0.90390625 0.065625 0.171875
0 0.88203125 0.9640625 0.078125 0.071875
0 0.59296875 0.76484375 0.09375 0.1140625
0 0.496875 0.6984375 0.0703125 0.1765625
0 0.471875 0.628125 0.1046875 0.0828125
0 0.36640625 0.7265625 0.1109375 0.1375
0 0.37109375 0.83984375 0.1015625 0.153125
0 0.13828125 0.75390625 0.1171875 0.1171875
0 0.10546875 0.92265625 0.121875 0.103125
0 0.06015625 0.80625 0.04375 0.1640625
0 0.06640625 0.69921875 0.040625 0.0734375
0 0.096875 0.65390625 0.0390625 0.09375
0 0.21171875 0.634375 0.0828125 0.1734375
0 0.37109375 0.6125 0.1046875 0.0625
0 0.2765625 0.63515625 0.09375 0.0734375
0 0.80234375 0.86015625 0.0828125 0.1203125
0 0.98359375 0.9125 0.0328125 0.090625
0 0.6671875 0.74609375 0.1328125 0.1703125
0 0.83984375 0.6953125 0.1015625 0.1796875
0 0.9734375 0.68671875 0.053125 0.159375
0 0.97265625 0.5640625 0.0546875 0.1109375
0 0.86953125 0.50078125 0.0859375 0.0921875
0 0.65703125 0.55 0.059375 0.0828125
0 0.60546875 0.471875 0.0953125 0.134375
0 0.28046875 0.5125 0.1125 0.084375
0 0.2 0.4453125 0.05 0.109375
0 0.0875 0.5015625 0.0359375 0.09375
0 0.146875 0.48828125 0.040625 0.0640625
0 0.1484375 0.58515625 0.0515625 0.0890625
0 0.19453125 0.5375 0.0609375 0.04375
0 0.02890625 0.6234375 0.0578125 0.103125
0 0.075 0.5828125 0.0796875 0.090625
0 0.0203125 0.54296875 0.040625 0.0609375
0 0.559375 0.60234375 0.05 0.075
0 0.62890625 0.6265625 0.1109375 0.090625
0 0.703125 0.62890625 0.065625 0.1015625
0 0.72890625 0.5578125 0.0578125 0.0859375
0 0.79140625 0.56015625 0.053125 0.096875
0 0.7421875 0.48203125 0.0390625 0.1109375
0 0.771875 0.37109375 0.0859375 0.06875
0 0.80625 0.44140625 0.090625 0.084375
0 0.86015625 0.37734375 0.0546875 0.0546875
0 0.559375 0.3609375 0.03125 0.0515625
0 0.60703125 0.3203125 0.0484375 0.0828125
0 0.42421875 0.39453125 0.0796875 0.05
0 0.33984375 0.43203125 0.04375 0.0828125
0 0.24921875 0.4046875 0.071875 0.0609375
0 0.384375 0.3703125 0.071875 0.0671875
0 0.33828125 0.36171875 0.06875 0.046875
0 0.4359375 0.54375 0.0734375 0.075
0 0.49140625 0.56875 0.0625 0.05625
0 0.43515625 0.49296875 0.08125 0.0703125
0 0.4 0.45625 0.059375 0.0609375
0 0.50390625 0.4546875 0.046875 0.0921875
0 0.45625 0.45078125 0.046875 0.0734375
0 0.478125 0.35234375 0.0328125 0.0703125
0 0.50078125 0.371875 0.034375 0.059375
0 0.396875 0.315625 0.0375 0.046875
0 0.35546875 0.3140625 0.0390625 0.034375
0 0.32109375 0.31484375 0.028125 0.03125
0 0.434375 0.34140625 0.040625 0.09375
0 0.45234375 0.31328125 0.0171875 0.028125
0 0.01953125 0.41328125 0.0390625 0.0671875
0 0.0484375 0.4125 0.025 0.0578125
0 0.1234375 0.4328125 0.0171875 0.053125
0 0.1546875 0.4046875 0.0421875 0.0859375
0 0.1828125 0.36171875 0.04375 0.1015625
0 0.2171875 0.315625 0.0484375 0.0578125
0 0.1265625 0.3234375 0.0265625 0.06875
0 0.10546875 0.371875 0.03125 0.075
0 0.04296875 0.378125 0.0390625 0.0515625
0 0.02109375 0.35703125 0.0421875 0.075
0 0.03203125 0.29609375 0.046875 0.0625
0 0.071875 0.30546875 0.05625 0.0828125
0 0.12578125 0.2875 0.04375 0.0640625
0 0.7796875 0.31640625 0.0328125 0.0734375
0 0.87734375 0.31640625 0.065625 0.0515625
0 0.40703125 0.95703125 0.08125 0.0859375
0 0.41796875 0.88203125 0.0609375 0.096875
0 0.28203125 0.378125 0.0421875 0.06875
0 0.2765625 0.31640625 0.06875 0.0671875
0 0.478125 0.29375 0.046875 0.0609375
0 0.553125 0.31640625 0.059375 0.053125
0 0.65859375 0.309375 0.05 0.06875
0 0.66171875 0.3546875 0.0734375 0.0703125
0 0.7296875 0.30078125 0.040625 0.0609375
0 0.96640625 0.2984375 0.034375 0.0859375
0 0.909375 0.29296875 0.0234375 0.071875
0 0.95 0.38515625 0.084375 0.0828125
0 0.94453125 0.4109375 0.04375 0.1140625
0 0.88984375 0.59453125 0.0546875 0.09375
0 0.8453125 0.5609375 0.040625 0.109375
0 0.3546875 0.2734375 0.025 0.0640625
0 0.5828125 0.3953125 0.0609375 0.075
0 0.6578125 0.41875 0.046875 0.1046875
0 0.67265625 0.49765625 0.078125 0.05625
0 0.3515625 0.53359375 0.0671875 0.0953125
0 0.52578125 0.4890625 0.0671875 0.1015625
0 0.13828125 0.653125 0.08125 0.0859375
0 0.23515625 0.775 0.0578125 0.1671875