0 0.0328125 0.9421875 0.065625 0.109375
0 0.084375 0.69140625 0.1140625 0.1421875
0 0.04296875 0.60625 0.0859375 0.1453125
0 0.1734375 0.5453125 0.05625 0.1453125
0 0.0890625 0.5234375 0.0546875 0.1203125
0 0.08984375 0.49375 0.1078125 0.059375
0 0.10234375 0.440625 0.096875 0.0640625
0 0.26328125 0.5171875 0.06875 0.1390625
0 0.32421875 0.61171875 0.0984375 0.11875
0 0.28671875 0.72734375 0.0625 0.16875
0 0.16953125 0.784375 0.090625 0.153125
0 0.13203125 0.9578125 0.0796875 0.084375
0 0.24765625 0.94765625 0.1296875 0.1046875
0 0.39140625 0.865625 0.1015625 0.1484375
0 0.44609375 0.94140625 0.0671875 0.1171875
0 0.53046875 0.91875 0.1375 0.15
0 0.62578125 0.9234375 0.05625 0.153125
0 0.6875 0.91953125 0.065625 0.1609375
0 0.76953125 0.925 0.08125 0.15
0 0.7546875 0.82265625 0.078125 0.1390625
0 0.853125 0.934375 0.1203125 0.13125
0 0.8765625 0.90390625 0.103125 0.134375
0 0.95625 0.9125 0.0875 0.175
0 0.82734375 0.7875 0.0890625 0.125
0 0.79296875 0.7140625 0.0609375 0.0875
0 0.74296875 0.71640625 0.0546875 0.0953125
0 0.6625 0.75 0.0984375 0.1453125
0 0.53828125 0.7625 0.125 0.1421875
0 0.553125 0.6203125 0.0625 0.15625
0 0.57421875 0.55625 0.0609375 0.128125
0 0.51640625 0.54765625 0.0546875 0.0890625
0 0.47734375 0.51484375 0.0421875 0.096875
0 0.4390625 0.59609375 0.0484375 0.1234375
0 0.615625 0.5265625 0.0953125 0.0890625
0 0.715625 0.5203125 0.0859375 0.0765625
0 0.759375 0.55390625 0.0703125 0.1296875
0 0.86875 0.60546875 0.06875 0.171875
0 0.9359375 0.6125 0.0578125 0.1296875
0 0.959375 0.48515625 0.08125 0.1125
0 0.909375 0.45703125 0.0796875 0.1046875
0 0.9765625 0.34921875 0.046875 0.059375
0 0.96875 0.41171875 0.0625 0.0703125
0 0.93828125 0.36171875 0.0671875 0.084375
0 0.94140625 0.31171875 0.0671875 0.0625
0 0.8640625 0.31796875 0.071875 0.0546875
0 0.85 0.36015625 0.065625 0.0578125
0 0.821875 0.39921875 0.0765625 0.103125
0 0.70390625 0.4421875 0.1 0.075
0 0.63984375 0.40703125 0.0984375 0.096875
0 0.6828125 0.37890625 0.059375 0.0640625
0 0.71171875 0.378125 0.075 0.0890625
0 0.7640625 0.37109375 0.059375 0.0875
0 0.7875 0.3421875 0.059375 0.0546875
0 0.8078125 0.30546875 0.078125 0.0546875
0 0.80625 0.26171875 0.0453125 0.0515625
0 0.753125 0.275 0.0578125 0.0484375
0 0.72734375 0.31796875 0.078125 0.0625
0 0.653125 0.3375 0.0484375 0.0625
0 0.5578125 0.390625 0.059375 0.1046875
0 0.4703125 0.41953125 0.084375 0.115625
0 0.3796875 0.43828125 0.078125 0.1296875
0 0.36015625 0.38359375 0.046875 0.103125
0 0.2828125 0.41328125 0.040625 0.078125
0 0.25625 0.37265625 0.0671875 0.071875
0 0.22890625 0.36015625 0.0734375 0.09375
0 0.171875 0.36328125 0.0625 0.0609375
0 0.16484375 0.4015625 0.05625 0.06875
0 0.184375 0.45859375 0.0625 0.0703125
0 0.2265625 0.43125 0.0625 0.096875
0 0.28203125 0.30546875 0.0578125 0.0625
0 0.33828125 0.3796875 0.1171875 0.0890625
0 0.3546875 0.325 0.1484375 0.0875
0 0.3609375 0.265625 0.0546875 0.046875
0 0.41640625 0.28515625 0.0546875 0.0453125
0 0.40234375 0.24296875 0.0703125 0.0640625
0 0.45859375 0.2546875 0.0609375 0.053125
0 0.45703125 0.2984375 0.0390625 0.053125
0 0.47890625 0.30703125 0.0453125 0.06875
0 0.5015625 0.34765625 0.0453125 0.071875
0 0.53046875 0.271875 0.0484375 0.0484375
0 0.553125 0.3109375 0.0546875 0.084375
0 0.57578125 0.25703125 0.0484375 0.0515625
0 0.60234375 0.30703125 0.059375 0.1015625
0 0.4953125 0.2375 0.0234375 0.0625
0 0.4953125 0.196875 0.046875 0.0703125
0 0.54453125 0.21875 0.04375 0.0546875
0 0.6421875 0.278125 0.0484375 0.075
0 0.70078125 0.265625 0.0546875 0.04375
0 0.6609375 0.23203125 0.0546875 0.05
0 0.72734375 0.23515625 0.0734375 0.04375
0 0.63046875 0.215625 0.05 0.0671875
0 0.596875 0.22109375 0.05 0.0625
0 0.55625 0.20078125 0.0640625 0.034375
0 0.96875 0.25859375 0.0625 0.0578125
0 0.84765625 0.22109375 0.03125 0.0484375
0 0.81875 0.21015625 0.034375 0.05625
0 0.784375 0.19609375 0.0453125 0.053125
0 0.725 0.1875 0.065625 0.0390625
0 0.6609375 0.16796875 0.0375 0.0546875
0 0.62421875 0.16171875 0.0359375 0.0328125
0 0.57109375 0.14921875 0.0671875 0.0578125
0 0.64609375 0.1109375 0.059375 0.0453125
0 0.7015625 0.1046875 0.065625 0.046875
0 0.75859375 0.165625 0.0625 0.046875
0 0.80859375 0.15078125 0.059375 0.0515625
0 0.88125 0.175 0.0765625 0.040625
0 0.89453125 0.215625 0.0796875 0.0515625
0 0.9671875 0.209375 0.065625 0.0546875
0 0.94140625 0.1515625 0.053125 0.0484375
0 0.928125 0.1046875 0.053125 0.03125
0 0.9078125 0.1234375 0.0484375 0.05
0 0.871875 0.125 0.0484375 0.05
0 0.784375 0.1203125 0.0625 0.04375
0 0.7671875 0.07421875 0.0625 0.05625
0 0.81796875 0.075 0.0390625 0.0421875
0 0.7265625 0.07109375 0.040625 0.065625