0 0.02421875 0.92890625 0.0484375 0.10625
0 0.07734375 0.925 0.059375 0.125
0 0.12421875 0.90703125 0.0625 0.06875
0 0.16796875 0.890625 0.0546875 0.096875
0 0.16171875 0.9515625 0.0734375 0.096875
0 0.23515625 0.9796875 0.0875 0.040625
0 0.30625 0.9296875 0.0703125 0.1109375
0 0.25234375 0.925 0.06875 0.109375
0 0.21640625 0.8390625 0.0828125 0.0984375
0 0.0328125 0.796875 0.065625 0.1859375
0 0.01640625 0.7328125 0.0328125 0.09375
0 0.06171875 0.6109375 0.0546875 0.0640625
0 0.03515625 0.57109375 0.0484375 0.046875
0 0.08984375 0.578125 0.0515625 0.05625
0 0.128125 0.61484375 0.0609375 0.0640625
0 0.1609375 0.58046875 0.025 0.075
0 0.19296875 0.578125 0.0421875 0.078125
0 0.2265625 0.578125 0.0421875 0.0640625
0 0.24765625 0.64375 0.071875 0.096875
0 0.26953125 0.60625 0.040625 0.0875
0 0.24375 0.58125 0.046875 0.08125
0 0.30625 0.5640625 0.053125 0.0421875
0 0.328125 0.58828125 0.0625 0.0734375
0 0.38125 0.590625 0.0546875 0.0515625
0 0.365625 0.6125 0.034375 0.059375
0 0.3875 0.640625 0.0734375 0.090625
0 0.3734375 0.71953125 0.0421875 0.10625
0 0.35390625 0.82421875 0.0859375 0.109375
0 0.428125 0.925 0.1328125 0.121875
0 0.48203125 0.9125 0.05 0.1125
0 0.6078125 0.9515625 0.065625 0.096875
0 0.6734375 0.975 0.09375 0.05
0 0.6921875 0.9015625 0.046875 0.1234375
0 0.56171875 0.84609375 0.05625 0.084375
0 0.5015625 0.82734375 0.05 0.09375
0 0.49609375 0.76796875 0.0625 0.0875
0 0.41796875 0.69140625 0.05625 0.1125
0 0.45078125 0.715625 0.059375 0.1046875
0 0.52890625 0.7140625 0.0859375 0.0859375
0 0.571875 0.7734375 0.0703125 0.08125
0 0.446875 0.640625 0.04375 0.0890625
0 0.47265625 0.6484375 0.040625 0.08125
0 0.41640625 0.5578125 0.06875 0.0625
0 0.45078125 0.58984375 0.0546875 0.0734375
0 0.496875 0.57578125 0.05625 0.0703125
0 0.47890625 0.5375 0.059375 0.0515625
0 0.5328125 0.53515625 0.0484375 0.0703125
0 0.5796875 0.53359375 0.0359375 0.0671875
0 0.55859375 0.57421875 0.0515625 0.0234375
0 0.571875 0.61484375 0.04375 0.0625
0 0.5859375 0.71796875 0.065625 0.1171875
0 0.6234375 0.7265625 0.034375 0.109375
0 0.66328125 0.7125 0.0578125 0.0890625
0 0.70078125 0.7125 0.0625 0.078125
0 0.69375 0.78046875 0.0453125 0.075
0 0.22578125 0.7453125 0.078125 0.1265625
0 0.03515625 0.51484375 0.01875 0.046875
0 0.0109375 0.51796875 0.021875 0.0453125
0 0.0578125 0.5109375 0.0296875 0.0421875
0 0.03515625 0.4703125 0.05 0.034375
0 0.103125 0.5125 0.04375 0.025
0 0.16171875 0.496875 0.05625 0.0515625
0 0.10625 0.4734375 0.0453125 0.0515625
0 0.15078125 0.4578125 0.0546875 0.034375
0 0.1375 0.4359375 0.040625 0.0421875
0 0.1203125 0.42109375 0.0515625 0.034375
0 0.14609375 0.38828125 0.05625 0.05625
0 0.12734375 0.36015625 0.05 0.0546875
0 0.10078125 0.38671875 0.0234375 0.0390625
0 0.0609375 0.39609375 0.053125 0.053125
0 0.03203125 0.415625 0.0453125 0.0484375
0 0.03046875 0.43984375 0.0609375 0.0484375
0 0.2140625 0.4453125 0.0484375 0.0609375
0 0.21875 0.49375 0.05 0.040625
0 0.26015625 0.4609375 0.025 0.0453125
0 0.2640625 0.49375 0.05 0.046875
0 0.2953125 0.46171875 0.046875 0.0484375
0 0.3171875 0.4984375 0.0546875 0.0375
0 0.3640625 0.46328125 0.0421875 0.0484375
0 0.3859375 0.48984375 0.0453125 0.034375
0 0.39765625 0.44765625 0.0546875 0.0765625
0 0.4140625 0.428125 0.05 0.0390625
0 0.47890625 0.3546875 0.040625 0.0515625
0 0.503125 0.41953125 0.034375 0.0546875
0 0.50625 0.46796875 0.046875 0.0328125
0 0.44609375 0.4640625 0.0296875 0.059375
0 0.4796875 0.46875 0.0484375 0.046875
0 0.57421875 0.4375 0.04375 0.0484375
0 0.6109375 0.4015625 0.025 0.059375
0 0.58828125 0.38046875 0.028125 0.053125
0 0.58203125 0.3515625 0.0296875 0.0328125
0 0.54765625 0.36328125 0.0234375 0.0578125
0 0.61484375 0.64609375 0.0609375 0.05
0 0.6171875 0.5984375 0.046875 0.04375
0 0.6734375 0.62734375 0.090625 0.0890625
0 0.64375 0.55390625 0.0640625 0.075
0 0.64375 0.525 0.0265625 0.0484375
0 0.6765625 0.4828125 0.05625 0.08125
0 0.74296875 0.865625 0.10625 0.1015625
0 0.8 0.8296875 0.0859375 0.125
0 0.73671875 0.77578125 0.0421875 0.078125
0 0.80234375 0.94375 0.0578125 0.1125
0 0.90546875 0.94765625 0.06875 0.096875
0 0.9609375 0.8359375 0.0703125 0.1328125
0 0.89765625 0.8453125 0.05 0.103125
0 0.89375 0.75 0.0515625 0.0703125
0 0.84609375 0.79453125 0.0453125 0.1109375
0 0.80078125 0.753125 0.0515625 0.0859375
0 0.8203125 0.66953125 0.053125 0.1015625
0 0.85625 0.64375 0.0671875 0.0828125
0 0.90859375 0.63125 0.053125 0.0953125
0 0.95078125 0.66796875 0.0515625 0.096875
0 0.98046875 0.59296875 0.0390625 0.08125
0 0.96875 0.528125 0.0609375 0.0625
0 0.87109375 0.56484375 0.059375 0.0703125
0 0.82265625 0.55703125 0.0359375 0.05625
0 0.8078125 0.53515625 0.06875 0.0625
0 0.7421875 0.49140625 0.0671875 0.0375
0 0.75078125 0.51328125 0.0421875 0.0421875
0 0.740625 0.54296875 0.071875 0.078125
0 0.76640625 0.603125 0.0375 0.0421875
0 0.725 0.6 0.05625 0.0640625
0 0.746875 0.6578125 0.0421875 0.090625
0 0.82734375 0.47265625 0.0359375 0.0453125
0 0.86484375 0.4765625 0.028125 0.034375
0 0.88125 0.46953125 0.0359375 0.04375
0 0.91328125 0.46640625 0.0328125 0.0421875
0 0.94765625 0.465625 0.04375 0.0390625
0 0.98359375 0.46328125 0.0328125 0.0484375
0 0.98203125 0.4265625 0.0359375 0.0453125
0 0.98359375 0.40625 0.03125 0.034375
0 0.9515625 0.41953125 0.028125 0.0515625
0 0.9265625 0.41953125 0.034375 0.0390625
0 0.90078125 0.41640625 0.0453125 0.053125
0 0.86953125 0.37578125 0.0359375 0.0421875
0 0.9609375 0.3515625 0.025 0.0359375
0 0.98359375 0.36640625 0.0328125 0.053125
0 0.90390625 0.36875 0.040625 0.0484375
0 0.9796875 0.3265625 0.0265625 0.0328125
0 0.9375 0.32734375 0.0421875 0.0453125
0 0.8984375 0.3265625 0.040625 0.04375
0 0.83359375 0.334375 0.046875 0.040625
0 0.80078125 0.3421875 0.01875 0.040625
0 0.7875 0.35390625 0.0375 0.059375
0 0.75390625 0.384375 0.05625 0.0484375
0 0.7109375 0.33125 0.0375 0.034375
0 0.68125 0.33671875 0.028125 0.03125
0 0.69765625 0.3703125 0.05625 0.0390625
0 0.7046875 0.4109375 0.046875 0.046875
0 0.6734375 0.40546875 0.046875 0.04375
0 0.64453125 0.35 0.03125 0.0484375