0 0.17526041666666667 0.3675925925925926 0.015104166666666667 0.009259259259259259
0 0.18802083333333333 0.36666666666666664 0.008333333333333333 0.012037037037037037
0 0.18515625 0.38657407407407407 0.013541666666666667 0.009259259259259259
0 0.22760416666666666 0.37407407407407406 0.013541666666666667 0.012962962962962963
0 0.20026041666666666 0.34305555555555556 0.0125 0.012962962962962963
0 0.22447916666666667 0.3333333333333333 0.015104166666666667 0.012037037037037037
0 0.18359375 0.3398148148148148 0.009895833333333333 0.009259259259259259
0 0.1796875 0.32546296296296295 0.0125 0.011111111111111112
0 0.18307291666666667 0.32222222222222224 0.015625 0.012037037037037037
0 0.18697916666666667 0.31805555555555554 0.013020833333333334 0.013888888888888888
0 0.17005208333333333 0.34953703703703703 0.008333333333333333 0.011111111111111112
0 0.14817708333333332 0.36064814814814816 0.0109375 0.013888888888888888
0 0.13828125 0.3699074074074074 0.013541666666666667 0.019444444444444445
0 0.1515625 0.3768518518518518 0.017708333333333333 0.016666666666666666
0 0.13151041666666666 0.37592592592592594 0.008854166666666666 0.019444444444444445
0 0.12317708333333334 0.3888888888888889 0.015625 0.012962962962962963
0 0.09765625 0.41944444444444445 0.014583333333333334 0.01574074074074074
0 0.06510416666666667 0.4597222222222222 0.011979166666666667 0.020370370370370372
0 0.020052083333333335 0.5092592592592593 0.017708333333333333 0.026851851851851852
0 0.00859375 0.5236111111111111 0.0171875 0.022222222222222223
0 0.16380208333333332 0.4134259259259259 0.009375 0.019444444444444445
0 0.18229166666666666 0.4097222222222222 0.014583333333333334 0.011111111111111112
0 0.19817708333333334 0.4115740740740741 0.0109375 0.012037037037037037
0 0.21302083333333333 0.4074074074074074 0.014583333333333334 0.011111111111111112
0 0.25442708333333336 0.39305555555555555 0.008333333333333333 0.012962962962962963
0 0.26536458333333335 0.4 0.0078125 0.011111111111111112
0 0.27369791666666665 0.36342592592592593 0.0125 0.013888888888888888
0 0.2526041666666667 0.3472222222222222 0.0109375 0.017592592592592594
0 0.26588541666666665 0.34675925925925927 0.011458333333333333 0.01574074074074074
0 0.21432291666666667 0.3541666666666667 0.0125 0.019444444444444445
0 0.1359375 0.4398148148148148 0.013541666666666667 0.017592592592592594
0 0.11770833333333333 0.44351851851851853 0.015104166666666667 0.013888888888888888
0 0.15755208333333334 0.5027777777777778 0.019270833333333334 0.01574074074074074
0 0.196875 0.5069444444444444 0.015104166666666667 0.010185185185185186
0 0.19401041666666666 0.5199074074074074 0.0171875 0.012037037037037037
0 0.07447916666666667 0.5601851851851852 0.0171875 0.024074074074074074
0 0.05234375 0.575925925925926 0.0234375 0.025
0 0.023177083333333334 0.6083333333333333 0.022916666666666665 0.024074074074074074
0 0.027864583333333335 0.5791666666666667 0.019791666666666666 0.025925925925925925
0 0.08307291666666666 0.6305555555555555 0.0203125 0.027777777777777776
0 0.08932291666666667 0.6625 0.022395833333333334 0.018518518518518517
0 0.10911458333333333 0.6689814814814815 0.020833333333333332 0.021296296296296296
0 0.11927083333333334 0.6402777777777777 0.026041666666666668 0.017592592592592594
0 0.1265625 0.6310185185185185 0.024479166666666666 0.017592592592592594
0 0.14036458333333332 0.6162037037037037 0.018229166666666668 0.020370370370370372
0 0.146875 0.6083333333333333 0.019791666666666666 0.025
0 0.16484375 0.575925925925926 0.021875 0.025925925925925925
0 0.18541666666666667 0.5671296296296297 0.03125 0.017592592592592594
0 0.17942708333333332 0.5476851851851852 0.020833333333333332 0.01574074074074074
0 0.20208333333333334 0.5337962962962963 0.016145833333333335 0.017592592592592594
0 0.20625 0.5518518518518518 0.0171875 0.014814814814814815
0 0.2559895833333333 0.44305555555555554 0.022916666666666665 0.01574074074074074
0 0.22447916666666667 0.4759259259259259 0.013541666666666667 0.017592592592592594
0 0.23854166666666668 0.4787037037037037 0.013541666666666667 0.020370370370370372
0 0.22057291666666667 0.48333333333333334 0.0109375 0.016666666666666666
0 0.20807291666666666 0.48564814814814816 0.009895833333333333 0.016666666666666666
0 0.19427083333333334 0.4356481481481482 0.0140625 0.01574074074074074
0 0.20963541666666666 0.4532407407407407 0.0140625 0.012037037037037037
0 0.23333333333333334 0.45185185185185184 0.0171875 0.012037037037037037
0 0.13333333333333333 0.7069444444444445 0.021354166666666667 0.021296296296296296
0 0.1625 0.7027777777777777 0.023958333333333335 0.025
0 0.21041666666666667 0.7416666666666667 0.030729166666666665 0.05740740740740741
0 0.16614583333333333 0.9324074074074075 0.03958333333333333 0.03611111111111111
0 0.07291666666666667 0.8657407407407407 0.03177083333333333 0.021296296296296296
0 0.2671875 0.8287037037037037 0.03229166666666667 0.032407407407407406
0 0.30078125 0.8268518518518518 0.026041666666666668 0.03796296296296296
0 0.28359375 0.7078703703703704 0.030729166666666665 0.025
0 0.25859375 0.6717592592592593 0.0265625 0.03518518518518519
0 0.2747395833333333 0.6578703703703703 0.03229166666666667 0.022222222222222223
0 0.28567708333333336 0.6375 0.0328125 0.019444444444444445
0 0.26901041666666664 0.5842592592592593 0.011458333333333333 0.03425925925925926
0 0.284375 0.5796296296296296 0.0234375 0.013888888888888888
0 0.28411458333333334 0.5976851851851852 0.014583333333333334 0.024074074074074074
0 0.30078125 0.5935185185185186 0.016666666666666666 0.03796296296296296
0 0.31588541666666664 0.5768518518518518 0.013541666666666667 0.023148148148148147
0 0.2989583333333333 0.5675925925925925 0.024479166666666666 0.019444444444444445
0 0.30494791666666665 0.5532407407407407 0.027083333333333334 0.017592592592592594
0 0.33255208333333336 0.538425925925926 0.01875 0.024074074074074074
0 0.32578125 0.5300925925925926 0.0234375 0.021296296296296296
0 0.3 0.5111111111111111 0.013541666666666667 0.03518518518518519
0 0.3234375 0.4787037037037037 0.019270833333333334 0.01574074074074074
0 0.3265625 0.4601851851851852 0.0203125 0.020370370370370372
0 0.34140625 0.48055555555555557 0.0140625 0.017592592592592594
0 0.3536458333333333 0.48009259259259257 0.0125 0.017592592592592594
0 0.37083333333333335 0.48009259259259257 0.0140625 0.014814814814814815
0 0.37526041666666665 0.5 0.016666666666666666 0.017592592592592594
0 0.35494791666666664 0.4685185185185185 0.016145833333333335 0.017592592592592594
0 0.365625 0.46574074074074073 0.018229166666666668 0.016666666666666666
0 0.3575520833333333 0.45231481481481484 0.021354166666666667 0.013888888888888888
0 0.40260416666666665 0.41898148148148145 0.01875 0.012037037037037037
0 0.35182291666666665 0.4134259259259259 0.0109375 0.024074074074074074
0 0.4002604166666667 0.3990740740740741 0.014583333333333334 0.014814814814814815
0 0.42526041666666664 0.41944444444444445 0.0234375 0.013888888888888888
0 0.44140625 0.42592592592592593 0.015625 0.010185185185185186
0 0.39947916666666666 0.4439814814814815 0.016145833333333335 0.01574074074074074
0 0.4192708333333333 0.43657407407407406 0.011979166666666667 0.020370370370370372
0 0.41302083333333334 0.44722222222222224 0.0109375 0.016666666666666666
0 0.4356770833333333 0.4425925925925926 0.015625 0.012037037037037037
0 0.409375 0.48009259259259257 0.015625 0.017592592592592594
0 0.41640625 0.475462962962963 0.013020833333333334 0.01574074074074074
0 0.4434895833333333 0.47685185185185186 0.016666666666666666 0.017592592592592594
0 0.4591145833333333 0.47175925925925927 0.007291666666666667 0.01574074074074074
0 0.4747395833333333 0.48009259259259257 0.019791666666666666 0.012037037037037037
0 0.4942708333333333 0.4875 0.019270833333333334 0.013888888888888888
0 0.4703125 0.39490740740740743 0.008854166666666666 0.013888888888888888
0 0.4791666666666667 0.3939814814814815 0.009895833333333333 0.012962962962962963
0 0.490625 0.3939814814814815 0.009895833333333333 0.013888888888888888
0 0.5026041666666666 0.39166666666666666 0.010416666666666666 0.012037037037037037
0 0.39296875 0.37824074074074077 0.014583333333333334 0.010185185185185186
0 0.428125 0.34814814814814815 0.0125 0.012037037037037037
0 0.40130208333333334 0.3476851851851852 0.014583333333333334 0.012037037037037037
0 0.5096354166666667 0.31666666666666665 0.015104166666666667 0.011111111111111112
0 0.50859375 0.3680555555555556 0.015625 0.01574074074074074
0 0.5307291666666667 0.37592592592592594 0.019270833333333334 0.009259259259259259
0 0.5283854166666667 0.39490740740740743 0.016666666666666666 0.020370370370370372
0 0.5330729166666667 0.4199074074074074 0.013541666666666667 0.014814814814814815
0 0.5333333333333333 0.44074074074074077 0.017708333333333333 0.014814814814814815
0 0.46171875 0.43657407407407406 0.015104166666666667 0.012962962962962963
0 0.475 0.4166666666666667 0.0171875 0.01574074074074074
0 0.5565104166666667 0.43472222222222223 0.0125 0.022222222222222223
0 0.55625 0.3861111111111111 0.013541666666666667 0.022222222222222223
0 0.553125 0.37777777777777777 0.017708333333333333 0.022222222222222223
0 0.5481770833333334 0.35833333333333334 0.018229166666666668 0.027777777777777776
0 0.5627604166666667 0.4041666666666667 0.015625 0.025
0 0.575 0.4601851851851852 0.019270833333333334 0.019444444444444445
0 0.4669270833333333 0.525 0.013541666666666667 0.024074074074074074
0 0.48333333333333334 0.5435185185185185 0.026041666666666668 0.017592592592592594
0 0.4640625 0.5532407407407407 0.024479166666666666 0.018518518518518517
0 0.465625 0.5712962962962963 0.019270833333333334 0.025925925925925925
0 0.4778645833333333 0.600925925925926 0.0296875 0.017592592592592594
0 0.43046875 0.5819444444444445 0.026041666666666668 0.019444444444444445
0 0.40598958333333335 0.5592592592592592 0.022395833333333334 0.022222222222222223
0 0.3828125 0.5550925925925926 0.0203125 0.024074074074074074
0 0.40260416666666665 0.611574074074074 0.0265625 0.027777777777777776
0 0.42473958333333334 0.6023148148148149 0.018229166666666668 0.027777777777777776
0 0.43515625 0.6208333333333333 0.0265625 0.018518518518518517
0 0.44817708333333334 0.6101851851851852 0.021354166666666667 0.017592592592592594
0 0.43333333333333335 0.6333333333333333 0.025520833333333333 0.025925925925925925
0 0.37604166666666666 0.6453703703703704 0.019270833333333334 0.037037037037037035
0 0.4830729166666667 0.7106481481481481 0.0296875 0.027777777777777776
0 0.4973958333333333 0.6300925925925925 0.03229166666666667 0.023148148148148147
0 0.5434895833333333 0.5898148148148148 0.025 0.026851851851851852
0 0.57734375 0.5592592592592592 0.019791666666666666 0.03611111111111111
0 0.54296875 0.7101851851851851 0.030729166666666665 0.028703703703703703
0 0.57265625 0.7324074074074074 0.0359375 0.025925925925925925
0 0.46848958333333335 0.7810185185185186 0.026041666666666668 0.03611111111111111
0 0.37890625 0.8986111111111111 0.0390625 0.02962962962962963
0 0.4427083333333333 0.8546296296296296 0.028645833333333332 0.04351851851851852
0 0.6151041666666667 0.788425925925926 0.03697916666666667 0.03981481481481482
0 0.5768229166666666 0.8708333333333333 0.04010416666666667 0.02962962962962963
0 0.6171875 0.6041666666666666 0.015104166666666667 0.040740740740740744
0 0.6265625 0.6333333333333333 0.027604166666666666 0.046296296296296294
0 0.6372395833333333 0.6717592592592593 0.033854166666666664 0.022222222222222223
0 0.6317708333333333 0.6967592592592593 0.0359375 0.03611111111111111
0 0.64296875 0.7018518518518518 0.030729166666666665 0.03888888888888889
0 0.6481770833333333 0.7430555555555556 0.022916666666666665 0.049074074074074076
0 0.66875 0.6333333333333333 0.0203125 0.027777777777777776
0 0.65 0.5907407407407408 0.0265625 0.024074074074074074
0 0.6809895833333334 0.6129629629629629 0.029166666666666667 0.01574074074074074
0 0.67421875 0.7013888888888888 0.03697916666666667 0.025925925925925925
0 0.6755208333333333 0.7212962962962963 0.03333333333333333 0.027777777777777776
0 0.7065104166666667 0.8685185185185185 0.030729166666666665 0.03796296296296296
0 0.6932291666666667 0.899537037037037 0.028125 0.03611111111111111
0 0.7497395833333333 0.9328703703703703 0.028645833333333332 0.03518518518518519
0 0.76484375 0.7851851851851852 0.030729166666666665 0.027777777777777776
0 0.7692708333333333 0.7532407407407408 0.027604166666666666 0.027777777777777776
0 0.7630208333333334 0.6990740740740741 0.019270833333333334 0.030555555555555555
0 0.78359375 0.7046296296296296 0.021875 0.032407407407407406
0 0.8106770833333333 0.7194444444444444 0.03177083333333333 0.024074074074074074
0 0.8005208333333333 0.7814814814814814 0.03125 0.03796296296296296
0 0.7864583333333334 0.7689814814814815 0.0203125 0.030555555555555555
0 0.8283854166666667 0.8152777777777778 0.019270833333333334 0.026851851851851852
0 0.8265625 0.7902777777777777 0.0359375 0.019444444444444445
0 0.8322916666666667 0.7708333333333334 0.021875 0.017592592592592594
0 0.8638020833333333 0.7657407407407407 0.019270833333333334 0.03333333333333333
0 0.86484375 0.7342592592592593 0.03125 0.03611111111111111
0 0.84609375 0.6550925925925926 0.020833333333333332 0.02962962962962963
0 0.7979166666666667 0.6055555555555555 0.025 0.020370370370370372
0 0.7606770833333333 0.5736111111111111 0.018229166666666668 0.024074074074074074
0 0.7286458333333333 0.5657407407407408 0.0265625 0.025
0 0.7518229166666667 0.5342592592592592 0.013541666666666667 0.030555555555555555
0 0.7356770833333334 0.5467592592592593 0.027083333333333334 0.01574074074074074
0 0.73046875 0.5282407407407408 0.027604166666666666 0.016666666666666666
0 0.7044270833333334 0.5296296296296297 0.019270833333333334 0.022222222222222223
0 0.6958333333333333 0.4935185185185185 0.016666666666666666 0.022222222222222223
0 0.6752604166666667 0.4986111111111111 0.019270833333333334 0.018518518518518517
0 0.7630208333333334 0.4888888888888889 0.015625 0.01574074074074074
0 0.7846354166666667 0.49722222222222223 0.016666666666666666 0.016666666666666666
0 0.79921875 0.49953703703703706 0.016666666666666666 0.016666666666666666
0 0.7885416666666667 0.47175925925925927 0.014583333333333334 0.01574074074074074
0 0.80703125 0.47175925925925927 0.0171875 0.01574074074074074
0 0.7669270833333334 0.45555555555555555 0.023958333333333335 0.012962962962962963
0 0.7419270833333333 0.4615740740740741 0.019791666666666666 0.017592592592592594
0 0.7302083333333333 0.4689814814814815 0.01875 0.017592592592592594
0 0.7109375 0.4703703703703704 0.015625 0.017592592592592594
0 0.6752604166666667 0.45601851851851855 0.019270833333333334 0.012037037037037037
0 0.6888020833333334 0.4532407407407407 0.007291666666666667 0.017592592592592594
0 0.6815104166666667 0.40370370370370373 0.018229166666666668 0.012037037037037037
0 0.7200520833333334 0.3972222222222222 0.0140625 0.009259259259259259
0 0.7260416666666667 0.3888888888888889 0.0125 0.011111111111111112
0 0.7752604166666667 0.3680555555555556 0.021354166666666667 0.019444444444444445
0 0.77578125 0.38981481481481484 0.014583333333333334 0.012037037037037037
0 0.7528645833333333 0.4013888888888889 0.0140625 0.013888888888888888
0 0.7645833333333333 0.4023148148148148 0.014583333333333334 0.013888888888888888
0 0.6614583333333334 0.35185185185185186 0.0140625 0.012037037037037037
0 0.6940104166666666 0.3592592592592593 0.013020833333333334 0.011111111111111112
0 0.7361979166666667 0.33564814814814814 0.019270833333333334 0.014814814814814815
0 0.7244791666666667 0.325 0.014583333333333334 0.009259259259259259
0 0.9278645833333333 0.663425925925926 0.01875 0.025
0 0.9885416666666667 0.6328703703703704 0.021875 0.03611111111111111
0 0.9708333333333333 0.5810185185185185 0.019270833333333334 0.018518518518518517
0 0.9588541666666667 0.5763888888888888 0.016145833333333335 0.019444444444444445
0 0.9143229166666667 0.6023148148148149 0.0203125 0.021296296296296296
0 0.98515625 0.5226851851851851 0.019791666666666666 0.017592592592592594
0 0.9109375 0.5444444444444444 0.014583333333333334 0.022222222222222223
0 0.9114583333333334 0.5078703703703704 0.0140625 0.032407407407407406
0 0.9213541666666667 0.4699074074074074 0.0203125 0.011111111111111112
0 0.8778645833333333 0.5074074074074074 0.015104166666666667 0.025
0 0.8684895833333334 0.4828703703703704 0.020833333333333332 0.014814814814814815
0 0.8822916666666667 0.4212962962962963 0.0125 0.017592592592592594
0 0.8721354166666667 0.4222222222222222 0.0125 0.019444444444444445
0 0.8677083333333333 0.4527777777777778 0.011458333333333333 0.017592592592592594
0 0.15677083333333333 0.986574074074074 0.035416666666666666 0.026851851851851852
0 0.19114583333333332 0.9921296296296296 0.0390625 0.01574074074074074