0 0.17447916666666666 0.9597222222222223 0.0390625 0.07685185185185185
0 0.13984375 0.962037037037037 0.034375 0.06944444444444445
0 0.23697916666666666 0.8777777777777778 0.06041666666666667 0.053703703703703705
0 0.2955729166666667 0.8537037037037037 0.0609375 0.05462962962962963
0 0.22786458333333334 0.8148148148148148 0.040625 0.062037037037037036
0 0.1921875 0.799537037037037 0.03229166666666667 0.06851851851851852
0 0.19557291666666668 0.736574074074074 0.04479166666666667 0.062037037037037036
0 0.15104166666666666 0.7796296296296297 0.026041666666666668 0.04814814814814815
0 0.103125 0.787962962962963 0.03802083333333333 0.046296296296296294
0 0.08645833333333333 0.7439814814814815 0.05 0.037037037037037035
0 0.06614583333333333 0.7870370370370371 0.044270833333333336 0.024074074074074074
0 0.08515625 0.8157407407407408 0.06510416666666667 0.024074074074074074
0 0.11848958333333333 0.850925925925926 0.052083333333333336 0.032407407407407406
0 0.09322916666666667 0.8726851851851852 0.0546875 0.05092592592592592
0 0.06927083333333334 0.8435185185185186 0.0421875 0.04259259259259259
0 0.14557291666666666 0.8231481481481482 0.059375 0.025925925925925925
0 0.12604166666666666 0.787962962962963 0.0265625 0.04814814814814815
0 0.3296875 0.7138888888888889 0.051041666666666666 0.04351851851851852
0 0.40338541666666666 0.7509259259259259 0.05364583333333333 0.04537037037037037
0 0.39010416666666664 0.6069444444444444 0.034375 0.058333333333333334
0 0.2559895833333333 0.5847222222222223 0.052083333333333336 0.03981481481481482
0 0.14505208333333333 0.6296296296296297 0.03802083333333333 0.05
0 0.10286458333333333 0.6092592592592593 0.03958333333333333 0.02962962962962963
0 0.06067708333333333 0.6226851851851852 0.030208333333333334 0.05
0 0.0625 0.6023148148148149 0.0421875 0.03148148148148148
0 0.12552083333333333 0.587037037037037 0.03802083333333333 0.03888888888888889
0 0.10442708333333334 0.5486111111111112 0.0328125 0.03796296296296296
0 0.1765625 0.5472222222222223 0.035416666666666666 0.03333333333333333
0 0.159375 0.5291666666666667 0.03854166666666667 0.03796296296296296
0 0.1984375 0.524537037037037 0.03697916666666667 0.03148148148148148
0 0.19401041666666666 0.4976851851851852 0.04114583333333333 0.032407407407407406
0 0.15208333333333332 0.4462962962962963 0.033854166666666664 0.03333333333333333
0 0.030729166666666665 0.48935185185185187 0.028125 0.04259259259259259
0 0.00859375 0.5064814814814815 0.0171875 0.03333333333333333
0 0.006510416666666667 0.5902777777777778 0.013020833333333334 0.027777777777777776
0 0.29635416666666664 0.3587962962962963 0.0265625 0.041666666666666664
0 0.17265625 0.350462962962963 0.028125 0.04537037037037037
0 0.13932291666666666 0.3587962962962963 0.028125 0.025
0 0.11848958333333333 0.3337962962962963 0.040625 0.012962962962962963
0 0.10182291666666667 0.35694444444444445 0.024479166666666666 0.028703703703703703
0 0.039322916666666666 0.2898148148148148 0.026041666666666668 0.030555555555555555
0 0.07005208333333333 0.2865740740740741 0.034375 0.03425925925925926
0 0.08984375 0.29444444444444445 0.022916666666666665 0.026851851851851852
0 0.11276041666666667 0.2796296296296296 0.0265625 0.023148148148148147
0 0.12265625 0.2564814814814815 0.026041666666666668 0.024074074074074074
0 0.14921875 0.24861111111111112 0.01875 0.02962962962962963
0 0.13072916666666667 0.24027777777777778 0.0203125 0.028703703703703703
0 0.08776041666666666 0.23472222222222222 0.036458333333333336 0.03611111111111111
0 0.054947916666666666 0.2550925925925926 0.029166666666666667 0.014814814814814815
0 0.03958333333333333 0.26481481481481484 0.03802083333333333 0.013888888888888888
0 0.1796875 0.2125 0.026041666666666668 0.03518518518518519
0 0.17578125 0.2810185185185185 0.03333333333333333 0.023148148148148147
0 0.1796875 0.29768518518518516 0.024479166666666666 0.02962962962962963
0 0.28229166666666666 0.27546296296296297 0.03802083333333333 0.032407407407407406
0 0.29791666666666666 0.23333333333333334 0.03177083333333333 0.028703703703703703
0 0.2859375 0.2175925925925926 0.027604166666666666 0.021296296296296296
0 0.24609375 0.19166666666666668 0.021354166666666667 0.03148148148148148
0 0.2942708333333333 0.16203703703703703 0.0234375 0.03333333333333333
0 0.23046875 0.13240740740740742 0.0296875 0.016666666666666666
0 0.25494791666666666 0.1111111111111111 0.0265625 0.018518518518518517
0 0.23385416666666667 0.0962962962962963 0.025 0.019444444444444445
0 0.13541666666666666 0.2 0.021354166666666667 0.016666666666666666
0 0.06171875 0.22083333333333333 0.028645833333333332 0.02962962962962963
0 0.045572916666666664 0.21805555555555556 0.026041666666666668 0.02962962962962963
0 0.025260416666666667 0.2175925925925926 0.028125 0.020370370370370372
0 0.005989583333333334 0.32222222222222224 0.011979166666666667 0.03425925925925926
0 0.03854166666666667 0.19537037037037036 0.021354166666666667 0.010185185185185186
0 0.06979166666666667 0.18518518518518517 0.0140625 0.028703703703703703
0 0.0875 0.1935185185185185 0.023958333333333335 0.016666666666666666
0 0.05260416666666667 0.17453703703703705 0.027083333333333334 0.030555555555555555
0 0.0890625 0.1625 0.019270833333333334 0.021296296296296296
0 0.06432291666666666 0.15601851851851853 0.028645833333333332 0.016666666666666666
0 0.11614583333333334 0.1476851851851852 0.0265625 0.016666666666666666
0 0.13880208333333333 0.15046296296296297 0.023958333333333335 0.021296296296296296
0 0.14869791666666668 0.13148148148148148 0.0203125 0.016666666666666666
0 0.12239583333333333 0.12685185185185185 0.0203125 0.020370370370370372
0 0.13125 0.11712962962962963 0.011458333333333333 0.009259259259259259
0 0.10026041666666667 0.1337962962962963 0.0359375 0.019444444444444445
0 0.06484375 0.12962962962962962 0.025520833333333333 0.012962962962962963
0 0.04583333333333333 0.1300925925925926 0.0171875 0.013888888888888888
0 0.028385416666666666 0.1337962962962963 0.0171875 0.012037037037037037
0 0.015364583333333333 0.08981481481481482 0.013020833333333334 0.012962962962962963
0 0.0109375 0.07083333333333333 0.021875 0.017592592592592594
0 0.04505208333333333 0.07037037037037037 0.018229166666666668 0.024074074074074074
0 0.04140625 0.05787037037037037 0.022395833333333334 0.012037037037037037
0 0.06276041666666667 0.07268518518518519 0.020833333333333332 0.022222222222222223
0 0.07760416666666667 0.08148148148148149 0.016666666666666666 0.01574074074074074
0 0.08723958333333333 0.10277777777777777 0.027083333333333334 0.022222222222222223
0 0.13411458333333334 0.0912037037037037 0.015625 0.014814814814814815
0 0.11015625 0.07916666666666666 0.014583333333333334 0.01574074074074074
0 0.14348958333333334 0.05092592592592592 0.013541666666666667 0.021296296296296296
0 0.025 0.04583333333333333 0.022395833333333334 0.014814814814814815
0 0.05234375 0.03194444444444444 0.018229166666666668 0.017592592592592594
0 0.13072916666666667 0.034722222222222224 0.016145833333333335 0.016666666666666666
0 0.16458333333333333 0.04259259259259259 0.022916666666666665 0.014814814814814815
0 0.20703125 0.014351851851851852 0.021875 0.01574074074074074
0 0.2046875 0.0412037037037037 0.016666666666666666 0.021296296296296296
0 0.2046875 0.08796296296296297 0.018229166666666668 0.023148148148148147
0 0.18333333333333332 0.09953703703703703 0.020833333333333332 0.013888888888888888
0 0.15807291666666667 0.08796296296296297 0.020833333333333332 0.01574074074074074
0 0.1515625 0.11064814814814815 0.0234375 0.01574074074074074
0 0.25078125 0.05324074074074074 0.021875 0.022222222222222223
0 0.2833333333333333 0.032407407407407406 0.018229166666666668 0.03148148148148148
0 0.28203125 0.07407407407407407 0.025 0.03611111111111111
0 0.29609375 0.08148148148148149 0.028125 0.03148148148148148
0 0.32447916666666665 0.14629629629629629 0.019791666666666666 0.04259259259259259
0 0.3171875 0.1310185185185185 0.020833333333333332 0.024074074074074074
0 0.32734375 0.18935185185185185 0.027604166666666666 0.018518518518518517
0 0.3346354166666667 0.20555555555555555 0.03802083333333333 0.03425925925925926
0 0.3390625 0.22916666666666666 0.022916666666666665 0.044444444444444446
0 0.3536458333333333 0.25833333333333336 0.020833333333333332 0.044444444444444446
0 0.35625 0.13333333333333333 0.022395833333333334 0.025
0 0.3645833333333333 0.09398148148148149 0.018229166666666668 0.03333333333333333
0 0.3684895833333333 0.08101851851851852 0.025520833333333333 0.027777777777777776
0 0.35885416666666664 0.05787037037037037 0.021354166666666667 0.012037037037037037
0 0.33645833333333336 0.06388888888888888 0.017708333333333333 0.020370370370370372
0 0.38255208333333335 0.19398148148148148 0.0203125 0.05277777777777778
0 0.39479166666666665 0.25787037037037036 0.023958333333333335 0.03333333333333333
0 0.44375 0.27870370370370373 0.022916666666666665 0.028703703703703703
0 0.4140625 0.4597222222222222 0.036458333333333336 0.041666666666666664
0 0.4283854166666667 0.4976851851851852 0.03802083333333333 0.04814814814814815
0 0.4466145833333333 0.5199074074074074 0.027083333333333334 0.06759259259259259
0 0.47369791666666666 0.4773148148148148 0.021354166666666667 0.040740740740740744
0 0.5036458333333333 0.46296296296296297 0.041666666666666664 0.04537037037037037
0 0.5315104166666667 0.625462962962963 0.028125 0.049074074074074076
0 0.6658854166666667 0.836574074074074 0.035416666666666666 0.05648148148148148
0 0.6997395833333333 0.8430555555555556 0.034375 0.07685185185185185
0 0.7731770833333333 0.6875 0.04479166666666667 0.041666666666666664
0 0.815625 0.7087962962962963 0.0453125 0.037037037037037035
0 0.8049479166666667 0.674537037037037 0.024479166666666666 0.05277777777777778
0 0.84609375 0.6828703703703703 0.046875 0.04259259259259259
0 0.68203125 0.625462962962963 0.030729166666666665 0.058333333333333334
0 0.6651041666666667 0.649537037037037 0.03125 0.05925925925925926
0 0.8041666666666667 0.5194444444444445 0.03125 0.04537037037037037
0 0.93046875 0.5208333333333334 0.04010416666666667 0.03333333333333333
0 0.9546875 0.5541666666666667 0.025520833333333333 0.03518518518518519
0 0.9606770833333333 0.5231481481481481 0.027604166666666666 0.04814814814814815
0 0.8104166666666667 0.38564814814814813 0.024479166666666666 0.040740740740740744
0 0.7768229166666667 0.3699074074074074 0.0234375 0.037037037037037035
0 0.69609375 0.4486111111111111 0.034375 0.025925925925925925
0 0.6721354166666667 0.46574074074074073 0.027604166666666666 0.04259259259259259
0 0.825 0.3625 0.0234375 0.037037037037037035
0 0.8427083333333333 0.36574074074074076 0.014583333333333334 0.037037037037037035
0 0.8640625 0.3648148148148148 0.027083333333333334 0.04814814814814815
0 0.8528645833333334 0.32083333333333336 0.0265625 0.03333333333333333
0 0.89140625 0.30925925925925923 0.0203125 0.014814814814814815
0 0.8203125 0.30416666666666664 0.0203125 0.04722222222222222
0 0.78671875 0.2773148148148148 0.030208333333333334 0.03425925925925926
0 0.78046875 0.2967592592592593 0.03177083333333333 0.032407407407407406
0 0.7776041666666667 0.3175925925925926 0.0359375 0.03333333333333333
0 0.71796875 0.2828703703703704 0.022916666666666665 0.03611111111111111
0 0.5864583333333333 0.37824074074074077 0.022395833333333334 0.06018518518518518
0 0.43463541666666666 0.16203703703703703 0.027083333333333334 0.03518518518518519
0 0.46171875 0.16296296296296298 0.030729166666666665 0.021296296296296296
0 0.5200520833333333 0.1439814814814815 0.028125 0.025
0 0.546875 0.16805555555555557 0.03125 0.027777777777777776
0 0.5901041666666667 0.12546296296296297 0.0296875 0.027777777777777776
0 0.6190104166666667 0.1300925925925926 0.016145833333333335 0.026851851851851852
0 0.6354166666666666 0.12546296296296297 0.021875 0.025925925925925925
0 0.6283854166666667 0.10277777777777777 0.015625 0.023148148148148147
0 0.67265625 0.11203703703703703 0.019791666666666666 0.01574074074074074
0 0.6385416666666667 0.20555555555555555 0.022916666666666665 0.025925925925925925
0 0.6934895833333333 0.18194444444444444 0.01875 0.04259259259259259
0 0.7138020833333333 0.18888888888888888 0.025520833333333333 0.03333333333333333
0 0.746875 0.1824074074074074 0.03229166666666667 0.022222222222222223
0 0.7700520833333333 0.16898148148148148 0.01875 0.03425925925925926
0 0.790625 0.21851851851851853 0.015104166666666667 0.025925925925925925
0 0.8278645833333333 0.21666666666666667 0.01875 0.03518518518518519
0 0.84453125 0.21944444444444444 0.019270833333333334 0.03888888888888889
0 0.8658854166666666 0.2263888888888889 0.027083333333333334 0.03518518518518519
0 0.8786458333333333 0.2050925925925926 0.020833333333333332 0.046296296296296294
0 0.88671875 0.2828703703703704 0.030208333333333334 0.023148148148148147
0 0.9036458333333334 0.2833333333333333 0.023958333333333335 0.012037037037037037
0 0.5265625 0.08611111111111111 0.029166666666666667 0.025
0 0.5630208333333333 0.05694444444444444 0.028125 0.014814814814814815
0 0.5708333333333333 0.07916666666666666 0.0234375 0.021296296296296296
0 0.6294270833333333 0.10138888888888889 0.016666666666666666 0.025
0 0.59921875 0.053703703703703705 0.029166666666666667 0.025925925925925925
0 0.625 0.07453703703703704 0.017708333333333333 0.018518518518518517
0 0.6611979166666667 0.03888888888888889 0.027083333333333334 0.022222222222222223
0 0.40546875 0.07407407407407407 0.019270833333333334 0.023148148148148147
0 0.44635416666666666 0.034722222222222224 0.03125 0.012037037037037037
0 0.4713541666666667 0.02361111111111111 0.0234375 0.012962962962962963
0 0.5192708333333333 0.013888888888888888 0.025520833333333333 0.019444444444444445
0 0.5828125 0.027314814814814816 0.027083333333333334 0.018518518518518517
0 0.5177083333333333 0.058333333333333334 0.0234375 0.020370370370370372
0 0.6578125 0.12175925925925926 0.021875 0.025
0 0.6776041666666667 0.1375 0.0265625 0.020370370370370372
0 0.6927083333333334 0.07731481481481481 0.025520833333333333 0.027777777777777776
0 0.7125 0.09166666666666666 0.016666666666666666 0.026851851851851852
0 0.7184895833333333 0.028703703703703703 0.015625 0.032407407407407406
0 0.7375 0.040740740740740744 0.01875 0.027777777777777776
0 0.8416666666666667 0.07175925925925926 0.019791666666666666 0.019444444444444445
0 0.865625 0.08287037037037037 0.014583333333333334 0.022222222222222223
0 0.8315104166666667 0.043055555555555555 0.016145833333333335 0.014814814814814815
0 0.8697916666666666 0.044444444444444446 0.0203125 0.018518518518518517
0 0.9158854166666667 0.0962962962962963 0.022395833333333334 0.004629629629629629
0 0.94296875 0.10324074074074074 0.016145833333333335 0.018518518518518517
0 0.9609375 0.16157407407407406 0.0234375 0.027777777777777776
0 0.9388020833333334 0.1550925925925926 0.022395833333333334 0.016666666666666666
0 0.9184895833333333 0.15416666666666667 0.013020833333333334 0.02962962962962963
0 0.946875 0.19768518518518519 0.027604166666666666 0.020370370370370372
0 0.94296875 0.0587962962962963 0.0234375 0.014814814814814815
0 0.9388020833333334 0.04027777777777778 0.024479166666666666 0.013888888888888888
0 0.925 0.038425925925925926 0.01875 0.021296296296296296
0 0.9192708333333334 0.010648148148148148 0.019270833333333334 0.019444444444444445
0 0.9002604166666667 0.012962962962962963 0.0140625 0.025925925925925925
0 0.9651041666666667 0.04490740740740741 0.0109375 0.04722222222222222
0 0.9875 0.06620370370370371 0.016145833333333335 0.04722222222222222
0 0.48359375 0.600462962962963 0.020833333333333332 0.053703703703703705