0 0.5348958333333333 0.9111111111111111 0.034375 0.06574074074074074
0 0.5721354166666667 0.9106481481481481 0.03802083333333333 0.08055555555555556
0 0.6552083333333333 0.8597222222222223 0.04895833333333333 0.05925925925925926
0 0.5200520833333333 0.8032407407407407 0.06145833333333333 0.04814814814814815
0 0.5028645833333333 0.7675925925925926 0.053125 0.044444444444444446
0 0.5432291666666667 0.7662037037037037 0.040625 0.046296296296296294
0 0.5432291666666667 0.7305555555555555 0.051041666666666666 0.027777777777777776
0 0.5096354166666667 0.6759259259259259 0.044270833333333336 0.044444444444444446
0 0.48515625 0.7157407407407408 0.03958333333333333 0.05648148148148148
0 0.5901041666666667 0.7518518518518519 0.049479166666666664 0.046296296296296294
0 0.5963541666666666 0.7810185185185186 0.0421875 0.05462962962962963
0 0.6403645833333333 0.7916666666666666 0.05260416666666667 0.05555555555555555
0 0.5880208333333333 0.5912037037037037 0.04114583333333333 0.04722222222222222
0 0.38125 0.736574074074074 0.058333333333333334 0.044444444444444446
0 0.5 0.5398148148148149 0.034895833333333334 0.05
0 0.53515625 0.5356481481481481 0.027604166666666666 0.046296296296296294
0 0.53046875 0.5101851851851852 0.0421875 0.028703703703703703
0 0.5518229166666667 0.5171296296296296 0.025 0.03518518518518519
0 0.5638020833333334 0.5412037037037037 0.03333333333333333 0.037037037037037035
0 0.5901041666666667 0.5486111111111112 0.029166666666666667 0.03611111111111111
0 0.56796875 0.5731481481481482 0.028125 0.04537037037037037
0 0.6106770833333334 0.5203703703703704 0.0453125 0.03518518518518519
0 0.6252604166666667 0.4925925925925926 0.0390625 0.032407407407407406
0 0.5166666666666667 0.44351851851851853 0.036458333333333336 0.040740740740740744
0 0.42916666666666664 0.4912037037037037 0.04791666666666667 0.03981481481481482
0 0.459375 0.42268518518518516 0.044270833333333336 0.03611111111111111
0 0.45260416666666664 0.40324074074074073 0.03802083333333333 0.027777777777777776
0 0.4005208333333333 0.4074074074074074 0.044270833333333336 0.028703703703703703
0 0.3841145833333333 0.42962962962962964 0.03333333333333333 0.040740740740740744
0 0.3424479166666667 0.4675925925925926 0.030208333333333334 0.04259259259259259
0 0.32135416666666666 0.33796296296296297 0.022395833333333334 0.05740740740740741
0 0.33828125 0.3537037037037037 0.030729166666666665 0.026851851851851852
0 0.37083333333333335 0.3458333333333333 0.034895833333333334 0.025925925925925925
0 0.4015625 0.3296296296296296 0.030729166666666665 0.03148148148148148
0 0.61484375 0.4064814814814815 0.027083333333333334 0.046296296296296294
0 0.70703125 0.5805555555555556 0.050520833333333334 0.041666666666666664
0 0.7578125 0.7300925925925926 0.05572916666666667 0.046296296296296294
0 0.8255208333333334 0.7888888888888889 0.04114583333333333 0.06388888888888888
0 0.92421875 0.7722222222222223 0.04635416666666667 0.05277777777777778
0 0.95390625 0.8300925925925926 0.027083333333333334 0.1037037037037037
0 0.8815104166666666 0.5736111111111111 0.033854166666666664 0.075
0 0.8778645833333333 0.5365740740740741 0.04583333333333333 0.03796296296296296
0 0.87734375 0.5027777777777778 0.025520833333333333 0.053703703703703705
0 0.8721354166666667 0.48009259259259257 0.030208333333333334 0.04814814814814815
0 0.9252604166666667 0.5611111111111111 0.03958333333333333 0.053703703703703705
0 0.8510416666666667 0.4444444444444444 0.04114583333333333 0.04537037037037037
0 0.8333333333333334 0.34444444444444444 0.03697916666666667 0.037037037037037035
0 0.9046875 0.3490740740740741 0.0296875 0.026851851851851852
0 0.75625 0.2875 0.034375 0.022222222222222223
0 0.7723958333333333 0.24675925925925926 0.03177083333333333 0.027777777777777776
0 0.7609375 0.23564814814814813 0.03333333333333333 0.019444444444444445
0 0.8130208333333333 0.23472222222222222 0.0265625 0.04259259259259259
0 0.81015625 0.2222222222222222 0.027083333333333334 0.030555555555555555
0 0.82734375 0.23935185185185184 0.0140625 0.040740740740740744
0 0.8497395833333333 0.24259259259259258 0.028645833333333332 0.03148148148148148
0 0.8572916666666667 0.2712962962962963 0.018229166666666668 0.026851851851851852
0 0.93125 0.2310185185185185 0.028645833333333332 0.023148148148148147
0 0.95703125 0.25324074074074077 0.026041666666666668 0.03796296296296296
0 0.9869791666666666 0.23657407407407408 0.022395833333333334 0.02962962962962963
0 0.9921875 0.17824074074074073 0.0140625 0.024074074074074074
0 0.9854166666666667 0.16342592592592592 0.022916666666666665 0.013888888888888888
0 0.9763020833333333 0.14675925925925926 0.019270833333333334 0.017592592592592594
0 0.9557291666666666 0.15694444444444444 0.01875 0.025
0 0.8833333333333333 0.1638888888888889 0.015104166666666667 0.025925925925925925
0 0.8859375 0.1287037037037037 0.021354166666666667 0.023148148148148147
0 0.9401041666666666 0.11481481481481481 0.019270833333333334 0.014814814814814815
0 0.9247395833333333 0.10277777777777777 0.0203125 0.016666666666666666
0 0.93359375 0.12685185185185185 0.021875 0.022222222222222223
0 0.9653645833333333 0.12175925925925926 0.021354166666666667 0.016666666666666666
0 0.98515625 0.12777777777777777 0.010416666666666666 0.020370370370370372
0 0.9700520833333334 0.08842592592592592 0.019270833333333334 0.018518518518518517
0 0.9635416666666666 0.06388888888888888 0.019270833333333334 0.02962962962962963
0 0.9841145833333333 0.06666666666666667 0.013541666666666667 0.024074074074074074
0 0.9455729166666667 0.056018518518518516 0.014583333333333334 0.012962962962962963
0 0.9182291666666667 0.05416666666666667 0.01875 0.025
0 0.89921875 0.049074074074074076 0.0125 0.027777777777777776
0 0.9322916666666666 0.058333333333333334 0.017708333333333333 0.022222222222222223
0 0.8846354166666667 0.04259259259259259 0.015104166666666667 0.013888888888888888
0 0.8739583333333333 0.06157407407407407 0.0171875 0.016666666666666666
0 0.8653645833333333 0.05555555555555555 0.024479166666666666 0.014814814814814815
0 0.8411458333333334 0.043055555555555555 0.016145833333333335 0.016666666666666666
0 0.8411458333333334 0.09444444444444444 0.0203125 0.019444444444444445
0 0.84453125 0.11898148148148148 0.021354166666666667 0.019444444444444445
0 0.84375 0.1361111111111111 0.019791666666666666 0.025
0 0.8229166666666666 0.10601851851851851 0.016666666666666666 0.016666666666666666
0 0.8158854166666667 0.08472222222222223 0.018229166666666668 0.017592592592592594
0 0.8255208333333334 0.1388888888888889 0.016145833333333335 0.021296296296296296
0 0.8260416666666667 0.15092592592592594 0.016145833333333335 0.025925925925925925
0 0.7981770833333334 0.18888888888888888 0.030208333333333334 0.03148148148148148
0 0.77265625 0.18009259259259258 0.019270833333333334 0.028703703703703703
0 0.7278645833333334 0.2013888888888889 0.022916666666666665 0.025925925925925925
0 0.659375 0.27037037037037037 0.023958333333333335 0.03888888888888889
0 0.63515625 0.27361111111111114 0.024479166666666666 0.03425925925925926
0 0.6356770833333333 0.3148148148148148 0.034895833333333334 0.030555555555555555
0 0.60390625 0.31203703703703706 0.030729166666666665 0.030555555555555555
0 0.57421875 0.30277777777777776 0.029166666666666667 0.03425925925925926
0 0.5869791666666667 0.29953703703703705 0.011458333333333333 0.04259259259259259
0 0.5578125 0.22962962962962963 0.0203125 0.025925925925925925
0 0.5822916666666667 0.2111111111111111 0.0203125 0.030555555555555555
0 0.6184895833333334 0.20925925925925926 0.0234375 0.022222222222222223
0 0.6059895833333333 0.1986111111111111 0.020833333333333332 0.024074074074074074
0 0.6098958333333333 0.16111111111111112 0.021354166666666667 0.023148148148148147
0 0.5736979166666667 0.1685185185185185 0.027083333333333334 0.017592592592592594
0 0.5565104166666667 0.17546296296296296 0.017708333333333333 0.010185185185185186
0 0.5786458333333333 0.18287037037037038 0.022916666666666665 0.01574074074074074
0 0.5622395833333333 0.18935185185185185 0.0265625 0.011111111111111112
0 0.5604166666666667 0.20324074074074075 0.029166666666666667 0.024074074074074074
0 0.5924479166666666 0.20601851851851852 0.022395833333333334 0.032407407407407406
0 0.54140625 0.19398148148148148 0.015104166666666667 0.03611111111111111
0 0.521875 0.1986111111111111 0.0265625 0.025925925925925925
0 0.5143229166666666 0.22407407407407406 0.022395833333333334 0.028703703703703703
0 0.4861979166666667 0.19027777777777777 0.03333333333333333 0.022222222222222223
0 0.5174479166666667 0.1865740740740741 0.027083333333333334 0.01574074074074074
0 0.4981770833333333 0.14212962962962963 0.021354166666666667 0.021296296296296296
0 0.5247395833333334 0.1425925925925926 0.0265625 0.009259259259259259
0 0.5276041666666667 0.15462962962962962 0.026041666666666668 0.024074074074074074
0 0.52421875 0.13194444444444445 0.028645833333333332 0.010185185185185186
0 0.5208333333333334 0.12314814814814815 0.027604166666666666 0.010185185185185186
0 0.5309895833333333 0.11481481481481481 0.027083333333333334 0.008333333333333333
0 0.5572916666666666 0.12777777777777777 0.022395833333333334 0.03333333333333333
0 0.5768229166666666 0.14814814814814814 0.019791666666666666 0.027777777777777776
0 0.5916666666666667 0.1287037037037037 0.014583333333333334 0.03425925925925926
0 0.5765625 0.11898148148148148 0.0171875 0.03148148148148148
0 0.5625 0.10833333333333334 0.0234375 0.013888888888888888
0 0.5473958333333333 0.09675925925925925 0.0296875 0.021296296296296296
0 0.5903645833333333 0.10138888888888889 0.0265625 0.017592592592592594
0 0.6151041666666667 0.11203703703703703 0.030729166666666665 0.021296296296296296
0 0.5276041666666667 0.0962962962962963 0.0171875 0.022222222222222223
0 0.5098958333333333 0.09722222222222222 0.0203125 0.027777777777777776
0 0.5020833333333333 0.08425925925925926 0.022395833333333334 0.022222222222222223
0 0.4861979166666667 0.0699074074074074 0.022395833333333334 0.021296296296296296
0 0.53046875 0.06759259259259259 0.0203125 0.022222222222222223
0 0.5385416666666667 0.062037037037037036 0.025 0.019444444444444445
0 0.5255208333333333 0.07824074074074074 0.025 0.01574074074074074
0 0.55078125 0.05555555555555555 0.017708333333333333 0.018518518518518517
0 0.5734375 0.07962962962962963 0.023958333333333335 0.025
0 0.559375 0.08333333333333333 0.019791666666666666 0.020370370370370372
0 0.5755208333333334 0.06620370370370371 0.021875 0.021296296296296296
0 0.4666666666666667 0.03009259259259259 0.015104166666666667 0.040740740740740744
0 0.44296875 0.04953703703703704 0.019270833333333334 0.016666666666666666
0 0.4359375 0.05648148148148148 0.027604166666666666 0.020370370370370372
0 0.4236979166666667 0.16898148148148148 0.03177083333333333 0.030555555555555555
0 0.4244791666666667 0.19027777777777777 0.022395833333333334 0.032407407407407406
0 0.3997395833333333 0.19212962962962962 0.026041666666666668 0.024074074074074074
0 0.41328125 0.20046296296296295 0.027604166666666666 0.023148148148148147
0 0.4153645833333333 0.2162037037037037 0.034895833333333334 0.020370370370370372
0 0.3546875 0.18935185185185185 0.025 0.03148148148148148
0 0.3684895833333333 0.22037037037037038 0.0234375 0.026851851851851852
0 0.3924479166666667 0.2388888888888889 0.025 0.019444444444444445
0 0.39088541666666665 0.25416666666666665 0.022916666666666665 0.012962962962962963
0 0.3880208333333333 0.27037037037037037 0.03177083333333333 0.025925925925925925
0 0.4236979166666667 0.2722222222222222 0.034375 0.021296296296296296
0 0.41796875 0.25324074074074077 0.030729166666666665 0.019444444444444445
0 0.5903645833333333 0.08055555555555556 0.020833333333333332 0.021296296296296296
0 0.6067708333333334 0.08796296296296297 0.0203125 0.018518518518518517
0 0.621875 0.0837962962962963 0.018229166666666668 0.014814814814814815
0 0.628125 0.09490740740740741 0.0171875 0.022222222222222223
0 0.6411458333333333 0.07824074074074074 0.025 0.01574074074074074
0 0.634375 0.056018518518518516 0.020833333333333332 0.017592592592592594
0 0.6174479166666667 0.05694444444444444 0.015104166666666667 0.01574074074074074
0 0.6661458333333333 0.053703703703703705 0.020833333333333332 0.012037037037037037
0 0.6674479166666667 0.06666666666666667 0.020833333333333332 0.01574074074074074
0 0.6802083333333333 0.06944444444444445 0.022916666666666665 0.020370370370370372
0 0.5981770833333333 0.017592592592592594 0.0171875 0.01574074074074074
0 0.61796875 0.019444444444444445 0.020833333333333332 0.016666666666666666
0 0.6361979166666667 0.017592592592592594 0.018229166666666668 0.019444444444444445
0 0.6471354166666666 0.013425925925925926 0.020833333333333332 0.023148148148148147
0 0.6083333333333333 0.02824074074074074 0.0171875 0.014814814814814815
0 0.6057291666666667 0.04259259259259259 0.024479166666666666 0.012037037037037037
0 0.5692708333333333 0.04351851851851852 0.021354166666666667 0.012037037037037037
0 0.6830729166666667 0.008333333333333333 0.021354166666666667 0.010185185185185186
0 0.6963541666666667 0.032407407407407406 0.016666666666666666 0.022222222222222223
0 0.7192708333333333 0.03657407407407407 0.023958333333333335 0.016666666666666666
0 0.728125 0.07453703703703704 0.020833333333333332 0.020370370370370372
0 0.7200520833333334 0.09490740740740741 0.023958333333333335 0.016666666666666666
0 0.7114583333333333 0.12407407407407407 0.028645833333333332 0.021296296296296296
0 0.7377604166666667 0.11296296296296296 0.0234375 0.024074074074074074
0 0.7856770833333333 0.1300925925925926 0.022916666666666665 0.01574074074074074
0 0.77890625 0.1125 0.016145833333333335 0.020370370370370372
0 0.7885416666666667 0.14305555555555555 0.018229166666666668 0.03425925925925926
0 0.7984375 0.1476851851851852 0.015104166666666667 0.04351851851851852
0 0.8192708333333333 0.020833333333333332 0.028125 0.01574074074074074
0 0.86015625 0.01898148148148148 0.019270833333333334 0.020370370370370372
0 0.88125 0.008796296296296297 0.0140625 0.013888888888888888
0 0.89765625 0.008796296296296297 0.011458333333333333 0.017592592592592594
0 0.89140625 0.025925925925925925 0.020833333333333332 0.017592592592592594
0 0.9166666666666666 0.021296296296296296 0.021875 0.014814814814814815
0 0.9192708333333334 0.037037037037037035 0.0265625 0.017592592592592594
0 0.9580729166666667 0.010648148148148148 0.0140625 0.014814814814814815
0 0.96953125 0.00787037037037037 0.016145833333333335 0.01574074074074074
0 0.9825520833333333 0.006481481481481481 0.015625 0.012962962962962963
0 0.9958333333333333 0.022685185185185187 0.008333333333333333 0.021296296296296296
0 0.9932291666666667 0.10787037037037037 0.013541666666666667 0.018518518518518517
0 0.23177083333333334 0.5421296296296296 0.041666666666666664 0.040740740740740744
0 0.26015625 0.6129629629629629 0.03177083333333333 0.06111111111111111
0 0.23567708333333334 0.663425925925926 0.028645833333333332 0.05925925925925926
0 0.19244791666666666 0.5814814814814815 0.03177083333333333 0.046296296296296294
0 0.153125 0.48703703703703705 0.033854166666666664 0.04259259259259259
0 0.15546875 0.5486111111111112 0.021354166666666667 0.05185185185185185
0 0.1015625 0.48657407407407405 0.0234375 0.05
0 0.0765625 0.4925925925925926 0.020833333333333332 0.03888888888888889
0 0.06875 0.4722222222222222 0.0390625 0.03888888888888889
0 0.14192708333333334 0.4217592592592593 0.0265625 0.04814814814814815
0 0.10572916666666667 0.37175925925925923 0.029166666666666667 0.03611111111111111
0 0.11432291666666666 0.3300925925925926 0.034895833333333334 0.02962962962962963
0 0.06875 0.387037037037037 0.0234375 0.046296296296296294
0 0.04010416666666667 0.3861111111111111 0.025520833333333333 0.03333333333333333
0 0.019270833333333334 0.375 0.022916666666666665 0.026851851851851852
0 0.01328125 0.3523148148148148 0.0265625 0.030555555555555555
0 0.009375 0.39675925925925926 0.01875 0.03518518518518519
0 0.18958333333333333 0.3578703703703704 0.0421875 0.023148148148148147
0 0.19010416666666666 0.37916666666666665 0.043229166666666666 0.021296296296296296
0 0.19088541666666667 0.39861111111111114 0.0328125 0.028703703703703703
0 0.18541666666666667 0.33564814814814814 0.027604166666666666 0.024074074074074074
0 0.1125 0.30416666666666664 0.03958333333333333 0.017592592592592594
0 0.11119791666666666 0.2884259259259259 0.015104166666666667 0.013888888888888888
0 0.15520833333333334 0.26157407407407407 0.023958333333333335 0.028703703703703703
0 0.15078125 0.23703703703703705 0.028125 0.025925925925925925
0 0.06692708333333333 0.22083333333333333 0.015625 0.030555555555555555
0 0.09427083333333333 0.17916666666666667 0.026041666666666668 0.023148148148148147
0 0.11197916666666667 0.16342592592592592 0.015104166666666667 0.030555555555555555
0 0.13203125 0.16527777777777777 0.028125 0.019444444444444445
0 0.13880208333333333 0.14722222222222223 0.018229166666666668 0.025
0 0.14244791666666667 0.12685185185185185 0.0234375 0.022222222222222223
0 0.11822916666666666 0.1175925925925926 0.024479166666666666 0.017592592592592594
0 0.12942708333333333 0.11064814814814815 0.020833333333333332 0.01574074074074074
0 0.13828125 0.10231481481481482 0.021875 0.017592592592592594
0 0.17109375 0.13287037037037036 0.0171875 0.020370370370370372
0 0.17265625 0.09444444444444444 0.024479166666666666 0.021296296296296296
0 0.20260416666666667 0.1037037037037037 0.019270833333333334 0.018518518518518517
0 0.10026041666666667 0.06342592592592593 0.025520833333333333 0.023148148148148147
0 0.12916666666666668 0.06851851851851852 0.024479166666666666 0.01574074074074074
0 0.14817708333333332 0.04722222222222222 0.027604166666666666 0.013888888888888888
0 0.07994791666666666 0.08101851851851852 0.016145833333333335 0.03425925925925926
0 0.07265625 0.1175925925925926 0.018229166666666668 0.022222222222222223
0 0.0421875 0.12129629629629629 0.022916666666666665 0.025925925925925925
0 0.034375 0.13935185185185187 0.020833333333333332 0.03981481481481482
0 0.00703125 0.1736111111111111 0.0140625 0.05277777777777778
0 0.18307291666666667 0.052314814814814814 0.016666666666666666 0.021296296296296296
0 0.19765625 0.04398148148148148 0.0125 0.024074074074074074
0 0.21145833333333333 0.06111111111111111 0.0203125 0.021296296296296296
0 0.21927083333333333 0.04259259259259259 0.025520833333333333 0.020370370370370372
0 0.23411458333333332 0.09074074074074075 0.0203125 0.017592592592592594
0 0.23489583333333333 0.10925925925925926 0.021875 0.018518518518518517
0 0.24973958333333332 0.20324074074074075 0.026041666666666668 0.027777777777777776
0 0.2875 0.13935185185185187 0.019791666666666666 0.019444444444444445
0 0.30364583333333334 0.15833333333333333 0.03333333333333333 0.017592592592592594
0 0.29713541666666665 0.13240740740740742 0.016145833333333335 0.023148148148148147
0 0.3145833333333333 0.12314814814814815 0.019270833333333334 0.032407407407407406
0 0.3302083333333333 0.1175925925925926 0.018229166666666668 0.03981481481481482
0 0.340625 0.07314814814814814 0.015104166666666667 0.016666666666666666
0 0.3171875 0.08101851851851852 0.019270833333333334 0.022222222222222223
0 0.309375 0.05740740740740741 0.019791666666666666 0.018518518518518517
0 0.29635416666666664 0.07314814814814814 0.015104166666666667 0.025925925925925925
0 0.2833333333333333 0.075 0.014583333333333334 0.021296296296296296
0 0.26536458333333335 0.06435185185185185 0.016666666666666666 0.025925925925925925
0 0.328125 0.05555555555555555 0.024479166666666666 0.014814814814814815
0 0.30104166666666665 0.04953703703703704 0.016145833333333335 0.01574074074074074
0 0.29375 0.033796296296296297 0.0171875 0.013888888888888888
0 0.3216145833333333 0.03009259259259259 0.016666666666666666 0.021296296296296296
0 0.4859375 0.01898148148148148 0.0296875 0.020370370370370372