0 0.16302083333333334 0.041666666666666664 0.022916666666666665 0.018518518518518517
0 0.19713541666666667 0.022222222222222223 0.0234375 0.016666666666666666
0 0.23489583333333333 0.03981481481481482 0.01875 0.01574074074074074
0 0.21041666666666667 0.038425925925925926 0.027083333333333334 0.016666666666666666
0 0.19609375 0.09166666666666666 0.023958333333333335 0.025925925925925925
0 0.18359375 0.08194444444444444 0.021875 0.026851851851851852
0 0.15859375 0.08935185185185185 0.0125 0.019444444444444445
0 0.14635416666666667 0.08842592592592592 0.009375 0.027777777777777776
0 0.13385416666666666 0.09537037037037037 0.013541666666666667 0.020370370370370372
0 0.16458333333333333 0.10277777777777777 0.022916666666666665 0.012037037037037037
0 0.14192708333333334 0.1087962962962963 0.022395833333333334 0.005555555555555556
0 0.1375 0.14722222222222223 0.03177083333333333 0.01574074074074074
0 0.11458333333333333 0.14907407407407408 0.022395833333333334 0.019444444444444445
0 0.07317708333333334 0.15324074074074073 0.0296875 0.013888888888888888
0 0.05651041666666667 0.1712962962962963 0.027604166666666666 0.022222222222222223
0 0.03828125 0.16898148148148148 0.016666666666666666 0.022222222222222223
0 0.07604166666666666 0.11666666666666667 0.0203125 0.012962962962962963
0 0.017447916666666667 0.10833333333333334 0.022395833333333334 0.026851851851851852
0 0.05234375 0.06944444444444445 0.027604166666666666 0.013888888888888888
0 0.09375 0.09351851851851851 0.025520833333333333 0.012037037037037037
0 0.13515625 0.05648148148148148 0.0203125 0.022222222222222223
0 0.23645833333333333 0.09583333333333334 0.027083333333333334 0.013888888888888888
0 0.2546875 0.1087962962962963 0.0203125 0.025925925925925925
0 0.2296875 0.12731481481481483 0.028125 0.018518518518518517
0 0.24817708333333333 0.19768518518518519 0.022395833333333334 0.03333333333333333
0 0.29348958333333336 0.15648148148148147 0.0203125 0.027777777777777776
0 0.2869791666666667 0.2175925925925926 0.029166666666666667 0.020370370370370372
0 0.30104166666666665 0.23287037037037037 0.03333333333333333 0.019444444444444445
0 0.2828125 0.2726851851851852 0.035416666666666666 0.023148148148148147
0 0.3216145833333333 0.1925925925925926 0.0171875 0.03611111111111111
0 0.26796875 0.08425925925925926 0.015104166666666667 0.03888888888888889
0 0.28411458333333334 0.12129629629629629 0.026041666666666668 0.014814814814814815
0 0.29192708333333334 0.09259259259259259 0.013541666666666667 0.03425925925925926
0 0.30885416666666665 0.12361111111111112 0.0234375 0.030555555555555555
0 0.33489583333333334 0.06944444444444445 0.021875 0.024074074074074074
0 0.35885416666666664 0.05416666666666667 0.018229166666666668 0.019444444444444445
0 0.36223958333333334 0.07824074074074074 0.020833333333333332 0.021296296296296296
0 0.334375 0.03657407407407407 0.0234375 0.022222222222222223
0 0.0515625 0.028703703703703703 0.019270833333333334 0.013888888888888888
0 0.08828125 0.1685185185185185 0.01875 0.017592592592592594
0 0.08854166666666667 0.19074074074074074 0.027083333333333334 0.018518518518518517
0 0.13489583333333333 0.1986111111111111 0.025 0.024074074074074074
0 0.15364583333333334 0.24814814814814815 0.021354166666666667 0.025925925925925925
0 0.11927083333333334 0.2518518518518518 0.021875 0.028703703703703703
0 0.10234375 0.2175925925925926 0.021875 0.01574074074074074
0 0.06015625 0.22037037037037038 0.027604166666666666 0.021296296296296296
0 0.027864583333333335 0.22083333333333333 0.027083333333333334 0.021296296296296296
0 0.019010416666666665 0.27175925925925926 0.034895833333333334 0.024074074074074074
0 0.048177083333333336 0.29074074074074074 0.025520833333333333 0.025
0 0.08932291666666667 0.2912037037037037 0.030208333333333334 0.026851851851851852
0 0.10859375 0.27175925925925926 0.027604166666666666 0.022222222222222223
0 0.09322916666666667 0.262037037037037 0.035416666666666666 0.019444444444444445
0 0.16458333333333333 0.2972222222222222 0.0203125 0.032407407407407406
0 0.18541666666666667 0.2986111111111111 0.022916666666666665 0.03425925925925926
0 0.1703125 0.3416666666666667 0.027083333333333334 0.03425925925925926
0 0.14270833333333333 0.35509259259259257 0.023958333333333335 0.03425925925925926
0 0.11979166666666667 0.34444444444444444 0.025 0.023148148148148147
0 0.10208333333333333 0.35694444444444445 0.020833333333333332 0.03518518518518519
0 0.15625 0.4444444444444444 0.027083333333333334 0.044444444444444446
0 0.17135416666666667 0.513425925925926 0.034895833333333334 0.03796296296296296
0 0.16458333333333333 0.5541666666666667 0.0453125 0.032407407407407406
0 0.06848958333333334 0.5152777777777777 0.03229166666666667 0.032407407407407406
0 0.017447916666666667 0.5060185185185185 0.034895833333333334 0.04351851851851852
0 0.062239583333333334 0.611574074074074 0.029166666666666667 0.04259259259259259
0 0.08411458333333334 0.5699074074074074 0.0375 0.032407407407407406
0 0.09114583333333333 0.5995370370370371 0.022395833333333334 0.05185185185185185
0 0.115625 0.5907407407407408 0.030729166666666665 0.05
0 0.14140625 0.5851851851851851 0.0328125 0.027777777777777776
0 0.1296875 0.6259259259259259 0.033854166666666664 0.03611111111111111
0 0.14765625 0.6342592592592593 0.03958333333333333 0.05277777777777778
0 0.00859375 0.5888888888888889 0.0171875 0.03333333333333333
0 0.2638020833333333 0.5819444444444445 0.041666666666666664 0.040740740740740744
0 0.3932291666666667 0.5675925925925925 0.033854166666666664 0.049074074074074076
0 0.35911458333333335 0.6680555555555555 0.04739583333333333 0.03611111111111111
0 0.3268229166666667 0.7078703703703704 0.05520833333333333 0.03888888888888889
0 0.40598958333333335 0.7435185185185185 0.0453125 0.05185185185185185
0 0.37161458333333336 0.34675925925925927 0.0328125 0.05185185185185185
0 0.38255208333333335 0.26435185185185184 0.04479166666666667 0.03518518518518519
0 0.3671875 0.17083333333333334 0.03229166666666667 0.025
0 0.37395833333333334 0.20555555555555555 0.022395833333333334 0.030555555555555555
0 0.4390625 0.27361111111111114 0.03229166666666667 0.03611111111111111
0 0.4231770833333333 0.33611111111111114 0.030729166666666665 0.05185185185185185
0 0.4734375 0.42407407407407405 0.030729166666666665 0.04814814814814815
0 0.4778645833333333 0.48703703703703705 0.0265625 0.02962962962962963
0 0.47682291666666665 0.5898148148148148 0.03333333333333333 0.08425925925925926
0 0.45026041666666666 0.6078703703703704 0.0296875 0.04537037037037037
0 0.56328125 0.5412037037037037 0.028645833333333332 0.07037037037037037
0 0.5044270833333333 0.5513888888888889 0.020833333333333332 0.032407407407407406
0 0.5223958333333333 0.5819444444444445 0.027083333333333334 0.03333333333333333
0 0.5354166666666667 0.6365740740740741 0.018229166666666668 0.03888888888888889
0 0.459375 0.16018518518518518 0.03125 0.025925925925925925
0 0.51875 0.14351851851851852 0.028645833333333332 0.023148148148148147
0 0.55078125 0.16574074074074074 0.026041666666666668 0.037037037037037035
0 0.40625 0.0712962962962963 0.021354166666666667 0.022222222222222223
0 0.45755208333333336 0.05277777777777778 0.024479166666666666 0.014814814814814815
0 0.4901041666666667 0.0587962962962963 0.022916666666666665 0.018518518518518517
0 0.4479166666666667 0.03194444444444444 0.022916666666666665 0.01574074074074074
0 0.3919270833333333 0.009722222222222222 0.0203125 0.019444444444444445
0 0.37734375 0.010648148148148148 0.021354166666666667 0.021296296296296296
0 0.5216145833333333 0.08657407407407407 0.0171875 0.022222222222222223
0 0.5119791666666667 0.07268518518518519 0.025 0.009259259259259259
0 0.56953125 0.0787037037037037 0.025520833333333333 0.013888888888888888
0 0.5236979166666667 0.009259259259259259 0.021875 0.018518518518518517
0 0.5760416666666667 0.024074074074074074 0.022395833333333334 0.021296296296296296
0 0.6065104166666667 0.010648148148148148 0.018229166666666668 0.021296296296296296
0 0.6075520833333333 0.04212962962962963 0.025520833333333333 0.027777777777777776
0 0.6005208333333333 0.12638888888888888 0.0234375 0.020370370370370372
0 0.6216145833333333 0.12824074074074074 0.0140625 0.024074074074074074
0 0.57265625 0.12222222222222222 0.0296875 0.030555555555555555
0 0.6481770833333333 0.03009259259259259 0.0328125 0.022222222222222223
0 0.6473958333333333 0.1310185185185185 0.030729166666666665 0.025925925925925925
0 0.6653645833333334 0.10648148148148148 0.025520833333333333 0.017592592592592594
0 0.6942708333333333 0.13472222222222222 0.015104166666666667 0.03796296296296296
0 0.6697916666666667 0.1726851851851852 0.034375 0.03888888888888889
0 0.6364583333333333 0.20416666666666666 0.0234375 0.026851851851851852
0 0.6604166666666667 0.21712962962962962 0.027083333333333334 0.02962962962962963
0 0.6940104166666666 0.2101851851851852 0.033854166666666664 0.03888888888888889
0 0.6265625 0.3388888888888889 0.0234375 0.03611111111111111
0 0.6927083333333334 0.4476851851851852 0.0375 0.040740740740740744
0 0.7825520833333334 0.36203703703703705 0.03333333333333333 0.04814814814814815
0 0.7979166666666667 0.3125 0.025520833333333333 0.025925925925925925
0 0.80625 0.33101851851851855 0.01875 0.03611111111111111
0 0.8169270833333333 0.2375 0.0234375 0.028703703703703703
0 0.8005208333333333 0.21296296296296297 0.0375 0.025925925925925925
0 0.7895833333333333 0.17083333333333334 0.028125 0.041666666666666664
0 0.7705729166666667 0.17175925925925925 0.018229166666666668 0.037037037037037035
0 0.85078125 0.3824074074074074 0.0375 0.03611111111111111
0 0.8372395833333334 0.36203703703703705 0.028125 0.026851851851851852
0 0.86796875 0.3578703703703704 0.029166666666666667 0.030555555555555555
0 0.8416666666666667 0.33425925925925926 0.022916666666666665 0.026851851851851852
0 0.8861979166666667 0.32916666666666666 0.030729166666666665 0.03611111111111111
0 0.8921875 0.30972222222222223 0.022916666666666665 0.032407407407407406
0 0.8942708333333333 0.2916666666666667 0.029166666666666667 0.018518518518518517
0 0.9216145833333333 0.3388888888888889 0.01875 0.04722222222222222
0 0.9171875 0.39490740740740743 0.029166666666666667 0.027777777777777776
0 0.9458333333333333 0.38935185185185184 0.030729166666666665 0.03611111111111111
0 0.9703125 0.34814814814814815 0.022395833333333334 0.05462962962962963
0 0.9765625 0.4078703703703704 0.027083333333333334 0.04537037037037037
0 0.93515625 0.4546296296296296 0.0203125 0.03796296296296296
0 0.95234375 0.4708333333333333 0.027604166666666666 0.037037037037037035
0 0.9651041666666667 0.5009259259259259 0.044270833333333336 0.041666666666666664
0 0.9223958333333333 0.49027777777777776 0.035416666666666666 0.03981481481481482
0 0.9421875 0.5305555555555556 0.034375 0.049074074074074076
0 0.6825520833333333 0.6458333333333334 0.04479166666666667 0.058333333333333334
0 0.6846354166666667 0.6962962962962963 0.03958333333333333 0.05185185185185185
0 0.7494791666666667 0.6847222222222222 0.03854166666666667 0.046296296296296294
0 0.6424479166666667 0.6884259259259259 0.04583333333333333 0.04537037037037037
0 0.66015625 0.8513888888888889 0.025520833333333333 0.07962962962962963
0 0.6869791666666667 0.8537037037037037 0.040625 0.06666666666666667
0 0.6263020833333334 0.861574074074074 0.0359375 0.049074074074074076
0 0.6802083333333333 0.9564814814814815 0.04114583333333333 0.07962962962962963
0 0.5854166666666667 0.9638888888888889 0.03802083333333333 0.06759259259259259
0 0.55703125 0.7273148148148149 0.042708333333333334 0.041666666666666664
0 0.590625 0.825 0.03854166666666667 0.04814814814814815
0 0.7125 0.09166666666666666 0.027604166666666666 0.026851851851851852
0 0.6932291666666667 0.06944444444444445 0.016145833333333335 0.016666666666666666
0 0.70859375 0.07175925925925926 0.016666666666666666 0.018518518518518517
0 0.77578125 0.13055555555555556 0.01875 0.025
0 0.7921875 0.012962962962962963 0.016666666666666666 0.01574074074074074
0 0.8158854166666667 0.020833333333333332 0.0203125 0.018518518518518517
0 0.83515625 0.013888888888888888 0.015625 0.020370370370370372
0 0.8395833333333333 0.02638888888888889 0.013541666666666667 0.010185185185185186
0 0.8645833333333334 0.08564814814814815 0.022395833333333334 0.014814814814814815
0 0.87421875 0.049074074074074076 0.019270833333333334 0.012962962962962963
0 0.89140625 0.12777777777777777 0.021875 0.020370370370370372
0 0.8872395833333333 0.14583333333333334 0.024479166666666666 0.019444444444444445
0 0.934375 0.15787037037037038 0.01875 0.025
0 0.9122395833333333 0.12222222222222222 0.019270833333333334 0.021296296296296296
0 0.9002604166666667 0.1050925925925926 0.013541666666666667 0.022222222222222223
0 0.921875 0.1050925925925926 0.030208333333333334 0.013888888888888888
0 0.9341145833333333 0.125 0.017708333333333333 0.02962962962962963
0 0.96328125 0.13842592592592592 0.0234375 0.014814814814814815
0 0.9489583333333333 0.10462962962962963 0.022916666666666665 0.019444444444444445
0 0.9606770833333333 0.0625 0.0125 0.019444444444444445
0 0.9559895833333333 0.03888888888888889 0.011979166666666667 0.027777777777777776
0 0.978125 0.05555555555555555 0.013541666666666667 0.028703703703703703
0 0.08359375 0.7435185185185185 0.04114583333333333 0.04259259259259259
0 0.06770833333333333 0.7893518518518519 0.035416666666666666 0.041666666666666664
0 0.09088541666666666 0.8328703703703704 0.04635416666666667 0.03518518518518519
0 0.11145833333333334 0.862037037037037 0.057291666666666664 0.041666666666666664
0 0.13489583333333333 0.8231481481481482 0.034375 0.041666666666666664
0 0.12708333333333333 0.7907407407407407 0.0453125 0.04537037037037037
0 0.16822916666666668 0.7898148148148149 0.04375 0.044444444444444446
0 0.17630208333333333 0.8240740740740741 0.042708333333333334 0.032407407407407406
0 0.22135416666666666 0.8125 0.05625 0.03888888888888889
0 0.246875 0.8782407407407408 0.04635416666666667 0.05648148148148148
0 0.17526041666666667 0.9569444444444445 0.04114583333333333 0.07222222222222222
0 0.14296875 0.9648148148148148 0.030729166666666665 0.05555555555555555
0 0.12786458333333334 0.9152777777777777 0.0390625 0.08981481481481482