0 0.32916666666666666 0.7138888888888889 0.05677083333333333 0.05925925925925926
0 0.3546875 0.6282407407407408 0.03697916666666667 0.049074074074074076
0 0.4041666666666667 0.750462962962963 0.049479166666666664 0.04814814814814815
0 0.2557291666666667 0.5888888888888889 0.03958333333333333 0.044444444444444446
0 0.17447916666666666 0.5518518518518518 0.03333333333333333 0.032407407407407406
0 0.19765625 0.525 0.03333333333333333 0.023148148148148147
0 0.21041666666666667 0.49953703703703706 0.0453125 0.021296296296296296
0 0.17057291666666666 0.5166666666666667 0.030729166666666665 0.03611111111111111
0 0.15703125 0.43333333333333335 0.0265625 0.05092592592592592
0 0.10703125 0.5412037037037037 0.028125 0.03611111111111111
0 0.12682291666666667 0.5805555555555556 0.0390625 0.03425925925925926
0 0.14401041666666667 0.6291666666666667 0.035416666666666666 0.05185185185185185
0 0.09348958333333333 0.6111111111111112 0.0359375 0.041666666666666664
0 0.04921875 0.5939814814814814 0.050520833333333334 0.030555555555555555
0 0.032552083333333336 0.4842592592592593 0.035416666666666666 0.03518518518518519
0 0.011197916666666667 0.5050925925925925 0.022395833333333334 0.040740740740740744
0 0.0625 0.6305555555555555 0.030729166666666665 0.049074074074074076
0 0.08567708333333333 0.7407407407407407 0.041666666666666664 0.03981481481481482
0 0.06484375 0.7824074074074074 0.03697916666666667 0.02962962962962963
0 0.055989583333333336 0.8356481481481481 0.0421875 0.04537037037037037
0 0.07942708333333333 0.812962962962963 0.043229166666666666 0.040740740740740744
0 0.09921875 0.7837962962962963 0.030729166666666665 0.03333333333333333
0 0.12578125 0.7944444444444444 0.03333333333333333 0.06388888888888888
0 0.12161458333333333 0.8231481481481482 0.04739583333333333 0.05277777777777778
0 0.09765625 0.8458333333333333 0.06666666666666667 0.03333333333333333
0 0.08984375 0.8740740740740741 0.058854166666666666 0.044444444444444446
0 0.15859375 0.7824074074074074 0.0328125 0.05648148148148148
0 0.17604166666666668 0.750462962962963 0.03177083333333333 0.06111111111111111
0 0.203125 0.7203703703703703 0.0375 0.049074074074074076
0 0.2296875 0.7185185185185186 0.03177083333333333 0.03333333333333333
0 0.22317708333333333 0.7532407407407408 0.04375 0.041666666666666664
0 0.19869791666666667 0.7958333333333333 0.04635416666666667 0.05185185185185185
0 0.23958333333333334 0.812037037037037 0.05416666666666667 0.04722222222222222
0 0.24635416666666668 0.8703703703703703 0.04739583333333333 0.05740740740740741
0 0.2947916666666667 0.8527777777777777 0.053125 0.049074074074074076
0 0.2953125 0.3592592592592593 0.035416666666666666 0.03148148148148148
0 0.16015625 0.3421296296296296 0.023958333333333335 0.03425925925925926
0 0.1375 0.34814814814814815 0.0296875 0.024074074074074074
0 0.09973958333333334 0.34953703703703703 0.027083333333333334 0.025925925925925925
0 0.12291666666666666 0.3402777777777778 0.03125 0.024074074074074074
0 0.109375 0.32546296296296295 0.033854166666666664 0.009259259259259259
0 0.11276041666666667 0.3013888888888889 0.036458333333333336 0.023148148148148147
0 0.11484375 0.2740740740740741 0.026041666666666668 0.023148148148148147
0 0.20572916666666666 0.274537037037037 0.034375 0.028703703703703703
0 0.21354166666666666 0.25601851851851853 0.033854166666666664 0.01574074074074074
0 0.05807291666666667 0.2833333333333333 0.028125 0.03611111111111111
0 0.03203125 0.29074074074074074 0.025520833333333333 0.022222222222222223
0 0.07317708333333334 0.26666666666666666 0.0203125 0.018518518518518517
0 0.058854166666666666 0.2490740740740741 0.0234375 0.016666666666666666
0 0.028385416666666666 0.25972222222222224 0.022916666666666665 0.027777777777777776
0 0.027083333333333334 0.21481481481481482 0.022916666666666665 0.019444444444444445
0 0.041666666666666664 0.2013888888888889 0.028125 0.017592592592592594
0 0.055989583333333336 0.21064814814814814 0.016666666666666666 0.010185185185185186
0 0.05026041666666667 0.22592592592592592 0.021354166666666667 0.018518518518518517
0 0.07734375 0.2101851851851852 0.030729166666666665 0.012962962962962963
0 0.08645833333333333 0.19166666666666668 0.028125 0.022222222222222223
0 0.11692708333333333 0.22453703703703703 0.021354166666666667 0.017592592592592594
0 0.09088541666666666 0.2300925925925926 0.0203125 0.016666666666666666
0 0.09479166666666666 0.2523148148148148 0.025 0.024074074074074074
0 0.121875 0.2513888888888889 0.025 0.020370370370370372
0 0.14322916666666666 0.24675925925925926 0.0171875 0.024074074074074074
0 0.03802083333333333 0.17407407407407408 0.023958333333333335 0.016666666666666666
0 0.013802083333333333 0.18888888888888888 0.016145833333333335 0.026851851851851852
0 0.03828125 0.1537037037037037 0.016666666666666666 0.020370370370370372
0 0.01328125 0.16620370370370371 0.018229166666666668 0.01574074074074074
0 0.08151041666666667 0.15231481481481482 0.023958333333333335 0.014814814814814815
0 0.09348958333333333 0.1425925925925926 0.016145833333333335 0.022222222222222223
0 0.11223958333333334 0.1449074074074074 0.013020833333333334 0.022222222222222223
0 0.12239583333333333 0.13287037037037036 0.017708333333333333 0.014814814814814815
0 0.07005208333333333 0.10231481481481482 0.021875 0.017592592592592594
0 0.05755208333333333 0.09675925925925925 0.021354166666666667 0.014814814814814815
0 0.0765625 0.08287037037037037 0.011458333333333333 0.014814814814814815
0 0.08880208333333334 0.08981481481481482 0.015625 0.022222222222222223
0 0.011458333333333333 0.10972222222222222 0.019270833333333334 0.018518518518518517
0 0.015104166666666667 0.0962962962962963 0.022395833333333334 0.014814814814814815
0 0.03307291666666667 0.0763888888888889 0.024479166666666666 0.013888888888888888
0 0.005729166666666666 0.05740740740740741 0.011458333333333333 0.023148148148148147
0 0.01875 0.04814814814814815 0.011458333333333333 0.017592592592592594
0 0.02578125 0.04351851851851852 0.014583333333333334 0.020370370370370372
0 0.03203125 0.03564814814814815 0.021875 0.019444444444444445
0 0.09791666666666667 0.011111111111111112 0.019270833333333334 0.010185185185185186
0 0.13723958333333333 0.08333333333333333 0.021875 0.011111111111111112
0 0.14296875 0.09583333333333334 0.025520833333333333 0.019444444444444445
0 0.16770833333333332 0.0837962962962963 0.019791666666666666 0.01574074074074074
0 0.1625 0.12129629629629629 0.018229166666666668 0.020370370370370372
0 0.18046875 0.09907407407407408 0.016666666666666666 0.019444444444444445
0 0.18776041666666668 0.07546296296296297 0.024479166666666666 0.012962962962962963
0 0.20572916666666666 0.040740740740740744 0.019270833333333334 0.017592592592592594
0 0.25104166666666666 0.07268518518518519 0.019791666666666666 0.020370370370370372
0 0.24166666666666667 0.1 0.01875 0.016666666666666666
0 0.265625 0.10740740740740741 0.025 0.024074074074074074
0 0.24166666666666667 0.12222222222222222 0.026041666666666668 0.03425925925925926
0 0.2513020833333333 0.19490740740740742 0.025 0.021296296296296296
0 0.29140625 0.1597222222222222 0.0171875 0.026851851851851852
0 0.30104166666666665 0.11296296296296296 0.025 0.026851851851851852
0 0.29713541666666665 0.09398148148148149 0.023958333333333335 0.025
0 0.2869791666666667 0.06157407407407407 0.027604166666666666 0.03333333333333333
0 0.2828125 0.04259259259259259 0.022916666666666665 0.026851851851851852
0 0.2765625 0.0375 0.0171875 0.018518518518518517
0 0.2747395833333333 0.025925925925925925 0.024479166666666666 0.025
0 0.29765625 0.22407407407407406 0.026041666666666668 0.016666666666666666
0 0.321875 0.23842592592592593 0.035416666666666666 0.020370370370370372
0 0.28463541666666664 0.27314814814814814 0.0328125 0.027777777777777776
0 0.34817708333333336 0.25601851851851853 0.030208333333333334 0.037037037037037035
0 0.36223958333333334 0.2824074074074074 0.022916666666666665 0.06851851851851852
0 0.3888020833333333 0.23842592592592593 0.016666666666666666 0.032407407407407406
0 0.3578125 0.0837962962962963 0.026041666666666668 0.019444444444444445
0 0.34270833333333334 0.10740740740740741 0.020833333333333332 0.021296296296296296
0 0.32421875 0.05740740740740741 0.023958333333333335 0.022222222222222223
0 0.34609375 0.03935185185185185 0.015104166666666667 0.022222222222222223
0 0.3528645833333333 0.05694444444444444 0.022395833333333334 0.018518518518518517
0 0.39817708333333335 0.05925925925925926 0.025 0.017592592592592594
0 0.40520833333333334 0.06851851851851852 0.01875 0.020370370370370372
0 0.3770833333333333 0.008796296296296297 0.016666666666666666 0.017592592592592594
0 0.45338541666666665 0.041666666666666664 0.021354166666666667 0.017592592592592594
0 0.47109375 0.03425925925925926 0.018229166666666668 0.016666666666666666
0 0.4875 0.026851851851851852 0.018229166666666668 0.016666666666666666
0 0.45208333333333334 0.013425925925925926 0.0203125 0.01574074074074074
0 0.4739583333333333 0.017592592592592594 0.019791666666666666 0.014814814814814815
0 0.5052083333333334 0.06018518518518518 0.020833333333333332 0.018518518518518517
0 0.5255208333333333 0.012037037037037037 0.020833333333333332 0.018518518518518517
0 0.546875 0.0587962962962963 0.022916666666666665 0.017592592592592594
0 0.52421875 0.08148148148148149 0.027083333333333334 0.022222222222222223
0 0.521875 0.14027777777777778 0.019791666666666666 0.02962962962962963
0 0.49895833333333334 0.13703703703703704 0.030208333333333334 0.021296296296296296
0 0.46536458333333336 0.15925925925925927 0.025 0.025925925925925925
0 0.48515625 0.17175925925925925 0.03125 0.028703703703703703
0 0.5424479166666667 0.1648148148148148 0.03125 0.026851851851851852
0 0.5479166666666667 0.11944444444444445 0.016666666666666666 0.028703703703703703
0 0.6046875 0.1175925925925926 0.018229166666666668 0.024074074074074074
0 0.5916666666666667 0.1037037037037037 0.021875 0.021296296296296296
0 0.5893229166666667 0.12916666666666668 0.018229166666666668 0.02962962962962963
0 0.5643229166666667 0.11712962962962963 0.017708333333333333 0.023148148148148147
0 0.42161458333333335 0.2569444444444444 0.021875 0.03611111111111111
0 0.44296875 0.27546296296296297 0.029166666666666667 0.02962962962962963
0 0.43984375 0.37407407407407406 0.018229166666666668 0.03148148148148148
0 0.6502604166666667 0.7958333333333333 0.04583333333333333 0.04814814814814815
0 0.6643229166666667 0.836574074074074 0.03958333333333333 0.058333333333333334
0 0.6578125 0.6537037037037037 0.029166666666666667 0.058333333333333334
0 0.6861979166666666 0.6597222222222222 0.025520833333333333 0.062037037037037036
0 0.8033854166666666 0.6513888888888889 0.04375 0.03981481481481482
0 0.8231770833333333 0.6606481481481481 0.0359375 0.03796296296296296
0 0.8302083333333333 0.6981481481481482 0.03697916666666667 0.041666666666666664
0 0.85546875 0.6773148148148148 0.03802083333333333 0.04351851851851852
0 0.6940104166666666 0.44907407407407407 0.041666666666666664 0.028703703703703703
0 0.6270833333333333 0.3055555555555556 0.0265625 0.05092592592592592
0 0.6401041666666667 0.20416666666666666 0.0234375 0.02962962962962963
0 0.6609375 0.11898148148148148 0.0203125 0.020370370370370372
0 0.6776041666666667 0.13055555555555556 0.019791666666666666 0.017592592592592594
0 0.6846354166666667 0.11388888888888889 0.021875 0.020370370370370372
0 0.7197916666666667 0.11944444444444445 0.03125 0.024074074074074074
0 0.7018229166666666 0.13564814814814816 0.0171875 0.021296296296296296
0 0.69609375 0.1648148148148148 0.0296875 0.024074074074074074
0 0.68828125 0.19305555555555556 0.024479166666666666 0.026851851851851852
0 0.7080729166666667 0.19074074074074074 0.011979166666666667 0.022222222222222223
0 0.7315104166666667 0.20416666666666666 0.019791666666666666 0.028703703703703703
0 0.7497395833333333 0.18472222222222223 0.0328125 0.025925925925925925
0 0.7713541666666667 0.16712962962962963 0.0203125 0.020370370370370372
0 0.78984375 0.2199074074074074 0.022916666666666665 0.014814814814814815
0 0.7666666666666667 0.3111111111111111 0.034895833333333334 0.026851851851851852
0 0.7661458333333333 0.2953703703703704 0.034895833333333334 0.01574074074074074
0 0.79765625 0.3037037037037037 0.020833333333333332 0.05185185185185185
0 0.8315104166666667 0.31527777777777777 0.024479166666666666 0.03518518518518519
0 0.84140625 0.34444444444444444 0.026041666666666668 0.023148148148148147
0 0.8390625 0.3699074074074074 0.03125 0.03518518518518519
0 0.7736979166666667 0.37222222222222223 0.03229166666666667 0.040740740740740744
0 0.875 0.3662037037037037 0.019270833333333334 0.037037037037037035
0 0.89375 0.38935185185185184 0.03177083333333333 0.03425925925925926
0 0.92421875 0.399537037037037 0.018229166666666668 0.044444444444444446
0 0.8549479166666667 0.29444444444444445 0.022395833333333334 0.03518518518518519
0 0.8799479166666667 0.2712962962962963 0.030208333333333334 0.012037037037037037
0 0.8809895833333333 0.2912037037037037 0.0265625 0.022222222222222223
0 0.90546875 0.28379629629629627 0.0234375 0.01574074074074074
0 0.909375 0.300462962962963 0.019791666666666666 0.03518518518518519
0 0.8919270833333334 0.3050925925925926 0.019791666666666666 0.028703703703703703
0 0.8690104166666667 0.22037037037037038 0.01875 0.026851851851851852
0 0.8859375 0.20972222222222223 0.019270833333333334 0.021296296296296296
0 0.9059895833333333 0.2064814814814815 0.022395833333333334 0.012037037037037037
0 0.9127604166666666 0.22361111111111112 0.021354166666666667 0.030555555555555555
0 0.89375 0.22870370370370371 0.019791666666666666 0.023148148148148147
0 0.9265625 0.4962962962962963 0.025520833333333333 0.03888888888888889
0 0.9411458333333333 0.5310185185185186 0.034895833333333334 0.037037037037037035
0 0.9578125 0.5092592592592593 0.03958333333333333 0.05555555555555555
0 0.9854166666666667 0.43425925925925923 0.025520833333333333 0.032407407407407406
0 0.9932291666666667 0.4625 0.013541666666666667 0.04351851851851852
0 0.98828125 0.31527777777777777 0.0171875 0.026851851851851852
0 0.9473958333333333 0.19675925925925927 0.025520833333333333 0.022222222222222223
0 0.9317708333333333 0.18333333333333332 0.020833333333333332 0.013888888888888888
0 0.9434895833333333 0.16018518518518518 0.025 0.020370370370370372
0 0.9036458333333334 0.13935185185185187 0.021354166666666667 0.017592592592592594
0 0.9901041666666667 0.20092592592592592 0.017708333333333333 0.020370370370370372
0 0.7953125 0.10972222222222222 0.01875 0.018518518518518517
0 0.8630208333333333 0.062037037037037036 0.0234375 0.020370370370370372
0 0.9229166666666667 0.013888888888888888 0.0125 0.027777777777777776
0 0.9059895833333333 0.006944444444444444 0.0171875 0.013888888888888888
0 0.9502604166666667 0.04027777777777778 0.018229166666666668 0.024074074074074074
0 0.94765625 0.02546296296296296 0.020833333333333332 0.021296296296296296
0 0.975 0.06712962962962964 0.025520833333333333 0.030555555555555555
0 0.9888020833333333 0.060648148148148145 0.018229166666666668 0.01574074074074074
0 0.9322916666666666 0.053703703703703705 0.019791666666666666 0.014814814814814815
0 0.9950520833333333 0.1259259259259259 0.009895833333333333 0.024074074074074074
0 0.8877604166666667 0.10092592592592593 0.021354166666666667 0.012962962962962963
0 0.9036458333333334 0.11342592592592593 0.0171875 0.024074074074074074
0 0.9208333333333333 0.12685185185185185 0.014583333333333334 0.022222222222222223
0 0.9166666666666666 0.06342592592592593 0.019791666666666666 0.012037037037037037
0 0.90078125 0.05462962962962963 0.019791666666666666 0.01574074074074074
0 0.81328125 0.041666666666666664 0.015104166666666667 0.01574074074074074
0 0.83125 0.03981481481481482 0.016145833333333335 0.016666666666666666
0 0.86796875 0.04259259259259259 0.01875 0.01574074074074074
0 0.8505208333333333 0.04490740740740741 0.015625 0.014814814814814815
0 0.8674479166666667 0.1175925925925926 0.0171875 0.020370370370370372
0 0.8184895833333333 0.0763888888888889 0.018229166666666668 0.01574074074074074
0 0.82109375 0.009722222222222222 0.019791666666666666 0.019444444444444445
0 0.7986979166666667 0.04490740740740741 0.01875 0.014814814814814815
0 0.5645833333333333 0.03425925925925926 0.019791666666666666 0.012962962962962963
0 0.5716145833333334 0.020833333333333332 0.027604166666666666 0.019444444444444445
0 0.5880208333333333 0.03148148148148148 0.01875 0.025
0 0.6096354166666667 0.010648148148148148 0.029166666666666667 0.017592592592592594
0 0.6390625 0.03657407407407407 0.022916666666666665 0.03333333333333333
0 0.6947916666666667 0.056018518518518516 0.023958333333333335 0.021296296296296296
0 0.6575520833333334 0.014351851851851852 0.0171875 0.025
0 0.13307291666666668 0.2023148148148148 0.022395833333333334 0.030555555555555555
0 0.12552083333333333 0.07222222222222222 0.0203125 0.023148148148148147
0 0.05 0.06157407407407407 0.0171875 0.013888888888888888
0 0.07630208333333334 0.059722222222222225 0.015625 0.020370370370370372
0 0.09114583333333333 0.06157407407407407 0.013541666666666667 0.014814814814814815
0 0.06458333333333334 0.024074074074074074 0.015104166666666667 0.010185185185185186
0 0.11927083333333334 0.032407407407407406 0.0109375 0.020370370370370372
0 0.13098958333333333 0.03564814814814815 0.015104166666666667 0.016666666666666666
0 0.15260416666666668 0.02638888888888889 0.019791666666666666 0.018518518518518517
0 0.16458333333333333 0.03611111111111111 0.0203125 0.021296296296296296
0 0.20494791666666667 0.012962962962962963 0.030729166666666665 0.012037037037037037
0 0.18203125 0.010185185185185186 0.0171875 0.018518518518518517
0 0.03203125 0.011111111111111112 0.015625 0.022222222222222223
0 0.01640625 0.14212962962962963 0.020833333333333332 0.014814814814814815
0 0.04921875 0.1337962962962963 0.019270833333333334 0.011111111111111112
0 0.10052083333333334 0.11574074074074074 0.0234375 0.018518518518518517
0 0.1171875 0.12314814814814815 0.027083333333333334 0.01574074074074074
0 0.12239583333333333 0.10416666666666667 0.024479166666666666 0.026851851851851852
0 0.07291666666666667 0.13194444444444445 0.0203125 0.017592592592592594
0 0.21067708333333332 0.07361111111111111 0.021875 0.016666666666666666