0 0.07786458333333333 0.32546296296296295 0.021354166666666667 0.04351851851851852
0 0.049479166666666664 0.3490740740740741 0.024479166666666666 0.022222222222222223
0 0.04583333333333333 0.3699074074074074 0.025520833333333333 0.02962962962962963
0 0.06744791666666666 0.3736111111111111 0.030208333333333334 0.025925925925925925
0 0.09427083333333333 0.34953703703703703 0.022395833333333334 0.03425925925925926
0 0.12473958333333333 0.3574074074074074 0.036458333333333336 0.025925925925925925
0 0.10338541666666666 0.37777777777777777 0.03802083333333333 0.027777777777777776
0 0.008072916666666667 0.3726851851851852 0.016145833333333335 0.062037037037037036
0 0.13307291666666668 0.4111111111111111 0.034375 0.03796296296296296
0 0.159375 0.3768518518518518 0.027083333333333334 0.03425925925925926
0 0.17239583333333333 0.3861111111111111 0.034375 0.027777777777777776
0 0.17682291666666666 0.41064814814814815 0.0390625 0.046296296296296294
0 0.07317708333333334 0.47824074074074074 0.041666666666666664 0.044444444444444446
0 0.10520833333333333 0.48148148148148145 0.022395833333333334 0.044444444444444446
0 0.01953125 0.5009259259259259 0.03333333333333333 0.03518518518518519
0 0.14895833333333333 0.4875 0.034895833333333334 0.04537037037037037
0 0.18463541666666666 0.47129629629629627 0.0234375 0.05648148148148148
0 0.2296875 0.3416666666666667 0.03125 0.032407407407407406
0 0.24088541666666666 0.3138888888888889 0.03333333333333333 0.025925925925925925
0 0.1140625 0.26944444444444443 0.025520833333333333 0.027777777777777776
0 0.15052083333333333 0.24351851851851852 0.027604166666666666 0.028703703703703703
0 0.1296875 0.23703703703703705 0.021354166666666667 0.026851851851851852
0 0.09322916666666667 0.2375 0.023958333333333335 0.019444444444444445
0 0.06302083333333333 0.22453703703703703 0.025520833333333333 0.019444444444444445
0 0.13072916666666667 0.2601851851851852 0.021354166666666667 0.017592592592592594
0 0.11197916666666667 0.25046296296296294 0.01875 0.022222222222222223
0 0.08359375 0.19305555555555556 0.023958333333333335 0.018518518518518517
0 0.14453125 0.1935185185185185 0.0203125 0.028703703703703703
0 0.15364583333333334 0.17546296296296296 0.015625 0.022222222222222223
0 0.1359375 0.1712962962962963 0.017708333333333333 0.027777777777777776
0 0.12135416666666667 0.16111111111111112 0.021875 0.03333333333333333
0 0.153125 0.15925925925925927 0.025520833333333333 0.023148148148148147
0 0.11510416666666666 0.11666666666666667 0.024479166666666666 0.013888888888888888
0 0.14140625 0.125 0.023958333333333335 0.021296296296296296
0 0.14479166666666668 0.13842592592592592 0.023958333333333335 0.013888888888888888
0 0.159375 0.13287037037037036 0.025520833333333333 0.028703703703703703
0 0.20260416666666667 0.1550925925925926 0.020833333333333332 0.025
0 0.25442708333333336 0.20416666666666666 0.03333333333333333 0.022222222222222223
0 0.24322916666666666 0.11064814814814815 0.016666666666666666 0.019444444444444445
0 0.25703125 0.1175925925925926 0.017708333333333333 0.022222222222222223
0 0.22630208333333332 0.11805555555555555 0.021354166666666667 0.016666666666666666
0 0.20286458333333332 0.10277777777777777 0.0171875 0.020370370370370372
0 0.15885416666666666 0.09074074074074075 0.016666666666666666 0.024074074074074074
0 0.13802083333333334 0.08935185185185185 0.013020833333333334 0.023148148148148147
0 0.06328125 0.10462962962962963 0.027604166666666666 0.025
0 0.07630208333333334 0.0824074074074074 0.021354166666666667 0.027777777777777776
0 0.09427083333333333 0.06157407407407407 0.021354166666666667 0.03796296296296296
0 0.11302083333333333 0.050462962962962966 0.018229166666666668 0.025
0 0.11692708333333333 0.0412037037037037 0.021354166666666667 0.02962962962962963
0 0.11770833333333333 0.07175925925925926 0.0203125 0.025
0 0.14609375 0.04814814814814815 0.0265625 0.013888888888888888
0 0.18515625 0.053703703703703705 0.0203125 0.025
0 0.20052083333333334 0.052314814814814814 0.0109375 0.022222222222222223
0 0.21510416666666668 0.04490740740740741 0.018229166666666668 0.032407407407407406
0 0.15598958333333332 0.011111111111111112 0.011979166666666667 0.022222222222222223
0 0.14322916666666666 0.013425925925925926 0.011458333333333333 0.026851851851851852
0 0.19140625 0.011574074074074073 0.021354166666666667 0.018518518518518517
0 0.26458333333333334 0.06851851851851852 0.021354166666666667 0.019444444444444445
0 0.2875 0.0787037037037037 0.0234375 0.016666666666666666
0 0.3265625 0.07037037037037037 0.021354166666666667 0.020370370370370372
0 0.3497395833333333 0.0699074074074074 0.026041666666666668 0.019444444444444445
0 0.3567708333333333 0.015277777777777777 0.019270833333333334 0.022222222222222223
0 0.31927083333333334 0.03657407407407407 0.022395833333333334 0.016666666666666666
0 0.27760416666666665 0.031018518518518518 0.01875 0.017592592592592594
0 0.28984375 0.03194444444444444 0.01875 0.020370370370370372
0 0.28671875 0.14027777777777778 0.021875 0.023148148148148147
0 0.3059895833333333 0.12962962962962962 0.018229166666666668 0.030555555555555555
0 0.3260416666666667 0.12314814814814815 0.011979166666666667 0.027777777777777776
0 0.3971354166666667 0.08611111111111111 0.018229166666666668 0.019444444444444445
0 0.35208333333333336 0.19953703703703704 0.024479166666666666 0.032407407407407406
0 0.325 0.16666666666666666 0.019791666666666666 0.022222222222222223
0 0.3111979166666667 0.325 0.022395833333333334 0.04537037037037037
0 0.3341145833333333 0.3277777777777778 0.021875 0.04537037037037037
0 0.35260416666666666 0.3199074074074074 0.0203125 0.03333333333333333
0 0.36875 0.32407407407407407 0.024479166666666666 0.03611111111111111
0 0.3809895833333333 0.30092592592592593 0.0375 0.030555555555555555
0 0.4002604166666667 0.33055555555555555 0.030729166666666665 0.03796296296296296
0 0.41848958333333336 0.28888888888888886 0.022916666666666665 0.044444444444444446
0 0.38776041666666666 0.2865740740740741 0.034375 0.028703703703703703
0 0.384375 0.27361111111111114 0.03697916666666667 0.026851851851851852
0 0.41822916666666665 0.2671296296296296 0.03333333333333333 0.03518518518518519
0 0.39140625 0.2439814814814815 0.027604166666666666 0.021296296296296296
0 0.4125 0.21574074074074073 0.0296875 0.024074074074074074
0 0.37838541666666664 0.2 0.015625 0.03333333333333333
0 0.39505208333333336 0.2074074074074074 0.016666666666666666 0.037037037037037035
0 0.42213541666666665 0.2 0.03125 0.020370370370370372
0 0.42604166666666665 0.1787037037037037 0.029166666666666667 0.020370370370370372
0 0.42213541666666665 0.15416666666666667 0.025 0.030555555555555555
0 0.48411458333333335 0.18935185185185185 0.03125 0.025
0 0.49765625 0.13796296296296295 0.024479166666666666 0.021296296296296296
0 0.5005208333333333 0.2462962962962963 0.025520833333333333 0.03518518518518519
0 0.5138020833333333 0.22361111111111112 0.021354166666666667 0.026851851851851852
0 0.5135416666666667 0.1935185185185185 0.021875 0.025925925925925925
0 0.53203125 0.19166666666666668 0.027083333333333334 0.024074074074074074
0 0.53359375 0.17592592592592593 0.024479166666666666 0.016666666666666666
0 0.52265625 0.11944444444444445 0.0203125 0.024074074074074074
0 0.5263020833333333 0.13796296296296295 0.027604166666666666 0.009259259259259259
0 0.5247395833333334 0.1527777777777778 0.028125 0.017592592592592594
0 0.5317708333333333 0.16620370370370371 0.024479166666666666 0.012037037037037037
0 0.5466145833333333 0.12222222222222222 0.0234375 0.025925925925925925
0 0.5705729166666667 0.15138888888888888 0.018229166666666668 0.030555555555555555
0 0.5549479166666667 0.16620370370370371 0.022916666666666665 0.022222222222222223
0 0.5580729166666667 0.19444444444444445 0.018229166666666668 0.030555555555555555
0 0.5658854166666667 0.10740740740740741 0.019791666666666666 0.022222222222222223
0 0.5463541666666667 0.09583333333333334 0.028125 0.019444444444444445
0 0.50625 0.0912037037037037 0.016145833333333335 0.017592592592592594
0 0.5174479166666667 0.08194444444444444 0.019270833333333334 0.012037037037037037
0 0.5072916666666667 0.07546296296296297 0.023958333333333335 0.012037037037037037
0 0.46953125 0.032407407407407406 0.013020833333333334 0.025
0 0.43411458333333336 0.04861111111111111 0.022916666666666665 0.01574074074074074
0 0.41770833333333335 0.04537037037037037 0.018229166666666668 0.017592592592592594
0 0.48203125 0.025 0.026041666666666668 0.025
0 0.47734375 0.00787037037037037 0.019270833333333334 0.01574074074074074
0 0.5291666666666667 0.009259259259259259 0.019791666666666666 0.014814814814814815
0 0.5559895833333334 0.02638888888888889 0.022395833333333334 0.013888888888888888
0 0.553125 0.009259259259259259 0.019791666666666666 0.014814814814814815
0 0.5643229166666667 0.04722222222222222 0.0125 0.014814814814814815
0 0.5817708333333333 0.05185185185185185 0.0171875 0.027777777777777776
0 0.5765625 0.07824074074074074 0.0125 0.021296296296296296
0 0.6182291666666667 0.04398148148148148 0.016145833333333335 0.027777777777777776
0 0.5997395833333333 0.046296296296296294 0.013020833333333334 0.018518518518518517
0 0.59765625 0.029166666666666667 0.017708333333333333 0.017592592592592594
0 0.6213541666666667 0.01712962962962963 0.021875 0.022222222222222223
0 0.6453125 0.014814814814814815 0.019270833333333334 0.022222222222222223
0 0.6153645833333333 0.10925925925925926 0.0234375 0.019444444444444445
0 0.596875 0.10324074074074074 0.014583333333333334 0.01574074074074074
0 0.6174479166666667 0.08657407407407407 0.025 0.025
0 0.6372395833333333 0.09074074074074075 0.0234375 0.022222222222222223
0 0.6424479166666667 0.075 0.022916666666666665 0.01574074074074074
0 0.6533854166666667 0.06574074074074074 0.021354166666666667 0.021296296296296296
0 0.6697916666666667 0.04537037037037037 0.0203125 0.014814814814814815
0 0.6880208333333333 0.027314814814814816 0.019270833333333334 0.017592592592592594
0 0.6755208333333333 0.06944444444444445 0.021354166666666667 0.025
0 0.6361979166666667 0.04583333333333333 0.018229166666666668 0.024074074074074074
0 0.59609375 0.16666666666666666 0.017708333333333333 0.030555555555555555
0 0.6067708333333334 0.15833333333333333 0.019270833333333334 0.025925925925925925
0 0.6208333333333333 0.18287037037037038 0.024479166666666666 0.030555555555555555
0 0.61640625 0.20694444444444443 0.025520833333333333 0.021296296296296296
0 0.59921875 0.21435185185185185 0.022916666666666665 0.018518518518518517
0 0.58515625 0.20462962962962963 0.022395833333333334 0.019444444444444445
0 0.58515625 0.18703703703703703 0.035416666666666666 0.019444444444444445
0 0.6463541666666667 0.2851851851851852 0.030208333333333334 0.028703703703703703
0 0.65625 0.26944444444444443 0.027083333333333334 0.037037037037037035
0 0.6223958333333334 0.31851851851851853 0.025 0.024074074074074074
0 0.59765625 0.3212962962962963 0.029166666666666667 0.025
0 0.5942708333333333 0.2962962962962963 0.0328125 0.025925925925925925
0 0.56875 0.30416666666666664 0.0234375 0.030555555555555555
0 0.6143229166666667 0.40555555555555556 0.030729166666666665 0.04722222222222222
0 0.5174479166666667 0.4439814814814815 0.03229166666666667 0.040740740740740744
0 0.4471354166666667 0.425 0.033854166666666664 0.041666666666666664
0 0.38307291666666665 0.4273148148148148 0.03229166666666667 0.037037037037037035
0 0.3463541666666667 0.4310185185185185 0.0375 0.03148148148148148
0 0.3190104166666667 0.4212962962962963 0.016666666666666666 0.037037037037037035
0 0.34010416666666665 0.4666666666666667 0.028645833333333332 0.040740740740740744
0 0.403125 0.4671296296296296 0.04375 0.030555555555555555
0 0.4236979166666667 0.4888888888888889 0.0390625 0.03611111111111111
0 0.5338541666666666 0.49027777777777776 0.03958333333333333 0.030555555555555555
0 0.5260416666666666 0.5231481481481481 0.03333333333333333 0.03888888888888889
0 0.51953125 0.5467592592592593 0.0390625 0.03981481481481482
0 0.5427083333333333 0.5263888888888889 0.034375 0.032407407407407406
0 0.5700520833333333 0.5236111111111111 0.0328125 0.04537037037037037
0 0.5932291666666667 0.49953703703703706 0.030729166666666665 0.041666666666666664
0 0.6033854166666667 0.5365740740740741 0.035416666666666666 0.03425925925925926
0 0.5557291666666667 0.5638888888888889 0.03802083333333333 0.04351851851851852
0 0.5786458333333333 0.5777777777777777 0.03229166666666667 0.05092592592592592
0 0.70234375 0.5263888888888889 0.0328125 0.041666666666666664
0 0.7041666666666667 0.5787037037037037 0.051041666666666666 0.03888888888888889
0 0.2755208333333333 0.5638888888888889 0.044270833333333336 0.04351851851851852
0 0.26223958333333336 0.649537037037037 0.04791666666666667 0.05462962962962963
0 0.23359375 0.6606481481481481 0.021354166666666667 0.05092592592592592
0 0.17890625 0.5879629629629629 0.015104166666666667 0.03611111111111111
0 0.2484375 0.6972222222222222 0.0453125 0.05
0 0.3338541666666667 0.6620370370370371 0.04010416666666667 0.04722222222222222
0 0.3809895833333333 0.7351851851851852 0.05520833333333333 0.044444444444444446
0 0.2328125 0.8185185185185185 0.049479166666666664 0.04259259259259259
0 0.4322916666666667 0.8671296296296296 0.040625 0.07222222222222222
0 0.5236979166666667 0.7953703703703704 0.053125 0.05277777777777778
0 0.534375 0.7555555555555555 0.04010416666666667 0.049074074074074076
0 0.5109375 0.7324074074074074 0.05364583333333333 0.04351851851851852
0 0.56875 0.8731481481481481 0.03697916666666667 0.046296296296296294
0 0.5958333333333333 0.9162037037037037 0.06927083333333334 0.07037037037037037
0 0.6143229166666667 0.8541666666666666 0.035416666666666666 0.04722222222222222
0 0.6213541666666667 0.788425925925926 0.0453125 0.053703703703703705
0 0.6325520833333333 0.7523148148148148 0.049479166666666664 0.040740740740740744
0 0.6708333333333333 0.9097222222222222 0.050520833333333334 0.05277777777777778
0 0.6955729166666667 0.6995370370370371 0.03958333333333333 0.05
0 0.7588541666666667 0.7300925925925926 0.0515625 0.04259259259259259
0 0.83046875 0.7962962962962963 0.04010416666666667 0.05740740740740741
0 0.88828125 0.7425925925925926 0.04114583333333333 0.07037037037037037
0 0.9260416666666667 0.7398148148148148 0.026041666666666668 0.08703703703703704
0 0.9072916666666667 0.6962962962962963 0.04895833333333333 0.03796296296296296
0 0.9098958333333333 0.6583333333333333 0.034375 0.037037037037037035
0 0.9377604166666667 0.8240740740740741 0.03854166666666667 0.06851851851851852
0 0.9203125 0.8907407407407407 0.026041666666666668 0.08796296296296297
0 0.8822916666666667 0.562037037037037 0.04739583333333333 0.046296296296296294
0 0.8658854166666666 0.43333333333333335 0.0328125 0.030555555555555555
0 0.8333333333333334 0.350462962962963 0.028125 0.04259259259259259
0 0.8236979166666667 0.3023148148148148 0.0296875 0.04351851851851852
0 0.8924479166666667 0.34074074074074073 0.021875 0.04351851851851852
0 0.8893229166666666 0.29814814814814816 0.0265625 0.05277777777777778
0 0.8276041666666667 0.2708333333333333 0.018229166666666668 0.04814814814814815
0 0.8140625 0.2652777777777778 0.021875 0.053703703703703705
0 0.7770833333333333 0.24722222222222223 0.027083333333333334 0.037037037037037035
0 0.7802083333333333 0.20462962962962963 0.023958333333333335 0.041666666666666664
0 0.8049479166666667 0.20879629629629629 0.028645833333333332 0.028703703703703703
0 0.803125 0.1884259259259259 0.03333333333333333 0.021296296296296296
0 0.7997395833333333 0.17407407407407408 0.029166666666666667 0.023148148148148147
0 0.79453125 0.16620370370370371 0.03177083333333333 0.018518518518518517
0 0.7583333333333333 0.18101851851851852 0.018229166666666668 0.025925925925925925
0 0.7122395833333334 0.2037037037037037 0.030729166666666665 0.023148148148148147
0 0.72734375 0.09398148148148149 0.026041666666666668 0.018518518518518517
0 0.7255208333333333 0.03981481481481482 0.0296875 0.024074074074074074
0 0.7520833333333333 0.027314814814814816 0.0203125 0.021296296296296296
0 0.7580729166666667 0.03611111111111111 0.019791666666666666 0.021296296296296296
0 0.7658854166666667 0.04490740740740741 0.021354166666666667 0.025
0 0.7528645833333333 0.06388888888888888 0.016145833333333335 0.02962962962962963
0 0.7721354166666666 0.06851851851851852 0.025 0.030555555555555555
0 0.7713541666666667 0.0912037037037037 0.021875 0.025925925925925925
0 0.7760416666666666 0.11064814814814815 0.030208333333333334 0.032407407407407406
0 0.7854166666666667 0.12916666666666668 0.023958333333333335 0.037037037037037035
0 0.7921875 0.1449074074074074 0.028125 0.032407407407407406
0 0.8013020833333333 0.017592592592592594 0.020833333333333332 0.020370370370370372
0 0.8177083333333334 0.018518518518518517 0.0171875 0.012962962962962963
0 0.8338541666666667 0.12824074074074074 0.023958333333333335 0.024074074074074074
0 0.85 0.11990740740740741 0.0125 0.03518518518518519
0 0.86171875 0.11203703703703703 0.016145833333333335 0.02962962962962963
0 0.8424479166666666 0.2023148148148148 0.021875 0.03148148148148148
0 0.8572916666666667 0.1875 0.027083333333333334 0.040740740740740744
0 0.8950520833333333 0.07731481481481481 0.016145833333333335 0.020370370370370372
0 0.8833333333333333 0.06388888888888888 0.013541666666666667 0.016666666666666666
0 0.86796875 0.04398148148148148 0.0203125 0.01574074074074074
0 0.8390625 0.043055555555555555 0.010416666666666666 0.020370370370370372
0 0.853125 0.050462962962962966 0.019791666666666666 0.012037037037037037
0 0.8630208333333333 0.07037037037037037 0.0171875 0.021296296296296296
0 0.8848958333333333 0.03888888888888889 0.019270833333333334 0.016666666666666666
0 0.8619791666666666 0.025 0.016145833333333335 0.021296296296296296
0 0.8919270833333334 0.025925925925925925 0.018229166666666668 0.012962962962962963
0 0.9286458333333333 0.05462962962962963 0.014583333333333334 0.018518518518518517
0 0.9138020833333333 0.05416666666666667 0.013541666666666667 0.014814814814814815
0 0.93046875 0.03518518518518519 0.0125 0.018518518518518517
0 0.92265625 0.0125 0.0109375 0.022222222222222223
0 0.8932291666666666 0.010185185185185186 0.0171875 0.020370370370370372
0 0.9518229166666666 0.016203703703703703 0.016145833333333335 0.019444444444444445
0 0.96484375 0.05 0.013541666666666667 0.03148148148148148
0 0.95703125 0.0875 0.015104166666666667 0.02962962962962963
0 0.9486979166666667 0.10694444444444444 0.017708333333333333 0.016666666666666666
0 0.9341145833333333 0.11203703703703703 0.018229166666666668 0.014814814814814815
0 0.9481770833333333 0.1259259259259259 0.024479166666666666 0.021296296296296296
0 0.9674479166666666 0.1175925925925926 0.0171875 0.022222222222222223
0 0.9716145833333333 0.08611111111111111 0.0203125 0.016666666666666666
0 0.98515625 0.0875 0.015104166666666667 0.021296296296296296
0 0.9703125 0.1425925925925926 0.016145833333333335 0.026851851851851852
0 0.9510416666666667 0.14629629629629629 0.023958333333333335 0.024074074074074074
0 0.9330729166666667 0.16527777777777777 0.029166666666666667 0.024074074074074074
0 0.940625 0.2125 0.021875 0.03148148148148148
0 0.9614583333333333 0.17083333333333334 0.013020833333333334 0.020370370370370372
0 0.978125 0.18055555555555555 0.025 0.023148148148148147
0 0.9815104166666667 0.2388888888888889 0.03333333333333333 0.022222222222222223
0 0.70078125 0.9925925925925926 0.030208333333333334 0.014814814814814815
0 0.08229166666666667 0.9680555555555556 0.043229166666666666 0.06388888888888888