0 0.08880208333333334 0.8759259259259259 0.0734375 0.041666666666666664
0 0.1125 0.8453703703703703 0.040625 0.03611111111111111
0 0.125 0.8287037037037037 0.04583333333333333 0.05
0 0.14583333333333334 0.7976851851851852 0.022916666666666665 0.08703703703703704
0 0.17161458333333332 0.8037037037037037 0.028125 0.06851851851851852
0 0.19635416666666666 0.787962962962963 0.0328125 0.06388888888888888
0 0.22890625 0.8111111111111111 0.0453125 0.06759259259259259
0 0.16588541666666667 0.7638888888888888 0.036458333333333336 0.037037037037037035
0 0.20104166666666667 0.737037037037037 0.04010416666666667 0.04537037037037037
0 0.11536458333333334 0.7814814814814814 0.04114583333333333 0.026851851851851852
0 0.08489583333333334 0.7439814814814815 0.0453125 0.03425925925925926
0 0.06380208333333333 0.787962962962963 0.0359375 0.03888888888888889
0 0.06588541666666667 0.8412037037037037 0.050520833333333334 0.03425925925925926
0 0.08489583333333334 0.8134259259259259 0.035416666666666666 0.026851851851851852
0 0.24036458333333333 0.8740740740740741 0.051041666666666666 0.04814814814814815
0 0.29296875 0.8550925925925926 0.057291666666666664 0.05925925925925926
0 0.14947916666666666 0.9625 0.034895833333333334 0.05740740740740741
0 0.3294270833333333 0.711574074074074 0.0578125 0.041666666666666664
0 0.403125 0.75 0.04791666666666667 0.04537037037037037
0 0.3541666666666667 0.6333333333333333 0.04010416666666667 0.05
0 0.25338541666666664 0.5856481481481481 0.05416666666666667 0.03981481481481482
0 0.1796875 0.5486111111111112 0.04635416666666667 0.03333333333333333
0 0.20677083333333332 0.49907407407407406 0.04583333333333333 0.024074074074074074
0 0.20104166666666667 0.5231481481481481 0.03854166666666667 0.024074074074074074
0 0.17604166666666668 0.5166666666666667 0.034895833333333334 0.03333333333333333
0 0.10520833333333333 0.5425925925925926 0.025 0.04722222222222222
0 0.12734375 0.5893518518518519 0.030208333333333334 0.03888888888888889
0 0.14661458333333333 0.6347222222222222 0.033854166666666664 0.046296296296296294
0 0.09192708333333334 0.6027777777777777 0.028125 0.04537037037037037
0 0.06067708333333333 0.6263888888888889 0.025520833333333333 0.041666666666666664
0 0.06015625 0.5981481481481481 0.044270833333333336 0.023148148148148147
0 0.031510416666666666 0.48148148148148145 0.027083333333333334 0.05277777777777778
0 0.1515625 0.44351851851851853 0.03333333333333333 0.03148148148148148
0 0.0078125 0.5916666666666667 0.015625 0.028703703703703703
0 0.005729166666666666 0.5046296296296297 0.011458333333333333 0.04259259259259259
0 0.10729166666666666 0.29907407407407405 0.0328125 0.028703703703703703
0 0.07447916666666667 0.31574074074074077 0.028125 0.03796296296296296
0 0.11614583333333334 0.3282407407407407 0.0390625 0.014814814814814815
0 0.10104166666666667 0.3537037037037037 0.0375 0.024074074074074074
0 0.13411458333333334 0.3509259259259259 0.022916666666666665 0.03425925925925926
0 0.15703125 0.3439814814814815 0.0234375 0.03611111111111111
0 0.14453125 0.2462962962962963 0.028645833333333332 0.023148148148148147
0 0.12942708333333333 0.22870370370370371 0.027083333333333334 0.024074074074074074
0 0.13411458333333334 0.20092592592592592 0.026041666666666668 0.017592592592592594
0 0.12369791666666667 0.25462962962962965 0.023958333333333335 0.028703703703703703
0 0.11119791666666666 0.274537037037037 0.024479166666666666 0.024074074074074074
0 0.037760416666666664 0.29074074074074074 0.034375 0.01574074074074074
0 0.008333333333333333 0.3296296296296296 0.016145833333333335 0.03425925925925926
0 0.017708333333333333 0.22175925925925927 0.0296875 0.022222222222222223
0 0.04140625 0.22546296296296298 0.022916666666666665 0.025925925925925925
0 0.06484375 0.22175925925925927 0.026041666666666668 0.022222222222222223
0 0.0828125 0.20555555555555555 0.028645833333333332 0.022222222222222223
0 0.06171875 0.18287037037037038 0.01875 0.026851851851851852
0 0.04765625 0.17175925925925925 0.0265625 0.014814814814814815
0 0.09401041666666667 0.16018518518518518 0.015104166666666667 0.026851851851851852
0 0.06588541666666667 0.15694444444444444 0.022916666666666665 0.017592592592592594
0 0.03697916666666667 0.15648148148148147 0.017708333333333333 0.022222222222222223
0 0.08229166666666667 0.13564814814814816 0.021875 0.017592592592592594
0 0.11354166666666667 0.14444444444444443 0.028125 0.017592592592592594
0 0.15520833333333334 0.1337962962962963 0.011458333333333333 0.017592592592592594
0 0.20026041666666666 0.12777777777777777 0.026041666666666668 0.028703703703703703
0 0.16953125 0.12685185185185185 0.014583333333333334 0.017592592592592594
0 0.15104166666666666 0.10925925925925926 0.019791666666666666 0.018518518518518517
0 0.17630208333333333 0.09861111111111111 0.017708333333333333 0.020370370370370372
0 0.20442708333333334 0.04027777777777778 0.0203125 0.019444444444444445
0 0.00859375 0.11435185185185186 0.0171875 0.02962962962962963
0 0.013020833333333334 0.09768518518518518 0.022395833333333334 0.023148148148148147
0 0.028645833333333332 0.03888888888888889 0.026041666666666668 0.019444444444444445
0 0.023697916666666666 0.01712962962962963 0.016666666666666666 0.017592592592592594
0 0.0578125 0.02361111111111111 0.022395833333333334 0.023148148148148147
0 0.04895833333333333 0.05925925925925926 0.0265625 0.024074074074074074
0 0.061197916666666664 0.07314814814814814 0.020833333333333332 0.016666666666666666
0 0.0765625 0.0824074074074074 0.018229166666666668 0.023148148148148147
0 0.08489583333333334 0.09722222222222222 0.027083333333333334 0.020370370370370372
0 0.06796875 0.11435185185185186 0.027083333333333334 0.012962962962962963
0 0.04479166666666667 0.11944444444444445 0.021875 0.014814814814814815
0 0.021354166666666667 0.13935185185185187 0.027083333333333334 0.013888888888888888
0 0.09739583333333333 0.10648148148148148 0.0203125 0.017592592592592594
0 0.13645833333333332 0.08101851851851852 0.027604166666666666 0.014814814814814815
0 0.13020833333333334 0.05416666666666667 0.029166666666666667 0.021296296296296296
0 0.16354166666666667 0.04398148148148148 0.028125 0.025925925925925925
0 0.12994791666666666 0.02824074074074074 0.0203125 0.02962962962962963
0 0.15104166666666666 0.024074074074074074 0.01875 0.025925925925925925
0 0.1734375 0.014814814814814815 0.03177083333333333 0.014814814814814815
0 0.20911458333333333 0.014351851851851852 0.021875 0.012962962962962963
0 0.0828125 0.010185185185185186 0.021875 0.016666666666666666
0 0.22526041666666666 0.12731481481481483 0.021875 0.025
0 0.25677083333333334 0.1087962962962963 0.022916666666666665 0.023148148148148147
0 0.23177083333333334 0.09259259259259259 0.0296875 0.019444444444444445
0 0.25104166666666666 0.1962962962962963 0.022916666666666665 0.03333333333333333
0 0.21276041666666667 0.25972222222222224 0.03697916666666667 0.022222222222222223
0 0.1921875 0.2722222222222222 0.022916666666666665 0.03425925925925926
0 0.2908854166666667 0.16064814814814815 0.022916666666666665 0.024074074074074074
0 0.3182291666666667 0.23703703703703705 0.029166666666666667 0.026851851851851852
0 0.29739583333333336 0.22546296296296298 0.029166666666666667 0.022222222222222223
0 0.28411458333333334 0.27361111111111114 0.0296875 0.03425925925925926
0 0.29322916666666665 0.3611111111111111 0.04010416666666667 0.03148148148148148
0 0.27447916666666666 0.025 0.0296875 0.026851851851851852
0 0.2671875 0.014814814814814815 0.026041666666666668 0.02962962962962963
0 0.28098958333333335 0.03333333333333333 0.022916666666666665 0.032407407407407406
0 0.28958333333333336 0.04722222222222222 0.022395833333333334 0.03518518518518519
0 0.30859375 0.09953703703703703 0.023958333333333335 0.032407407407407406
0 0.31744791666666666 0.13472222222222222 0.017708333333333333 0.030555555555555555
0 0.35572916666666665 0.062037037037037036 0.013541666666666667 0.016666666666666666
0 0.36276041666666664 0.075 0.0203125 0.023148148148148147
0 0.33984375 0.06527777777777778 0.013020833333333334 0.019444444444444445
0 0.38619791666666664 0.12777777777777777 0.027083333333333334 0.019444444444444445
0 0.40572916666666664 0.07175925925925926 0.017708333333333333 0.017592592592592594
0 0.38697916666666665 0.009259259259259259 0.0375 0.018518518518518517
0 0.41302083333333334 0.1638888888888889 0.01875 0.049074074074074076
0 0.44609375 0.13657407407407407 0.026041666666666668 0.022222222222222223
0 0.46145833333333336 0.16018518518518518 0.03125 0.026851851851851852
0 0.4479166666666667 0.20324074074074075 0.024479166666666666 0.04722222222222222
0 0.44479166666666664 0.2773148148148148 0.028125 0.04537037037037037
0 0.44869791666666664 0.03333333333333333 0.019270833333333334 0.012962962962962963
0 0.46015625 0.013888888888888888 0.021875 0.014814814814814815
0 0.4747395833333333 0.018055555555555554 0.019270833333333334 0.014814814814814815
0 0.4588541666666667 0.05324074074074074 0.019270833333333334 0.017592592592592594
0 0.47890625 0.05462962962962963 0.013541666666666667 0.024074074074074074
0 0.37864583333333335 0.3597222222222222 0.026041666666666668 0.06018518518518518
0 0.41354166666666664 0.3236111111111111 0.03697916666666667 0.03611111111111111
0 0.4114583333333333 0.3662037037037037 0.03697916666666667 0.040740740740740744
0 0.39166666666666666 0.41203703703703703 0.030208333333333334 0.06666666666666667
0 0.50390625 0.06018518518518518 0.023958333333333335 0.020370370370370372
0 0.528125 0.08842592592592592 0.030208333333333334 0.023148148148148147
0 0.5481770833333334 0.053703703703703705 0.028125 0.018518518518518517
0 0.52109375 0.014814814814814815 0.023958333333333335 0.022222222222222223
0 0.5622395833333333 0.03564814814814815 0.022395833333333334 0.019444444444444445
0 0.5830729166666667 0.029166666666666667 0.021875 0.026851851851851852
0 0.54609375 0.027314814814814816 0.015625 0.022222222222222223
0 0.5216145833333333 0.14537037037037037 0.028125 0.019444444444444445
0 0.5479166666666667 0.11851851851851852 0.020833333333333332 0.024074074074074074
0 0.5466145833333333 0.1685185185185185 0.03333333333333333 0.025925925925925925
0 0.5890625 0.12638888888888888 0.021354166666666667 0.028703703703703703
0 0.59921875 0.11481481481481481 0.033854166666666664 0.03611111111111111
0 0.6369791666666667 0.06944444444444445 0.028125 0.02962962962962963
0 0.6291666666666667 0.041666666666666664 0.01875 0.025
0 0.6466145833333333 0.03333333333333333 0.015104166666666667 0.030555555555555555
0 0.6630208333333333 0.027314814814814816 0.016145833333333335 0.024074074074074074
0 0.6354166666666666 0.025 0.018229166666666668 0.019444444444444445
0 0.60625 0.02175925925925926 0.025 0.019444444444444445
0 0.6598958333333333 0.12453703703703704 0.023958333333333335 0.022222222222222223
0 0.6380208333333334 0.20462962962962963 0.022916666666666665 0.025925925925925925
0 0.6666666666666666 0.1125 0.019270833333333334 0.020370370370370372
0 0.68671875 0.12638888888888888 0.0203125 0.03796296296296296
0 0.7059895833333333 0.1476851851851852 0.0296875 0.028703703703703703
0 0.6901041666666666 0.19675925925925927 0.0265625 0.027777777777777776
0 0.70625 0.19398148148148148 0.019791666666666666 0.028703703703703703
0 0.734375 0.1962962962962963 0.034375 0.03611111111111111
0 0.7502604166666667 0.18703703703703703 0.03333333333333333 0.03148148148148148
0 0.7703125 0.16944444444444445 0.019791666666666666 0.03148148148148148
0 0.7666666666666667 0.12083333333333333 0.015104166666666667 0.03611111111111111
0 0.6072916666666667 0.3226851851851852 0.027604166666666666 0.05740740740740741
0 0.69453125 0.4513888888888889 0.041666666666666664 0.030555555555555555
0 0.77734375 0.36898148148148147 0.025520833333333333 0.04537037037037037
0 0.7739583333333333 0.3175925925925926 0.04010416666666667 0.026851851851851852
0 0.76796875 0.2953703703703704 0.0375 0.024074074074074074
0 0.809375 0.3 0.021875 0.03611111111111111
0 0.8479166666666667 0.3347222222222222 0.042708333333333334 0.03888888888888889
0 0.8200520833333333 0.33564814814814814 0.017708333333333333 0.04537037037037037
0 0.8372395833333334 0.3574074074074074 0.028125 0.032407407407407406
0 0.859375 0.37222222222222223 0.028645833333333332 0.03148148148148148
0 0.8833333333333333 0.3939814814814815 0.025 0.03888888888888889
0 0.8130208333333333 0.5296296296296297 0.03125 0.04537037037037037
0 0.9247395833333333 0.40324074074074073 0.024479166666666666 0.03425925925925926
0 0.65859375 0.6560185185185186 0.03229166666666667 0.05925925925925926
0 0.6859375 0.6564814814814814 0.025 0.053703703703703705
0 0.8044270833333333 0.6509259259259259 0.0375 0.03333333333333333
0 0.8190104166666666 0.6666666666666666 0.03125 0.03425925925925926
0 0.8236979166666667 0.7041666666666667 0.041666666666666664 0.03611111111111111
0 0.85234375 0.674074074074074 0.03697916666666667 0.044444444444444446
0 0.92578125 0.49583333333333335 0.028125 0.024074074074074074
0 0.9377604166666667 0.5287037037037037 0.03229166666666667 0.03518518518518519
0 0.9528645833333333 0.5212962962962963 0.029166666666666667 0.041666666666666664
0 0.9609375 0.5143518518518518 0.03333333333333333 0.05185185185185185
0 0.9770833333333333 0.4810185185185185 0.03333333333333333 0.03425925925925926
0 0.8833333333333333 0.275 0.028125 0.021296296296296296
0 0.8921875 0.30416666666666664 0.025520833333333333 0.022222222222222223
0 0.9109375 0.28194444444444444 0.018229166666666668 0.013888888888888888
0 0.8565104166666667 0.21851851851851853 0.013020833333333334 0.04351851851851852
0 0.8713541666666667 0.23425925925925925 0.0203125 0.025925925925925925
0 0.8921875 0.21712962962962962 0.021875 0.02962962962962963
0 0.9096354166666667 0.22685185185185186 0.019270833333333334 0.028703703703703703
0 0.7893229166666667 0.22268518518518518 0.025520833333333333 0.024074074074074074
0 0.8033854166666666 0.11018518518518519 0.026041666666666668 0.028703703703703703
0 0.82421875 0.1125 0.021875 0.03148148148148148
0 0.865625 0.11851851851851852 0.017708333333333333 0.023148148148148147
0 0.9403645833333333 0.15925925925925927 0.027604166666666666 0.022222222222222223
0 0.90234375 0.05416666666666667 0.015104166666666667 0.017592592592592594
0 0.9184895833333333 0.06435185185185185 0.022916666666666665 0.017592592592592594
0 0.9338541666666667 0.052314814814814814 0.0171875 0.018518518518518517
0 0.9463541666666667 0.031018518518518518 0.019791666666666666 0.019444444444444445
0 0.9252604166666667 0.0125 0.030729166666666665 0.025
0 0.971875 0.05185185185185185 0.016666666666666666 0.03611111111111111
0 0.9916666666666667 0.060648148148148145 0.014583333333333334 0.024074074074074074
0 0.9528645833333333 0.11990740740740741 0.0203125 0.013888888888888888
0 0.9591145833333333 0.1361111111111111 0.0203125 0.014814814814814815
0 0.9234375 0.12175925925925926 0.0109375 0.026851851851851852
0 0.8690104166666667 0.05324074074074074 0.027083333333333334 0.022222222222222223
0 0.69765625 0.8421296296296297 0.0359375 0.08333333333333333
0 0.665625 0.8361111111111111 0.03802083333333333 0.06851851851851852