0 0.15104166666666666 0.4444444444444444 0.03958333333333333 0.040740740740740744
0 0.19036458333333334 0.0763888888888889 0.03229166666666667 0.014814814814814815
0 0.18645833333333334 0.09351851851851851 0.028645833333333332 0.017592592592592594
0 0.17760416666666667 0.10138888888888889 0.019270833333333334 0.017592592592592594
0 0.22447916666666667 0.13194444444444445 0.022916666666666665 0.022222222222222223
0 0.24609375 0.10972222222222222 0.028125 0.01574074074074074
0 0.23229166666666667 0.09166666666666666 0.030208333333333334 0.019444444444444445
0 0.20677083333333332 0.04351851851851852 0.017708333333333333 0.016666666666666666
0 0.16197916666666667 0.04259259259259259 0.022916666666666665 0.014814814814814815
0 0.17734375 0.03287037037037037 0.01875 0.018518518518518517
0 0.19739583333333333 0.02175925925925926 0.013020833333333334 0.022222222222222223
0 0.21458333333333332 0.015277777777777777 0.011458333333333333 0.014814814814814815
0 0.16276041666666666 0.13425925925925927 0.023958333333333335 0.012962962962962963
0 0.16223958333333333 0.12361111111111112 0.022916666666666665 0.011111111111111112
0 0.14140625 0.12731481481481483 0.015625 0.022222222222222223
0 0.13697916666666668 0.11481481481481481 0.025520833333333333 0.013888888888888888
0 0.14088541666666668 0.09953703703703703 0.029166666666666667 0.018518518518518517
0 0.13307291666666668 0.07592592592592592 0.035416666666666666 0.008333333333333333
0 0.13203125 0.08657407407407407 0.022395833333333334 0.01574074074074074
0 0.11692708333333333 0.09583333333333334 0.011979166666666667 0.025925925925925925
0 0.12708333333333333 0.1388888888888889 0.021875 0.023148148148148147
0 0.1046875 0.14074074074074075 0.016666666666666666 0.024074074074074074
0 0.10703125 0.10231481481481482 0.0125 0.016666666666666666
0 0.09739583333333333 0.10833333333333334 0.013541666666666667 0.020370370370370372
0 0.1140625 0.11990740740740741 0.030729166666666665 0.013888888888888888
0 0.0828125 0.15185185185185185 0.021875 0.025
0 0.08958333333333333 0.11944444444444445 0.0203125 0.011111111111111112
0 0.09010416666666667 0.13518518518518519 0.017708333333333333 0.021296296296296296
0 0.07135416666666666 0.1050925925925926 0.021354166666666667 0.01574074074074074
0 0.07552083333333333 0.08425925925925926 0.017708333333333333 0.018518518518518517
0 0.09166666666666666 0.06527777777777778 0.0203125 0.013888888888888888
0 0.07369791666666667 0.06296296296296296 0.015104166666666667 0.013888888888888888
0 0.03125 0.07916666666666666 0.019791666666666666 0.016666666666666666
0 0.06692708333333333 0.02361111111111111 0.011458333333333333 0.01574074074074074
0 0.03333333333333333 0.04398148148148148 0.0140625 0.016666666666666666
0 0.016145833333333335 0.052314814814814814 0.021354166666666667 0.010185185185185186
0 0.015364583333333333 0.06759259259259259 0.014583333333333334 0.014814814814814815
0 0.011197916666666667 0.09814814814814815 0.022395833333333334 0.024074074074074074
0 0.008333333333333333 0.11666666666666667 0.016666666666666666 0.016666666666666666
0 0.10286458333333333 0.03148148148148148 0.011979166666666667 0.012962962962962963
0 0.09427083333333333 0.025 0.025 0.01574074074074074
0 0.10755208333333334 0.04814814814814815 0.0171875 0.013888888888888888
0 0.28463541666666664 0.05324074074074074 0.026041666666666668 0.03611111111111111
0 0.2640625 0.07824074074074074 0.021354166666666667 0.016666666666666666
0 0.2869791666666667 0.08101851851851852 0.015625 0.025
0 0.2947916666666667 0.09675925925925925 0.033854166666666664 0.03425925925925926
0 0.2947916666666667 0.11990740740740741 0.021875 0.030555555555555555
0 0.3106770833333333 0.1162037037037037 0.021875 0.04259259259259259
0 0.315625 0.14814814814814814 0.017708333333333333 0.05092592592592592
0 0.28932291666666665 0.15694444444444444 0.020833333333333332 0.032407407407407406
0 0.25234375 0.1962962962962963 0.022395833333333334 0.026851851851851852
0 0.3020833333333333 0.22824074074074074 0.025 0.022222222222222223
0 0.3216145833333333 0.24074074074074073 0.0328125 0.02962962962962963
0 0.28411458333333334 0.274537037037037 0.033854166666666664 0.03425925925925926
0 0.31223958333333335 0.27314814814814814 0.0203125 0.03611111111111111
0 0.21354166666666666 0.2601851851851852 0.03333333333333333 0.026851851851851852
0 0.18854166666666666 0.2625 0.023958333333333335 0.032407407407407406
0 0.134375 0.20092592592592592 0.017708333333333333 0.025
0 0.0859375 0.19074074074074074 0.0265625 0.021296296296296296
0 0.13046875 0.22314814814814815 0.01875 0.023148148148148147
0 0.14244791666666667 0.2462962962962963 0.0171875 0.027777777777777776
0 0.11848958333333333 0.22962962962962963 0.022916666666666665 0.022222222222222223
0 0.12578125 0.25601851851851853 0.024479166666666666 0.028703703703703703
0 0.10520833333333333 0.21805555555555556 0.025520833333333333 0.013888888888888888
0 0.084375 0.2175925925925926 0.0234375 0.014814814814814815
0 0.07109375 0.21296296296296297 0.023958333333333335 0.027777777777777776
0 0.04895833333333333 0.2273148148148148 0.020833333333333332 0.019444444444444445
0 0.054947916666666666 0.19907407407407407 0.022916666666666665 0.009259259259259259
0 0.012760416666666666 0.21944444444444444 0.025520833333333333 0.016666666666666666
0 0.032552083333333336 0.21296296296296297 0.014583333333333334 0.020370370370370372
0 0.03984375 0.17777777777777778 0.020833333333333332 0.021296296296296296
0 0.06796875 0.17453703703703705 0.021354166666666667 0.026851851851851852
0 0.05078125 0.15694444444444444 0.020833333333333332 0.016666666666666666
0 0.007552083333333333 0.17592592592592593 0.015104166666666667 0.021296296296296296
0 0.0203125 0.16574074074074074 0.016666666666666666 0.023148148148148147
0 0.020052083333333335 0.1375 0.009895833333333333 0.014814814814814815
0 0.05364583333333333 0.14675925925925926 0.0203125 0.011111111111111112
0 0.03046875 0.14537037037037037 0.015104166666666667 0.012962962962962963
0 0.04739583333333333 0.11990740740740741 0.014583333333333334 0.01574074074074074
0 0.03333333333333333 0.2587962962962963 0.022395833333333334 0.03425925925925926
0 0.0609375 0.24305555555555555 0.019270833333333334 0.022222222222222223
0 0.04140625 0.2625 0.030208333333333334 0.018518518518518517
0 0.048177083333333336 0.2796296296296296 0.040625 0.018518518518518517
0 0.036458333333333336 0.29212962962962963 0.040625 0.025
0 0.07135416666666666 0.2671296296296296 0.025 0.022222222222222223
0 0.09427083333333333 0.25324074074074077 0.0265625 0.018518518518518517
0 0.10052083333333334 0.24583333333333332 0.028645833333333332 0.020370370370370372
0 0.09427083333333333 0.2324074074074074 0.03229166666666667 0.016666666666666666
0 0.11223958333333334 0.275 0.025 0.026851851851851852
0 0.10989583333333333 0.29907407407407405 0.033854166666666664 0.02962962962962963
0 0.1140625 0.3365740740740741 0.043229166666666666 0.025
0 0.09869791666666666 0.35138888888888886 0.03125 0.027777777777777776
0 0.13671875 0.3486111111111111 0.030208333333333334 0.02962962962962963
0 0.15885416666666666 0.3476851851851852 0.0296875 0.03981481481481482
0 0.007291666666666667 0.33055555555555555 0.014583333333333334 0.02962962962962963
0 0.03307291666666667 0.4842592592592593 0.033854166666666664 0.03888888888888889
0 0.008072916666666667 0.5064814814814815 0.016145833333333335 0.04259259259259259
0 0.00703125 0.5907407407407408 0.0140625 0.03333333333333333
0 0.10546875 0.5412037037037037 0.030729166666666665 0.046296296296296294
0 0.05 0.5930555555555556 0.04895833333333333 0.02962962962962963
0 0.06302083333333333 0.6337962962962963 0.03333333333333333 0.06018518518518518
0 0.0890625 0.6041666666666666 0.03854166666666667 0.03981481481481482
0 0.12239583333333333 0.6 0.03697916666666667 0.05925925925925926
0 0.1421875 0.6273148148148148 0.035416666666666666 0.046296296296296294
0 0.17604166666666668 0.5476851851851852 0.035416666666666666 0.037037037037037035
0 0.17239583333333333 0.512962962962963 0.026041666666666668 0.03796296296296296
0 0.19557291666666668 0.524074074074074 0.0390625 0.03981481481481482
0 0.20859375 0.49953703703703706 0.05 0.025
0 0.25078125 0.5856481481481481 0.0609375 0.044444444444444446
0 0.20729166666666668 0.7361111111111112 0.05572916666666667 0.03981481481481482
0 0.2265625 0.812037037037037 0.036458333333333336 0.053703703703703705
0 0.19635416666666666 0.7902777777777777 0.03333333333333333 0.06296296296296296
0 0.15364583333333334 0.7967592592592593 0.03697916666666667 0.06481481481481481
0 0.171875 0.7782407407407408 0.01875 0.07592592592592592
0 0.08567708333333333 0.7416666666666667 0.041666666666666664 0.03888888888888889
0 0.06692708333333333 0.7842592592592592 0.040625 0.03518518518518519
0 0.10416666666666667 0.7824074074074074 0.028125 0.028703703703703703
0 0.1203125 0.8236111111111111 0.0484375 0.053703703703703705
0 0.12578125 0.7912037037037037 0.0296875 0.062037037037037036
0 0.10598958333333333 0.8379629629629629 0.046875 0.05740740740740741
0 0.09322916666666667 0.8787037037037037 0.06354166666666666 0.03888888888888889
0 0.06380208333333333 0.8388888888888889 0.04375 0.05185185185185185
0 0.07291666666666667 0.8060185185185185 0.041666666666666664 0.025925925925925925
0 0.23828125 0.875 0.05572916666666667 0.046296296296296294
0 0.29270833333333335 0.8546296296296296 0.058333333333333334 0.05277777777777778
0 0.14973958333333334 0.962037037037037 0.034895833333333334 0.058333333333333334
0 0.32864583333333336 0.7125 0.059375 0.044444444444444446
0 0.35390625 0.6314814814814815 0.03802083333333333 0.05648148148148148
0 0.4002604166666667 0.750462962962963 0.05520833333333333 0.05092592592592592
0 0.3619791666666667 0.28379629629629627 0.019791666666666666 0.06296296296296296
0 0.27317708333333335 0.013888888888888888 0.0203125 0.027777777777777776
0 0.34296875 0.09907407407407408 0.021875 0.014814814814814815
0 0.33541666666666664 0.06435185185185185 0.0203125 0.021296296296296296
0 0.35625 0.06296296296296296 0.018229166666666668 0.018518518518518517
0 0.3653645833333333 0.07592592592592592 0.0265625 0.017592592592592594
0 0.3828125 0.06388888888888888 0.018229166666666668 0.018518518518518517
0 0.3463541666666667 0.022222222222222223 0.016666666666666666 0.025925925925925925
0 0.38046875 0.009259259259259259 0.0234375 0.018518518518518517
0 0.40703125 0.0699074074074074 0.0203125 0.020370370370370372
0 0.41354166666666664 0.11064814814814815 0.0265625 0.025
0 0.37838541666666664 0.1300925925925926 0.028125 0.025925925925925925
0 0.38645833333333335 0.1638888888888889 0.027083333333333334 0.025925925925925925
0 0.38776041666666666 0.22685185185185186 0.016666666666666666 0.037037037037037035
0 0.41015625 0.30416666666666664 0.015625 0.03425925925925926
0 0.44036458333333334 0.37453703703703706 0.023958333333333335 0.03611111111111111
0 0.4434895833333333 0.27546296296296297 0.028645833333333332 0.03333333333333333
0 0.46432291666666664 0.15925925925925927 0.0265625 0.02962962962962963
0 0.45260416666666664 0.050462962962962966 0.0171875 0.019444444444444445
0 0.45338541666666665 0.03935185185185185 0.025 0.012962962962962963
0 0.44505208333333335 0.03009259259259259 0.021875 0.008333333333333333
0 0.45729166666666665 0.016666666666666666 0.022395833333333334 0.019444444444444445
0 0.47734375 0.018055555555555554 0.017708333333333333 0.017592592592592594
0 0.4666666666666667 0.03611111111111111 0.015104166666666667 0.018518518518518517
0 0.48203125 0.03935185185185185 0.013020833333333334 0.022222222222222223
0 0.47578125 0.05648148148148148 0.030729166666666665 0.018518518518518517
0 0.5036458333333333 0.0625 0.0203125 0.025925925925925925
0 0.521875 0.011111111111111112 0.022395833333333334 0.014814814814814815
0 0.5502604166666667 0.05462962962962963 0.021354166666666667 0.017592592592592594
0 0.5231770833333333 0.08194444444444444 0.017708333333333333 0.021296296296296296
0 0.54375 0.0787037037037037 0.022395833333333334 0.02962962962962963
0 0.5484375 0.11898148148148148 0.022395833333333334 0.027777777777777776
0 0.5200520833333333 0.14305555555555555 0.027604166666666666 0.022222222222222223
0 0.5489583333333333 0.16574074074074074 0.03125 0.028703703703703703
0 0.58984375 0.1087962962962963 0.01875 0.014814814814814815
0 0.5609375 0.033796296296296297 0.0203125 0.022222222222222223
0 0.5815104166666667 0.02546296296296296 0.030729166666666665 0.026851851851851852
0 0.60546875 0.018518518518518517 0.029166666666666667 0.017592592592592594
0 0.60859375 0.006481481481481481 0.03229166666666667 0.008333333333333333
0 0.5888020833333333 0.12731481481481483 0.0265625 0.020370370370370372
0 0.6049479166666667 0.11481481481481481 0.0203125 0.030555555555555555
0 0.6377604166666667 0.2050925925925926 0.024479166666666666 0.03333333333333333
0 0.6057291666666667 0.3199074074074074 0.0296875 0.05925925925925926
0 0.6552083333333333 0.11898148148148148 0.024479166666666666 0.024074074074074074
0 0.66484375 0.10694444444444444 0.022916666666666665 0.022222222222222223
0 0.6893229166666667 0.10555555555555556 0.025520833333333333 0.025925925925925925
0 0.7104166666666667 0.10092592592592593 0.022395833333333334 0.03333333333333333
0 0.69765625 0.13240740740740742 0.019270833333333334 0.018518518518518517
0 0.6791666666666667 0.12824074074074074 0.017708333333333333 0.021296296296296296
0 0.6786458333333333 0.15231481481481482 0.027604166666666666 0.024074074074074074
0 0.68828125 0.1935185185185185 0.025 0.026851851851851852
0 0.7052083333333333 0.19305555555555556 0.01875 0.03611111111111111
0 0.73125 0.20277777777777778 0.027604166666666666 0.02962962962962963
0 0.74765625 0.1824074074074074 0.03229166666666667 0.03148148148148148
0 0.77109375 0.1699074074074074 0.022395833333333334 0.03425925925925926
0 0.7986979166666667 0.2222222222222222 0.021354166666666667 0.04259259259259259
0 0.8388020833333333 0.21805555555555556 0.022395833333333334 0.04351851851851852
0 0.8385416666666666 0.2916666666666667 0.024479166666666666 0.041666666666666664
0 0.8122395833333333 0.3013888888888889 0.028645833333333332 0.027777777777777776
0 0.8278645833333333 0.324537037037037 0.0265625 0.03981481481481482
0 0.85078125 0.3236111111111111 0.022395833333333334 0.04351851851851852
0 0.7729166666666667 0.3055555555555556 0.03854166666666667 0.04537037037037037
0 0.78046875 0.3675925925925926 0.033854166666666664 0.04259259259259259
0 0.8098958333333334 0.3638888888888889 0.0265625 0.03796296296296296
0 0.840625 0.37453703703703706 0.029166666666666667 0.03611111111111111
0 0.8692708333333333 0.36574074074074076 0.03697916666666667 0.03148148148148148
0 0.8231770833333333 0.3425925925925926 0.030729166666666665 0.03148148148148148
0 0.88515625 0.3921296296296296 0.034375 0.03888888888888889
0 0.7065104166666667 0.3449074074074074 0.040625 0.04814814814814815
0 0.69921875 0.4185185185185185 0.040625 0.02962962962962963
0 0.6963541666666667 0.44907407407407407 0.044270833333333336 0.03148148148148148
0 0.6591145833333333 0.6527777777777778 0.0375 0.05740740740740741
0 0.6880208333333333 0.6560185185185186 0.0328125 0.05925925925925926
0 0.8046875 0.6504629629629629 0.0453125 0.03888888888888889
0 0.8216145833333334 0.6689814814814815 0.030729166666666665 0.05277777777777778
0 0.8575520833333333 0.6731481481481482 0.03854166666666667 0.03981481481481482
0 0.828125 0.7027777777777777 0.0359375 0.05555555555555555
0 0.69765625 0.8430555555555556 0.033854166666666664 0.07777777777777778
0 0.6622395833333333 0.8351851851851851 0.0359375 0.06759259259259259
0 0.9338541666666667 0.4532407407407407 0.021354166666666667 0.05
0 0.9221354166666667 0.49953703703703706 0.03125 0.028703703703703703
0 0.9385416666666667 0.5259259259259259 0.034375 0.04537037037037037
0 0.965625 0.5106481481481482 0.021875 0.041666666666666664
0 0.9416666666666667 0.4930555555555556 0.022916666666666665 0.037037037037037035
0 0.9919270833333333 0.48703703703703705 0.016145833333333335 0.040740740740740744
0 0.8877604166666667 0.2152777777777778 0.025 0.027777777777777776
0 0.9109375 0.22361111111111112 0.019270833333333334 0.027777777777777776
0 0.8763020833333334 0.18611111111111112 0.016145833333333335 0.027777777777777776
0 0.8768229166666667 0.27685185185185185 0.029166666666666667 0.024074074074074074
0 0.9005208333333333 0.2847222222222222 0.029166666666666667 0.018518518518518517
0 0.8916666666666667 0.3055555555555556 0.024479166666666666 0.026851851851851852
0 0.7979166666666667 0.12129629629629629 0.019270833333333334 0.021296296296296296
0 0.7927083333333333 0.1050925925925926 0.017708333333333333 0.017592592592592594
0 0.8377604166666667 0.08796296296296297 0.016666666666666666 0.022222222222222223
0 0.8658854166666666 0.11851851851851852 0.0171875 0.025
0 0.9020833333333333 0.14212962962962963 0.021875 0.024074074074074074
0 0.9408854166666667 0.16018518518518518 0.027083333333333334 0.023148148148148147
0 0.93203125 0.18194444444444444 0.022395833333333334 0.017592592592592594
0 0.94765625 0.19490740740740742 0.028125 0.026851851851851852
0 0.846875 0.06481481481481481 0.021875 0.021296296296296296
0 0.8625 0.062037037037037036 0.0234375 0.023148148148148147
0 0.8729166666666667 0.04861111111111111 0.016666666666666666 0.014814814814814815
0 0.86328125 0.04027777777777778 0.019270833333333334 0.012962962962962963
0 0.85234375 0.04537037037037037 0.01875 0.018518518518518517
0 0.79609375 0.01898148148148148 0.021875 0.013888888888888888
0 0.8184895833333333 0.016203703703703703 0.019270833333333334 0.01574074074074074
0 0.828125 0.05 0.025520833333333333 0.017592592592592594
0 0.8263020833333333 0.03657407407407407 0.022916666666666665 0.011111111111111112
0 0.88671875 0.025 0.017708333333333333 0.020370370370370372
0 0.90703125 0.03518518518518519 0.016145833333333335 0.013888888888888888
0 0.9130208333333333 0.03009259259259259 0.0171875 0.021296296296296296
0 0.94140625 0.029166666666666667 0.015625 0.022222222222222223
0 0.94921875 0.029166666666666667 0.016145833333333335 0.025
0 0.9575520833333333 0.03287037037037037 0.009895833333333333 0.032407407407407406
0 0.9325520833333333 0.052314814814814814 0.016666666666666666 0.011111111111111112
0 0.9182291666666667 0.06342592592592593 0.01875 0.014814814814814815
0 0.93203125 0.07175925925925926 0.019791666666666666 0.011111111111111112
0 0.903125 0.05740740740740741 0.018229166666666668 0.013888888888888888
0 0.9375 0.0837962962962963 0.021875 0.016666666666666666
0 0.9109375 0.08842592592592592 0.015625 0.013888888888888888
0 0.9427083333333334 0.10138888888888889 0.016666666666666666 0.012037037037037037
0 0.9645833333333333 0.11851851851851852 0.018229166666666668 0.01574074074074074
0 0.9841145833333333 0.11712962962962963 0.021354166666666667 0.01574074074074074
0 0.9895833333333334 0.06435185185185185 0.020833333333333332 0.028703703703703703
0 0.9359375 0.11388888888888889 0.016666666666666666 0.013888888888888888
0 0.92109375 0.1 0.021354166666666667 0.013888888888888888
0 0.9950520833333333 0.16944444444444445 0.009895833333333333 0.018518518518518517
0 0.9963541666666667 0.19675925925925927 0.007291666666666667 0.022222222222222223
0 0.9893229166666667 0.31157407407407406 0.014583333333333334 0.025925925925925925
0 0.29375 0.35833333333333334 0.034895833333333334 0.032407407407407406
0 0.575 0.08333333333333333 0.017708333333333333 0.022222222222222223
0 0.6653645833333334 0.05694444444444444 0.015104166666666667 0.02962962962962963
0 0.6575520833333334 0.03935185185185185 0.014583333333333334 0.026851851851851852
0 0.6502604166666667 0.025925925925925925 0.027083333333333334 0.027777777777777776
0 0.7255208333333333 0.02546296296296296 0.026041666666666668 0.027777777777777776
0 0.70234375 0.055092592592592596 0.0234375 0.017592592592592594
0 0.15130208333333334 0.023148148148148147 0.013020833333333334 0.016666666666666666
0 0.13880208333333333 0.027314814814814816 0.009895833333333333 0.011111111111111112
0 0.06822916666666666 0.046296296296296294 0.014583333333333334 0.012962962962962963
0 0.05859375 0.059722222222222225 0.018229166666666668 0.013888888888888888
0 0.05286458333333333 0.07037037037037037 0.019270833333333334 0.01574074074074074
0 0.022916666666666665 0.02824074074074074 0.009375 0.023148148148148147