0 0.14791666666666667 0.013425925925925926 0.015625 0.026851851851851852
0 0.16354166666666667 0.014351851851851852 0.0140625 0.028703703703703703
0 0.13385416666666666 0.02546296296296296 0.014583333333333334 0.022222222222222223
0 0.15104166666666666 0.04537037037037037 0.03125 0.017592592592592594
0 0.12057291666666667 0.03564814814814815 0.013541666666666667 0.03611111111111111
0 0.10416666666666667 0.05925925925925926 0.015625 0.04259259259259259
0 0.08489583333333334 0.07916666666666666 0.022395833333333334 0.03796296296296296
0 0.06484375 0.10462962962962963 0.027083333333333334 0.03333333333333333
0 0.0359375 0.1398148148148148 0.0265625 0.03796296296296296
0 0.01953125 0.14583333333333334 0.011979166666666667 0.05648148148148148
0 0.1109375 0.1814814814814815 0.0296875 0.020370370370370372
0 0.0859375 0.2162037037037037 0.0328125 0.026851851851851852
0 0.06276041666666667 0.22314814814814815 0.014583333333333334 0.03796296296296296
0 0.13098958333333333 0.1625 0.0234375 0.024074074074074074
0 0.1171875 0.12453703703703704 0.028125 0.01574074074074074
0 0.12916666666666668 0.10925925925925926 0.023958333333333335 0.012037037037037037
0 0.14166666666666666 0.13148148148148148 0.025 0.016666666666666666
0 0.1578125 0.13935185185185187 0.016145833333333335 0.02962962962962963
0 0.13151041666666666 0.06851851851851852 0.022916666666666665 0.018518518518518517
0 0.2 0.011111111111111112 0.020833333333333332 0.019444444444444445
0 0.23411458333333332 0.09166666666666666 0.0265625 0.012037037037037037
0 0.20598958333333334 0.10555555555555556 0.019791666666666666 0.03148148148148148
0 0.25338541666666664 0.20694444444444443 0.03333333333333333 0.022222222222222223
0 0.15 0.23703703703703705 0.019791666666666666 0.03148148148148148
0 0.16901041666666666 0.25555555555555554 0.0234375 0.040740740740740744
0 0.12864583333333332 0.2652777777777778 0.022916666666666665 0.026851851851851852
0 0.10625 0.2523148148148148 0.030729166666666665 0.024074074074074074
0 0.09791666666666667 0.2777777777777778 0.027083333333333334 0.02962962962962963
0 0.05703125 0.32592592592592595 0.0328125 0.024074074074074074
0 0.07213541666666666 0.3333333333333333 0.0203125 0.03796296296296296
0 0.09166666666666666 0.3236111111111111 0.024479166666666666 0.028703703703703703
0 0.11380208333333333 0.34814814814814815 0.027604166666666666 0.05185185185185185
0 0.07760416666666667 0.3768518518518518 0.030208333333333334 0.016666666666666666
0 0.05703125 0.35694444444444445 0.028645833333333332 0.026851851851851852
0 0.04375 0.3800925925925926 0.0234375 0.03796296296296296
0 0.06588541666666667 0.3925925925925926 0.0203125 0.040740740740740744
0 0.19453125 0.3425925925925926 0.013541666666666667 0.03796296296296296
0 0.1859375 0.3458333333333333 0.018229166666666668 0.025
0 0.19140625 0.3763888888888889 0.044270833333333336 0.025925925925925925
0 0.18776041666666668 0.3958333333333333 0.03229166666666667 0.02962962962962963
0 0.14973958333333334 0.4222222222222222 0.034375 0.028703703703703703
0 0.13567708333333334 0.40925925925925927 0.027083333333333334 0.028703703703703703
0 0.013802083333333333 0.3486111111111111 0.027604166666666666 0.028703703703703703
0 0.0125 0.38101851851851853 0.025 0.03981481481481482
0 0.06692708333333333 0.4634259259259259 0.0359375 0.037037037037037035
0 0.08619791666666667 0.48333333333333334 0.034375 0.04722222222222222
0 0.10416666666666667 0.4912037037037037 0.0296875 0.03796296296296296
0 0.15052083333333333 0.4875 0.027604166666666666 0.04351851851851852
0 0.1625 0.5652777777777778 0.034895833333333334 0.06296296296296296
0 0.22239583333333332 0.5254629629629629 0.0328125 0.049074074074074076
0 0.26145833333333335 0.6129629629629629 0.0359375 0.0712962962962963
0 0.22994791666666667 0.6537037037037037 0.027083333333333334 0.05555555555555555
0 0.3424479166666667 0.4685185185185185 0.03229166666666667 0.044444444444444446
0 0.31302083333333336 0.3888888888888889 0.021354166666666667 0.04537037037037037
0 0.32526041666666666 0.3425925925925926 0.024479166666666666 0.06388888888888888
0 0.3502604166666667 0.3199074074074074 0.04114583333333333 0.030555555555555555
0 0.36875 0.34305555555555556 0.03333333333333333 0.03148148148148148
0 0.36302083333333335 0.2953703703703704 0.0359375 0.03333333333333333
0 0.39765625 0.3106481481481482 0.026041666666666668 0.03518518518518519
0 0.41744791666666664 0.2652777777777778 0.0484375 0.04351851851851852
0 0.41875 0.22083333333333333 0.03229166666666667 0.022222222222222223
0 0.39739583333333334 0.20694444444444443 0.021354166666666667 0.02962962962962963
0 0.4236979166666667 0.18888888888888888 0.025 0.032407407407407406
0 0.43020833333333336 0.16527777777777777 0.021875 0.027777777777777776
0 0.37109375 0.2212962962962963 0.0203125 0.025925925925925925
0 0.38333333333333336 0.4305555555555556 0.034895833333333334 0.04351851851851852
0 0.4005208333333333 0.4064814814814815 0.03802083333333333 0.028703703703703703
0 0.4515625 0.4 0.033854166666666664 0.019444444444444445
0 0.4588541666666667 0.4217592592592593 0.0375 0.03611111111111111
0 0.4283854166666667 0.4935185185185185 0.043229166666666666 0.03796296296296296
0 0.51484375 0.44907407407407407 0.03177083333333333 0.04537037037037037
0 0.49947916666666664 0.5388888888888889 0.027083333333333334 0.04722222222222222
0 0.5111979166666667 0.6805555555555556 0.0421875 0.04537037037037037
0 0.38255208333333335 0.7379629629629629 0.057291666666666664 0.04259259259259259
0 0.48541666666666666 0.7157407407407408 0.04010416666666667 0.05092592592592592
0 0.5479166666666667 0.7324074074074074 0.03802083333333333 0.025925925925925925
0 0.5041666666666667 0.7689814814814815 0.0546875 0.03518518518518519
0 0.5455729166666666 0.7689814814814815 0.04895833333333333 0.05648148148148148
0 0.5208333333333334 0.8013888888888889 0.05625 0.044444444444444446
0 0.5901041666666667 0.75 0.043229166666666666 0.03888888888888889
0 0.5971354166666667 0.7814814814814814 0.044270833333333336 0.05
0 0.6434895833333333 0.7902777777777777 0.0484375 0.05185185185185185
0 0.6583333333333333 0.861574074074074 0.044270833333333336 0.06666666666666667
0 0.571875 0.9115740740740741 0.04010416666666667 0.07222222222222222
0 0.5372395833333333 0.9120370370370371 0.033854166666666664 0.05925925925925926
0 0.590625 0.5990740740740741 0.043229166666666666 0.04351851851851852
0 0.5635416666666667 0.5680555555555555 0.046875 0.03148148148148148
0 0.5841145833333333 0.537962962962963 0.0390625 0.024074074074074074
0 0.5416666666666666 0.5416666666666666 0.04114583333333333 0.03148148148148148
0 0.52890625 0.5115740740740741 0.0375 0.03981481481481482
0 0.55546875 0.5180555555555556 0.022916666666666665 0.016666666666666666
0 0.57890625 0.5064814814814815 0.027083333333333334 0.03425925925925926
0 0.61328125 0.5222222222222223 0.04114583333333333 0.03796296296296296
0 0.6239583333333333 0.487962962962963 0.04479166666666667 0.03425925925925926
0 0.615625 0.40555555555555556 0.028125 0.046296296296296294
0 0.7080729166666667 0.4236111111111111 0.0515625 0.04351851851851852
0 0.7059895833333333 0.5824074074074074 0.04895833333333333 0.041666666666666664
0 0.7578125 0.7333333333333333 0.057291666666666664 0.05092592592592592
0 0.8333333333333334 0.7981481481481482 0.03958333333333333 0.06296296296296296
0 0.9140625 0.8421296296296297 0.04114583333333333 0.06944444444444445
0 0.9533854166666667 0.9351851851851852 0.042708333333333334 0.05092592592592592
0 0.8783854166666667 0.5689814814814815 0.040625 0.075
0 0.8364583333333333 0.4462962962962963 0.030208333333333334 0.06574074074074074
0 0.8653645833333333 0.4777777777777778 0.041666666666666664 0.03425925925925926
0 0.8916666666666667 0.500462962962963 0.016666666666666666 0.07222222222222222
0 0.9276041666666667 0.49074074074074076 0.028125 0.04537037037037037
0 0.9541666666666667 0.5875 0.025 0.06666666666666667
0 0.93359375 0.5652777777777778 0.019791666666666666 0.053703703703703705
0 0.9041666666666667 0.34305555555555556 0.028645833333333332 0.026851851851851852
0 0.8403645833333333 0.3824074074074074 0.0375 0.037037037037037035
0 0.8372395833333334 0.35324074074074074 0.04010416666666667 0.028703703703703703
0 0.75859375 0.28379629629629627 0.0375 0.024074074074074074
0 0.6380208333333334 0.3111111111111111 0.029166666666666667 0.030555555555555555
0 0.6096354166666667 0.30787037037037035 0.026041666666666668 0.027777777777777776
0 0.6026041666666667 0.32916666666666666 0.03333333333333333 0.027777777777777776
0 0.5682291666666667 0.30185185185185187 0.021354166666666667 0.02962962962962963
0 0.5877604166666667 0.3013888888888889 0.018229166666666668 0.030555555555555555
0 0.6380208333333334 0.2712962962962963 0.0203125 0.032407407407407406
0 0.6609375 0.27314814814814814 0.025 0.03425925925925926
0 0.71953125 0.21898148148148147 0.03333333333333333 0.041666666666666664
0 0.7286458333333333 0.19537037037037036 0.021875 0.017592592592592594
0 0.7747395833333334 0.25046296296296294 0.027083333333333334 0.03148148148148148
0 0.47708333333333336 0.18796296296296297 0.028125 0.016666666666666666
0 0.4940104166666667 0.19907407407407407 0.0234375 0.016666666666666666
0 0.51328125 0.22685185185185186 0.021354166666666667 0.03148148148148148
0 0.54609375 0.21851851851851853 0.019270833333333334 0.028703703703703703
0 0.5166666666666667 0.19212962962962962 0.021354166666666667 0.026851851851851852
0 0.5755208333333334 0.2162037037037037 0.015104166666666667 0.03148148148148148
0 0.5916666666666667 0.20972222222222223 0.015625 0.040740740740740744
0 0.6184895833333334 0.21064814814814814 0.027604166666666666 0.02962962962962963
0 0.6098958333333333 0.16157407407407406 0.025 0.027777777777777776
0 0.6166666666666667 0.11435185185185186 0.0296875 0.022222222222222223
0 0.5255208333333333 0.09444444444444444 0.01875 0.025
0 0.5505208333333333 0.09490740740740741 0.0265625 0.026851851851851852
0 0.5486979166666667 0.12777777777777777 0.022916666666666665 0.022222222222222223
0 0.56953125 0.15324074074074073 0.0265625 0.032407407407407406
0 0.4973958333333333 0.1388888888888889 0.030208333333333334 0.026851851851851852
0 0.5041666666666667 0.07175925925925926 0.0234375 0.027777777777777776
0 0.4674479166666667 0.053703703703703705 0.028125 0.017592592592592594
0 0.4825520833333333 0.04212962962962963 0.01875 0.014814814814814815
0 0.45703125 0.038425925925925926 0.016666666666666666 0.03611111111111111
0 0.44114583333333335 0.05185185185185185 0.016145833333333335 0.021296296296296296
0 0.4270833333333333 0.05416666666666667 0.0234375 0.018518518518518517
0 0.6153645833333333 0.05787037037037037 0.021354166666666667 0.02962962962962963
0 0.6385416666666667 0.05925925925925926 0.018229166666666668 0.01574074074074074
0 0.6432291666666666 0.07361111111111111 0.027083333333333334 0.014814814814814815
0 0.6325520833333333 0.09444444444444444 0.015104166666666667 0.019444444444444445
0 0.68203125 0.07175925925925926 0.0234375 0.025
0 0.6671875 0.056018518518518516 0.024479166666666666 0.01574074074074074
0 0.6973958333333333 0.03287037037037037 0.018229166666666668 0.018518518518518517
0 0.72109375 0.0912037037037037 0.022916666666666665 0.020370370370370372
0 0.7372395833333333 0.11435185185185186 0.023958333333333335 0.032407407407407406
0 0.7158854166666667 0.12685185185185185 0.027083333333333334 0.032407407407407406
0 0.77109375 0.12222222222222222 0.030729166666666665 0.021296296296296296
0 0.7916666666666666 0.1587962962962963 0.03229166666666667 0.016666666666666666
0 0.7791666666666667 0.1824074074074074 0.03177083333333333 0.027777777777777776
0 0.8046875 0.19722222222222222 0.03177083333333333 0.025925925925925925
0 0.80625 0.22361111111111112 0.030208333333333334 0.027777777777777776
0 0.5940104166666667 0.10416666666666667 0.030208333333333334 0.025
0 0.8416666666666667 0.09398148148148149 0.021875 0.019444444444444445
0 0.8174479166666667 0.10648148148148148 0.025520833333333333 0.021296296296296296
0 0.8427083333333333 0.11944444444444445 0.023958333333333335 0.022222222222222223
0 0.8421875 0.13657407407407407 0.01875 0.03148148148148148
0 0.8796875 0.1699074074074074 0.030729166666666665 0.028703703703703703
0 0.8864583333333333 0.12453703703703704 0.017708333333333333 0.025925925925925925
0 0.86796875 0.05787037037037037 0.0296875 0.024074074074074074
0 0.8427083333333333 0.04583333333333333 0.022916666666666665 0.016666666666666666
0 0.8166666666666667 0.023148148148148147 0.03229166666666667 0.021296296296296296
0 0.8848958333333333 0.040740740740740744 0.019270833333333334 0.016666666666666666
0 0.9223958333333333 0.03564814814814815 0.027083333333333334 0.018518518518518517
0 0.9481770833333333 0.059722222222222225 0.025520833333333333 0.025
0 0.93671875 0.06481481481481481 0.021354166666666667 0.014814814814814815
0 0.93671875 0.0912037037037037 0.022916666666666665 0.016666666666666666
0 0.9177083333333333 0.10648148148148148 0.016145833333333335 0.024074074074074074
0 0.9291666666666667 0.10416666666666667 0.017708333333333333 0.016666666666666666
0 0.93359375 0.12685185185185185 0.017708333333333333 0.025
0 0.9510416666666667 0.1648148148148148 0.016666666666666666 0.016666666666666666
0 0.9372395833333333 0.24722222222222223 0.019791666666666666 0.028703703703703703
0 0.91796875 0.23333333333333334 0.022916666666666665 0.022222222222222223
0 0.9614583333333333 0.24259259259259258 0.030729166666666665 0.022222222222222223
0 0.98125 0.24074074074074073 0.021875 0.026851851851851852
0 0.9932291666666667 0.10787037037037037 0.013541666666666667 0.019444444444444445
0 0.96953125 0.009259259259259259 0.015625 0.018518518518518517
0 0.29453125 0.13935185185185187 0.03177083333333333 0.025
0 0.33177083333333335 0.07037037037037037 0.014583333333333334 0.016666666666666666
0 0.3171875 0.0787037037037037 0.022916666666666665 0.032407407407407406
0 0.29635416666666664 0.09861111111111111 0.03125 0.027777777777777776
0 0.26640625 0.06666666666666667 0.022395833333333334 0.018518518518518517
0 0.21848958333333332 0.04027777777777778 0.016666666666666666 0.03333333333333333
0 0.38515625 0.02361111111111111 0.021875 0.023148148148148147
0 0.31666666666666665 0.009259259259259259 0.019270833333333334 0.018518518518518517
0 0.30026041666666664 0.03657407407407407 0.029166666666666667 0.020370370370370372
0 0.30364583333333334 0.05 0.021875 0.018518518518518517
0 0.321875 0.03333333333333333 0.019791666666666666 0.021296296296296296
0 0.9559895833333333 0.012037037037037037 0.016145833333333335 0.021296296296296296
0 0.91953125 0.009722222222222222 0.022395833333333334 0.019444444444444445
0 0.8828125 0.008796296296296297 0.019270833333333334 0.017592592592592594
0 0.18229166666666666 0.09953703703703703 0.0296875 0.024074074074074074
0 0.16796875 0.09259259259259259 0.022395833333333334 0.026851851851851852
0 0.1578125 0.08796296296296297 0.015104166666666667 0.032407407407407406
0 0.14713541666666666 0.0912037037037037 0.0109375 0.02962962962962963
0 0.13802083333333334 0.09074074074074075 0.009895833333333333 0.026851851851851852
0 0.19895833333333332 0.053703703703703705 0.01875 0.02962962962962963
0 0.25546875 0.1037037037037037 0.022395833333333334 0.03796296296296296
0 0.33125 0.12638888888888888 0.03229166666666667 0.024074074074074074
0 0.5239583333333333 0.1259259259259259 0.03125 0.022222222222222223
0 0.54296875 0.0712962962962963 0.017708333333333333 0.021296296296296296
0 0.5739583333333333 0.02824074074074074 0.0171875 0.024074074074074074
0 0.5927083333333333 0.03287037037037037 0.024479166666666666 0.014814814814814815
0 0.6174479166666667 0.017592592592592594 0.019270833333333334 0.021296296296296296
0 0.5783854166666667 0.07916666666666666 0.01875 0.021296296296296296
0 0.6419270833333334 0.020833333333333332 0.0171875 0.024074074074074074
0 0.6838541666666667 0.009259259259259259 0.025 0.018518518518518517
0 0.48098958333333336 0.02546296296296296 0.027604166666666666 0.013888888888888888