0 0.14010416666666667 0.9657407407407408 0.033854166666666664 0.06666666666666667
0 0.17578125 0.9583333333333334 0.04010416666666667 0.07592592592592592
0 0.09348958333333333 0.8782407407407408 0.06197916666666667 0.041666666666666664
0 0.07161458333333333 0.8388888888888889 0.06041666666666667 0.04814814814814815
0 0.11875 0.850462962962963 0.0359375 0.05
0 0.06536458333333334 0.7888888888888889 0.0390625 0.049074074074074076
0 0.08489583333333334 0.7449074074074075 0.041666666666666664 0.03796296296296296
0 0.103125 0.7972222222222223 0.0296875 0.05185185185185185
0 0.12526041666666668 0.7875 0.030729166666666665 0.053703703703703705
0 0.15911458333333334 0.7782407407407408 0.043229166666666666 0.044444444444444446
0 0.16145833333333334 0.8268518518518518 0.04010416666666667 0.04814814814814815
0 0.19270833333333334 0.7930555555555555 0.036458333333333336 0.05740740740740741
0 0.20130208333333333 0.7347222222222223 0.051041666666666666 0.040740740740740744
0 0.2296875 0.8152777777777778 0.0453125 0.06759259259259259
0 0.2390625 0.8731481481481481 0.05520833333333333 0.05277777777777778
0 0.29296875 0.8560185185185185 0.06041666666666667 0.049074074074074076
0 0.32786458333333335 0.7138888888888889 0.05625 0.049074074074074076
0 0.403125 0.75 0.053125 0.04814814814814815
0 0.35390625 0.6310185185185185 0.042708333333333334 0.053703703703703705
0 0.2559895833333333 0.5851851851851851 0.0515625 0.040740740740740744
0 0.14427083333333332 0.6305555555555555 0.03802083333333333 0.04351851851851852
0 0.12291666666666666 0.5930555555555556 0.04739583333333333 0.03518518518518519
0 0.17864583333333334 0.55 0.04479166666666667 0.03425925925925926
0 0.19869791666666667 0.5171296296296296 0.04114583333333333 0.020370370370370372
0 0.16796875 0.5212962962962963 0.028125 0.03518518518518519
0 0.20026041666666666 0.5009259259259259 0.04479166666666667 0.021296296296296296
0 0.15130208333333334 0.4476851851851852 0.035416666666666666 0.037037037037037035
0 0.10416666666666667 0.5430555555555555 0.029166666666666667 0.046296296296296294
0 0.04739583333333333 0.5037037037037037 0.030729166666666665 0.046296296296296294
0 0.03411458333333333 0.4791666666666667 0.025520833333333333 0.04537037037037037
0 0.007552083333333333 0.5101851851851852 0.015104166666666667 0.03796296296296296
0 0.1578125 0.3453703703703704 0.0265625 0.03425925925925926
0 0.13567708333333334 0.3458333333333333 0.024479166666666666 0.03611111111111111
0 0.09869791666666666 0.350462962962963 0.027083333333333334 0.03518518518518519
0 0.11901041666666666 0.33055555555555555 0.034895833333333334 0.018518518518518517
0 0.09348958333333333 0.2953703703703704 0.0234375 0.02962962962962963
0 0.11302083333333333 0.27870370370370373 0.023958333333333335 0.026851851851851852
0 0.12447916666666667 0.2550925925925926 0.027604166666666666 0.025925925925925925
0 0.14973958333333334 0.2439814814814815 0.030729166666666665 0.021296296296296296
0 0.13098958333333333 0.22870370370370371 0.017708333333333333 0.02962962962962963
0 0.18958333333333333 0.25324074074074077 0.016666666666666666 0.01574074074074074
0 0.2125 0.26064814814814813 0.029166666666666667 0.016666666666666666
0 0.19427083333333334 0.27361111111111114 0.016145833333333335 0.02962962962962963
0 0.0953125 0.25555555555555554 0.030729166666666665 0.019444444444444445
0 0.0375 0.29398148148148145 0.030729166666666665 0.021296296296296296
0 0.054427083333333334 0.2814814814814815 0.0265625 0.01574074074074074
0 0.03671875 0.25046296296296294 0.027604166666666666 0.011111111111111112
0 0.03984375 0.2675925925925926 0.03177083333333333 0.020370370370370372
0 0.006510416666666667 0.3296296296296296 0.013020833333333334 0.025925925925925925
0 0.047135416666666666 0.21805555555555556 0.03125 0.020370370370370372
0 0.06432291666666666 0.22037037037037038 0.022916666666666665 0.018518518518518517
0 0.019010416666666665 0.2212962962962963 0.027604166666666666 0.018518518518518517
0 0.04479166666666667 0.20416666666666666 0.0265625 0.014814814814814815
0 0.0875 0.19398148148148148 0.025520833333333333 0.018518518518518517
0 0.09583333333333334 0.21666666666666667 0.029166666666666667 0.017592592592592594
0 0.13411458333333334 0.20092592592592592 0.0203125 0.024074074074074074
0 0.08880208333333334 0.16435185185185186 0.020833333333333332 0.020370370370370372
0 0.11302083333333333 0.14814814814814814 0.022916666666666665 0.01574074074074074
0 0.06927083333333334 0.15648148148148147 0.021354166666666667 0.018518518518518517
0 0.0546875 0.1398148148148148 0.0265625 0.017592592592592594
0 0.07604166666666666 0.13518518518518519 0.015625 0.017592592592592594
0 0.09244791666666667 0.1388888888888889 0.015625 0.020370370370370372
0 0.10885416666666667 0.13657407407407407 0.021354166666666667 0.012962962962962963
0 0.12734375 0.12916666666666668 0.022395833333333334 0.018518518518518517
0 0.11223958333333334 0.11990740740740741 0.019270833333333334 0.012037037037037037
0 0.12760416666666666 0.11018518518518519 0.019791666666666666 0.014814814814814815
0 0.10078125 0.1111111111111111 0.0171875 0.020370370370370372
0 0.08541666666666667 0.09907407407407408 0.025 0.017592592592592594
0 0.07161458333333333 0.11944444444444445 0.022395833333333334 0.017592592592592594
0 0.04244791666666667 0.12407407407407407 0.016145833333333335 0.017592592592592594
0 0.02421875 0.1398148148148148 0.027604166666666666 0.013888888888888888
0 0.04088541666666667 0.15694444444444444 0.009375 0.025
0 0.006510416666666667 0.11527777777777778 0.013020833333333334 0.018518518518518517
0 0.035416666666666666 0.08148148148148149 0.015625 0.022222222222222223
0 0.0765625 0.08472222222222223 0.015625 0.014814814814814815
0 0.09895833333333333 0.050462962962962966 0.0140625 0.016666666666666666
0 0.13307291666666668 0.05555555555555555 0.019270833333333334 0.01574074074074074
0 0.13020833333333334 0.08101851851851852 0.0203125 0.01574074074074074
0 0.1453125 0.0787037037037037 0.013541666666666667 0.017592592592592594
0 0.146875 0.09444444444444444 0.030208333333333334 0.016666666666666666
0 0.22760416666666666 0.12777777777777777 0.025520833333333333 0.023148148148148147
0 0.1765625 0.10092592592592593 0.016145833333333335 0.020370370370370372
0 0.2 0.09027777777777778 0.0265625 0.019444444444444445
0 0.23098958333333333 0.09212962962962963 0.030729166666666665 0.014814814814814815
0 0.25416666666666665 0.11064814814814815 0.027083333333333334 0.016666666666666666
0 0.2638020833333333 0.12685185185185185 0.027604166666666666 0.020370370370370372
0 0.2513020833333333 0.1962962962962963 0.025520833333333333 0.025925925925925925
0 0.2890625 0.16157407407407406 0.022916666666666665 0.025
0 0.2838541666666667 0.2759259259259259 0.0328125 0.027777777777777776
0 0.28958333333333336 0.24027777777777778 0.03333333333333333 0.025
0 0.2989583333333333 0.22685185185185186 0.03229166666666667 0.014814814814814815
0 0.3265625 0.22916666666666666 0.021875 0.03148148148148148
0 0.34765625 0.24768518518518517 0.015625 0.04537037037037037
0 0.32421875 0.1712962962962963 0.030208333333333334 0.04722222222222222
0 0.30026041666666664 0.1287037037037037 0.025 0.026851851851851852
0 0.3020833333333333 0.0837962962962963 0.024479166666666666 0.044444444444444446
0 0.2921875 0.07453703703703704 0.025520833333333333 0.03148148148148148
0 0.2890625 0.05925925925925926 0.025520833333333333 0.025
0 0.28203125 0.04490740740740741 0.023958333333333335 0.025925925925925925
0 0.2755208333333333 0.025925925925925925 0.0234375 0.028703703703703703
0 0.29296875 0.3611111111111111 0.03802083333333333 0.03148148148148148
0 0.09479166666666666 0.6018518518518519 0.034375 0.04351851851851852
0 0.06354166666666666 0.625462962962963 0.028645833333333332 0.041666666666666664
0 0.0625 0.5930555555555556 0.03697916666666667 0.025
0 0.008072916666666667 0.5935185185185186 0.016145833333333335 0.03148148148148148
0 0.16666666666666666 0.15046296296296297 0.03229166666666667 0.027777777777777776
0 0.15572916666666667 0.13055555555555556 0.027083333333333334 0.019444444444444445
0 0.1515625 0.1125 0.027083333333333334 0.016666666666666666
0 0.4234375 0.33240740740740743 0.022916666666666665 0.04259259259259259
0 0.39088541666666665 0.25555555555555554 0.016145833333333335 0.05
0 0.3880208333333333 0.21712962962962962 0.0265625 0.04351851851851852
0 0.4440104166666667 0.2791666666666667 0.025520833333333333 0.030555555555555555
0 0.3533854166666667 0.1476851851851852 0.028645833333333332 0.05092592592592592
0 0.3875 0.12546296296296297 0.022916666666666665 0.03425925925925926
0 0.3375 0.06388888888888888 0.015104166666666667 0.018518518518518517
0 0.3575520833333333 0.053703703703703705 0.016666666666666666 0.020370370370370372
0 0.3614583333333333 0.07592592592592592 0.01875 0.026851851851851852
0 0.40572916666666664 0.07175925925925926 0.019270833333333334 0.024074074074074074
0 0.46041666666666664 0.16296296296296298 0.030208333333333334 0.021296296296296296
0 0.446875 0.03425925925925926 0.019791666666666666 0.011111111111111112
0 0.45755208333333336 0.01574074074074074 0.019270833333333334 0.017592592592592594
0 0.47421875 0.018055555555555554 0.016666666666666666 0.016666666666666666
0 0.4578125 0.05416666666666667 0.021354166666666667 0.017592592592592594
0 0.4765625 0.05416666666666667 0.016145833333333335 0.021296296296296296
0 0.5052083333333334 0.06435185185185185 0.019270833333333334 0.019444444444444445
0 0.5270833333333333 0.0875 0.027604166666666666 0.014814814814814815
0 0.5205729166666667 0.14537037037037037 0.022916666666666665 0.024074074074074074
0 0.5484375 0.11898148148148148 0.020833333333333332 0.021296296296296296
0 0.5486979166666667 0.05462962962962963 0.0265625 0.021296296296296296
0 0.52421875 0.013888888888888888 0.019791666666666666 0.017592592592592594
0 0.5455729166666666 0.043055555555555555 0.01875 0.012962962962962963
0 0.5450520833333333 0.022222222222222223 0.016666666666666666 0.018518518518518517
0 0.5760416666666667 0.024074074074074074 0.017708333333333333 0.01574074074074074
0 0.5848958333333333 0.029166666666666667 0.017708333333333333 0.01574074074074074
0 0.5916666666666667 0.03796296296296296 0.019791666666666666 0.012037037037037037
0 0.5979166666666667 0.05324074074074074 0.016666666666666666 0.020370370370370372
0 0.5979166666666667 0.11435185185185186 0.03125 0.032407407407407406
0 0.5890625 0.12314814814814815 0.0203125 0.03888888888888889
0 0.60625 0.011111111111111112 0.024479166666666666 0.013888888888888888
0 0.6552083333333333 0.10555555555555556 0.019791666666666666 0.022222222222222223
0 0.6619791666666667 0.1287037037037037 0.024479166666666666 0.023148148148148147
0 0.6833333333333333 0.11898148148148148 0.027083333333333334 0.021296296296296296
0 0.6934895833333333 0.13842592592592592 0.024479166666666666 0.021296296296296296
0 0.7255208333333333 0.13240740740740742 0.034375 0.025925925925925925
0 0.6981770833333333 0.06527777777777778 0.021875 0.03333333333333333
0 0.7239583333333334 0.0787037037037037 0.009895833333333333 0.024074074074074074
0 0.6380208333333334 0.20787037037037037 0.024479166666666666 0.027777777777777776
0 0.6963541666666667 0.19675925925925927 0.0328125 0.025925925925925925
0 0.7473958333333334 0.1837962962962963 0.03125 0.020370370370370372
0 0.7731770833333333 0.1675925925925926 0.020833333333333332 0.017592592592592594
0 0.7622395833333333 0.20462962962962963 0.025520833333333333 0.020370370370370372
0 0.790625 0.2222222222222222 0.022916666666666665 0.01574074074074074
0 0.8375 0.21851851851851853 0.014583333333333334 0.040740740740740744
0 0.8536458333333333 0.21481481481481482 0.0171875 0.03981481481481482
0 0.84453125 0.2537037037037037 0.027083333333333334 0.04351851851851852
0 0.8703125 0.21851851851851853 0.015104166666666667 0.04351851851851852
0 0.8885416666666667 0.2175925925925926 0.017708333333333333 0.03148148148148148
0 0.9072916666666667 0.22083333333333333 0.015104166666666667 0.032407407407407406
0 0.76875 0.2953703703703704 0.034895833333333334 0.016666666666666666
0 0.7765625 0.3226851851851852 0.0375 0.03888888888888889
0 0.7799479166666666 0.36898148148148147 0.027604166666666666 0.03796296296296296
0 0.828125 0.33055555555555555 0.0296875 0.03518518518518519
0 0.84296875 0.30925925925925923 0.015625 0.03796296296296296
0 0.853125 0.3416666666666667 0.019791666666666666 0.030555555555555555
0 0.8671875 0.36712962962962964 0.0328125 0.02962962962962963
0 0.8356770833333333 0.37592592592592594 0.023958333333333335 0.032407407407407406
0 0.82265625 0.36342592592592593 0.0203125 0.03611111111111111
0 0.8916666666666667 0.30925925925925923 0.027083333333333334 0.019444444444444445
0 0.8890625 0.2796296296296296 0.03125 0.016666666666666666
0 0.9041666666666667 0.2861111111111111 0.030208333333333334 0.01574074074074074
0 0.6091145833333333 0.37546296296296294 0.0296875 0.03981481481481482
0 0.6950520833333333 0.45 0.0390625 0.028703703703703703
0 0.8046875 0.5175925925925926 0.030208333333333334 0.04351851851851852
0 0.6856770833333333 0.6597222222222222 0.029166666666666667 0.06018518518518518
0 0.6575520833333334 0.6569444444444444 0.027604166666666666 0.06666666666666667
0 0.8169270833333333 0.649537037037037 0.03802083333333333 0.025
0 0.8078125 0.6842592592592592 0.0359375 0.044444444444444446
0 0.828125 0.7069444444444445 0.03125 0.046296296296296294
0 0.8559895833333333 0.6763888888888889 0.04114583333333333 0.03888888888888889
0 0.6640625 0.8407407407407408 0.0390625 0.062037037037037036
0 0.6989583333333333 0.8444444444444444 0.035416666666666666 0.07037037037037037
0 0.90078125 0.4976851851851852 0.022395833333333334 0.040740740740740744
0 0.91640625 0.5268518518518519 0.03177083333333333 0.04351851851851852
0 0.9338541666666667 0.5185185185185185 0.028125 0.041666666666666664
0 0.95234375 0.5157407407407407 0.019270833333333334 0.04259259259259259
0 0.9890625 0.31203703703703706 0.01875 0.025
0 0.9494791666666667 0.02962962962962963 0.019791666666666666 0.025
0 0.9903645833333333 0.06620370370370371 0.016666666666666666 0.03425925925925926
0 0.95 0.11342592592592593 0.017708333333333333 0.012037037037037037
0 0.9424479166666667 0.09166666666666666 0.017708333333333333 0.014814814814814815
0 0.9255208333333333 0.11898148148148148 0.018229166666666668 0.03333333333333333
0 0.9088541666666666 0.11851851851851852 0.016145833333333335 0.016666666666666666
0 0.9432291666666667 0.15925925925925927 0.024479166666666666 0.023148148148148147
0 0.9690104166666667 0.12453703703703704 0.0171875 0.017592592592592594
0 0.8880208333333334 0.027777777777777776 0.016145833333333335 0.024074074074074074
0 0.9049479166666666 0.03935185185185185 0.019791666666666666 0.012037037037037037
0 0.9221354166666667 0.031018518518518518 0.0171875 0.014814814814814815
0 0.9255208333333333 0.01574074074074074 0.0234375 0.013888888888888888
0 0.8502604166666666 0.006944444444444444 0.019270833333333334 0.013888888888888888
0 0.8338541666666667 0.012962962962962963 0.0171875 0.017592592592592594
0 0.8546875 0.027314814814814816 0.020833333333333332 0.012037037037037037
0 0.87421875 0.05092592592592592 0.017708333333333333 0.020370370370370372
0 0.7223958333333333 0.02638888888888889 0.022395833333333334 0.024074074074074074
0 0.946875 0.19675925925925927 0.0265625 0.025
0 0.9328125 0.1824074074074074 0.0203125 0.019444444444444445
0 0.7921875 0.015277777777777777 0.015625 0.023148148148148147
0 0.77734375 0.008796296296296297 0.019791666666666666 0.017592592592592594
0 0.8049479166666667 0.05138888888888889 0.019270833333333334 0.019444444444444445
0 0.84609375 0.04953703703703704 0.022395833333333334 0.017592592592592594
0 0.8921875 0.10694444444444444 0.017708333333333333 0.019444444444444445
0 0.9033854166666667 0.05648148148148148 0.017708333333333333 0.013888888888888888
0 0.91875 0.06574074074074074 0.020833333333333332 0.018518518518518517
0 0.43776041666666665 0.38055555555555554 0.021875 0.03796296296296296
0 0.20338541666666668 0.04351851851851852 0.0203125 0.023148148148148147
0 0.16328125 0.04351851851851852 0.01875 0.012962962962962963
0 0.17994791666666668 0.030555555555555555 0.011979166666666667 0.012962962962962963
0 0.2078125 0.014351851851851852 0.0203125 0.017592592592592594
0 0.19348958333333333 0.022685185185185187 0.021354166666666667 0.014814814814814815
0 0.17578125 0.018055555555555554 0.0234375 0.01574074074074074
0 0.13697916666666668 0.016203703703703703 0.026041666666666668 0.023148148148148147
0 0.5473958333333333 0.16944444444444445 0.03229166666666667 0.019444444444444445