0 0.1453125 0.015277777777777777 0.022916666666666665 0.027777777777777776
0 0.13385416666666666 0.020370370370370372 0.011979166666666667 0.026851851851851852
0 0.12369791666666667 0.033796296296296297 0.01875 0.02962962962962963
0 0.14817708333333332 0.046296296296296294 0.026041666666666668 0.017592592592592594
0 0.1265625 0.06759259259259259 0.0234375 0.022222222222222223
0 0.07838541666666667 0.08148148148148149 0.029166666666666667 0.03611111111111111
0 0.06484375 0.09490740740740741 0.0234375 0.028703703703703703
0 0.055989583333333336 0.1050925925925926 0.021875 0.02962962962962963
0 0.03854166666666667 0.11574074074074074 0.0234375 0.04537037037037037
0 0.018489583333333334 0.16018518518518518 0.030208333333333334 0.030555555555555555
0 0.002864583333333333 0.1712962962962963 0.005729166666666666 0.03518518518518519
0 0.06927083333333334 0.22453703703703703 0.019791666666666666 0.028703703703703703
0 0.05130208333333333 0.22824074074074074 0.016666666666666666 0.028703703703703703
0 0.090625 0.1787037037037037 0.024479166666666666 0.025925925925925925
0 0.11302083333333333 0.1865740740740741 0.018229166666666668 0.03425925925925926
0 0.121875 0.1726851851851852 0.021875 0.027777777777777776
0 0.146875 0.19027777777777777 0.025520833333333333 0.026851851851851852
0 0.15338541666666666 0.14166666666666666 0.028125 0.023148148148148147
0 0.11380208333333333 0.12037037037037036 0.028645833333333332 0.016666666666666666
0 0.15546875 0.09259259259259259 0.019791666666666666 0.024074074074074074
0 0.13984375 0.0912037037037037 0.018229166666666668 0.022222222222222223
0 0.21328125 0.04212962962962963 0.014583333333333334 0.025
0 0.19453125 0.05324074074074074 0.022395833333333334 0.017592592592592594
0 0.18359375 0.04953703703703704 0.018229166666666668 0.016666666666666666
0 0.20390625 0.10416666666666667 0.020833333333333332 0.022222222222222223
0 0.14401041666666667 0.2300925925925926 0.015625 0.024074074074074074
0 0.14791666666666667 0.2513888888888889 0.020833333333333332 0.022222222222222223
0 0.12890625 0.26064814814814813 0.019791666666666666 0.03425925925925926
0 0.12317708333333334 0.2324074074074074 0.016666666666666666 0.030555555555555555
0 0.10859375 0.22685185185185186 0.016145833333333335 0.022222222222222223
0 0.09114583333333333 0.24722222222222223 0.025520833333333333 0.025925925925925925
0 0.10234375 0.26435185185185184 0.027604166666666666 0.022222222222222223
0 0.11067708333333333 0.2439814814814815 0.018229166666666668 0.025
0 0.007291666666666667 0.3685185185185185 0.014583333333333334 0.06388888888888888
0 0.03515625 0.3648148148148148 0.022395833333333334 0.037037037037037035
0 0.05390625 0.36064814814814816 0.021875 0.03333333333333333
0 0.07708333333333334 0.3638888888888889 0.020833333333333332 0.028703703703703703
0 0.07213541666666666 0.3875 0.021875 0.03981481481481482
0 0.10026041666666667 0.3861111111111111 0.027604166666666666 0.040740740740740744
0 0.09635416666666667 0.35185185185185186 0.0265625 0.025925925925925925
0 0.10052083333333334 0.32407407407407407 0.0234375 0.026851851851851852
0 0.12578125 0.3333333333333333 0.023958333333333335 0.016666666666666666
0 0.12291666666666666 0.3560185185185185 0.03697916666666667 0.03148148148148148
0 0.13359375 0.41388888888888886 0.025520833333333333 0.041666666666666664
0 0.07265625 0.4638888888888889 0.0421875 0.024074074074074074
0 0.07604166666666666 0.4912037037037037 0.036458333333333336 0.027777777777777776
0 0.10703125 0.4842592592592593 0.0265625 0.03981481481481482
0 0.15208333333333332 0.48657407407407405 0.0296875 0.03981481481481482
0 0.16041666666666668 0.3736111111111111 0.022916666666666665 0.032407407407407406
0 0.17005208333333333 0.38657407407407407 0.030729166666666665 0.030555555555555555
0 0.18307291666666667 0.39490740740740743 0.028125 0.027777777777777776
0 0.19296875 0.3675925925925926 0.03802083333333333 0.027777777777777776
0 0.25416666666666665 0.2050925925925926 0.033854166666666664 0.028703703703703703
0 0.24453125 0.13333333333333333 0.022395833333333334 0.03148148148148148
0 0.22109375 0.1175925925925926 0.0140625 0.024074074074074074
0 0.23619791666666667 0.10833333333333334 0.016666666666666666 0.017592592592592594
0 0.2513020833333333 0.10185185185185185 0.015625 0.019444444444444445
0 0.25885416666666666 0.11712962962962963 0.013020833333333334 0.028703703703703703
0 0.2877604166666667 0.14166666666666666 0.017708333333333333 0.024074074074074074
0 0.3046875 0.13842592592592592 0.015625 0.025925925925925925
0 0.2635416666666667 0.06712962962962964 0.022916666666666665 0.016666666666666666
0 0.28671875 0.07962962962962963 0.014583333333333334 0.023148148148148147
0 0.31536458333333334 0.08009259259259259 0.011979166666666667 0.025925925925925925
0 0.27317708333333335 0.03148148148148148 0.018229166666666668 0.018518518518518517
0 0.29010416666666666 0.030555555555555555 0.018229166666666668 0.022222222222222223
0 0.29973958333333334 0.04814814814814815 0.016666666666666666 0.023148148148148147
0 0.31979166666666664 0.0375 0.0234375 0.017592592592592594
0 0.3265625 0.07314814814814814 0.014583333333333334 0.02962962962962963
0 0.33541666666666664 0.12685185185185185 0.021354166666666667 0.024074074074074074
0 0.3184895833333333 0.12916666666666668 0.022916666666666665 0.01574074074074074
0 0.32578125 0.1527777777777778 0.0265625 0.013888888888888888
0 0.34479166666666666 0.19814814814814816 0.013020833333333334 0.03796296296296296
0 0.3815104166666667 0.20879629629629629 0.013020833333333334 0.044444444444444446
0 0.4041666666666667 0.1935185185185185 0.013541666666666667 0.021296296296296296
0 0.39817708333333335 0.2111111111111111 0.025520833333333333 0.037037037037037035
0 0.4171875 0.2162037037037037 0.022395833333333334 0.022222222222222223
0 0.41640625 0.18935185185185185 0.019270833333333334 0.03333333333333333
0 0.4278645833333333 0.1824074074074074 0.028645833333333332 0.027777777777777776
0 0.4197916666666667 0.16527777777777777 0.026041666666666668 0.016666666666666666
0 0.36796875 0.2212962962962963 0.016666666666666666 0.024074074074074074
0 0.39114583333333336 0.24259259259259258 0.023958333333333335 0.025
0 0.41848958333333336 0.2652777777777778 0.036458333333333336 0.03148148148148148
0 0.38619791666666664 0.27037037037037037 0.029166666666666667 0.03425925925925926
0 0.38515625 0.30277777777777776 0.034895833333333334 0.03425925925925926
0 0.37135416666666665 0.3138888888888889 0.028645833333333332 0.03611111111111111
0 0.3494791666666667 0.32083333333333336 0.034895833333333334 0.032407407407407406
0 0.31588541666666664 0.32685185185185184 0.027604166666666666 0.041666666666666664
0 0.3684895833333333 0.3439814814814815 0.0359375 0.02962962962962963
0 0.4239583333333333 0.3226851851851852 0.022395833333333334 0.03518518518518519
0 0.40651041666666665 0.3287037037037037 0.018229166666666668 0.04537037037037037
0 0.31223958333333335 0.38287037037037036 0.019791666666666666 0.03425925925925926
0 0.3419270833333333 0.4671296296296296 0.030729166666666665 0.044444444444444446
0 0.38385416666666666 0.42685185185185187 0.034375 0.03518518518518519
0 0.44765625 0.42407407407407405 0.034895833333333334 0.041666666666666664
0 0.42552083333333335 0.4898148148148148 0.0453125 0.037037037037037035
0 0.2713541666666667 0.513425925925926 0.04791666666666667 0.05925925925925926
0 0.271875 0.5643518518518519 0.03802083333333333 0.05648148148148148
0 0.26328125 0.6333333333333333 0.04791666666666667 0.04537037037037037
0 0.16510416666666666 0.5745370370370371 0.051041666666666666 0.05462962962962963
0 0.25833333333333336 0.7356481481481482 0.06041666666666667 0.05740740740740741
0 0.234375 0.7773148148148148 0.0421875 0.07962962962962963
0 0.38125 0.736574074074074 0.0546875 0.046296296296296294
0 0.42682291666666666 0.8680555555555556 0.046875 0.06944444444444445
0 0.4895833333333333 0.6666666666666666 0.0328125 0.044444444444444446
0 0.5002604166666667 0.7041666666666667 0.042708333333333334 0.03796296296296296
0 0.4940104166666667 0.736574074074074 0.03229166666666667 0.03425925925925926
0 0.54609375 0.725 0.0453125 0.040740740740740744
0 0.5276041666666667 0.7416666666666667 0.043229166666666666 0.04537037037037037
0 0.5098958333333333 0.7601851851851852 0.050520833333333334 0.037037037037037035
0 0.5151041666666667 0.8009259259259259 0.0453125 0.05
0 0.553125 0.7851851851851852 0.028125 0.05740740740740741
0 0.5846354166666666 0.7564814814814815 0.044270833333333336 0.05277777777777778
0 0.6364583333333333 0.7898148148148149 0.05677083333333333 0.05092592592592592
0 0.6559895833333333 0.8629629629629629 0.04583333333333333 0.058333333333333334
0 0.6192708333333333 0.8680555555555556 0.0484375 0.04722222222222222
0 0.56796875 0.888425925925926 0.046875 0.06851851851851852
0 0.75546875 0.7291666666666666 0.0546875 0.046296296296296294
0 0.7049479166666667 0.5819444444444445 0.0484375 0.037037037037037035
0 0.703125 0.5259259259259259 0.035416666666666666 0.037037037037037035
0 0.6096354166666667 0.5398148148148149 0.0328125 0.03888888888888889
0 0.5760416666666667 0.5837962962962963 0.03333333333333333 0.04259259259259259
0 0.5494791666666666 0.5694444444444444 0.026041666666666668 0.03796296296296296
0 0.5171875 0.5555555555555556 0.046875 0.03425925925925926
0 0.5518229166666667 0.524537037037037 0.022916666666666665 0.03888888888888889
0 0.5809895833333333 0.525 0.0234375 0.046296296296296294
0 0.6033854166666667 0.4986111111111111 0.023958333333333335 0.03888888888888889
0 0.5765625 0.47824074074074074 0.026041666666666668 0.041666666666666664
0 0.5494791666666666 0.4740740740740741 0.0328125 0.03888888888888889
0 0.5166666666666667 0.44351851851851853 0.033854166666666664 0.03796296296296296
0 0.596875 0.4236111111111111 0.025520833333333333 0.04814814814814815
0 0.6169270833333333 0.4060185185185185 0.0234375 0.037037037037037035
0 0.56953125 0.3037037037037037 0.020833333333333332 0.02962962962962963
0 0.5861979166666667 0.3 0.016145833333333335 0.030555555555555555
0 0.60546875 0.30185185185185187 0.019791666666666666 0.013888888888888888
0 0.6231770833333333 0.31805555555555554 0.022395833333333334 0.026851851851851852
0 0.6015625 0.3277777777777778 0.028125 0.030555555555555555
0 0.5046875 0.24351851851851852 0.025520833333333333 0.028703703703703703
0 0.5158854166666667 0.22453703703703703 0.0265625 0.023148148148148147
0 0.6348958333333333 0.2657407407407407 0.021354166666666667 0.032407407407407406
0 0.65625 0.27037037037037037 0.024479166666666666 0.037037037037037035
0 0.7182291666666667 0.25277777777777777 0.035416666666666666 0.030555555555555555
0 0.6182291666666667 0.2111111111111111 0.018229166666666668 0.025925925925925925
0 0.60625 0.20046296296296295 0.01875 0.030555555555555555
0 0.5877604166666667 0.20416666666666666 0.027083333333333334 0.030555555555555555
0 0.5622395833333333 0.1986111111111111 0.021875 0.02962962962962963
0 0.5700520833333333 0.18194444444444444 0.028125 0.024074074074074074
0 0.56171875 0.16157407407407406 0.026041666666666668 0.016666666666666666
0 0.6002604166666666 0.16064814814814815 0.03802083333333333 0.022222222222222223
0 0.54921875 0.12268518518518519 0.023958333333333335 0.022222222222222223
0 0.5216145833333333 0.11944444444444445 0.028645833333333332 0.020370370370370372
0 0.5184895833333333 0.13148148148148148 0.028645833333333332 0.020370370370370372
0 0.4981770833333333 0.14305555555555555 0.029166666666666667 0.022222222222222223
0 0.5270833333333333 0.14675925925925926 0.030208333333333334 0.011111111111111112
0 0.5291666666666667 0.16157407407407406 0.029166666666666667 0.018518518518518517
0 0.5315104166666667 0.19398148148148148 0.024479166666666666 0.027777777777777776
0 0.5151041666666667 0.19305555555555556 0.0234375 0.024074074074074074
0 0.4875 0.19212962962962962 0.0328125 0.025925925925925925
0 0.43776041666666665 0.04722222222222222 0.017708333333333333 0.023148148148148147
0 0.4544270833333333 0.04027777777777778 0.015104166666666667 0.027777777777777776
0 0.4700520833333333 0.033796296296296297 0.0203125 0.024074074074074074
0 0.48385416666666664 0.02962962962962963 0.023958333333333335 0.025925925925925925
0 0.5026041666666666 0.08657407407407407 0.023958333333333335 0.025925925925925925
0 0.5489583333333333 0.09305555555555556 0.022395833333333334 0.01574074074074074
0 0.5364583333333334 0.08611111111111111 0.021875 0.019444444444444445
0 0.5604166666666667 0.08657407407407407 0.015625 0.020370370370370372
0 0.5986979166666667 0.10138888888888889 0.022395833333333334 0.010185185185185186
0 0.6177083333333333 0.1125 0.0171875 0.026851851851851852
0 0.6427083333333333 0.07962962962962963 0.0234375 0.022222222222222223
0 0.6252604166666667 0.07546296296296297 0.021354166666666667 0.016666666666666666
0 0.6192708333333333 0.043055555555555555 0.0125 0.022222222222222223
0 0.5981770833333333 0.047685185185185185 0.019791666666666666 0.018518518518518517
0 0.5955729166666667 0.033796296296296297 0.021875 0.014814814814814815
0 0.5971354166666667 0.013425925925925926 0.0171875 0.024074074074074074
0 0.559375 0.024074074074074074 0.019791666666666666 0.022222222222222223
0 0.5729166666666666 0.021296296296296296 0.0140625 0.020370370370370372
0 0.6151041666666667 0.01898148148148148 0.016145833333333335 0.024074074074074074
0 0.6450520833333333 0.015277777777777777 0.019270833333333334 0.025
0 0.675 0.07037037037037037 0.021875 0.022222222222222223
0 0.6627604166666666 0.06018518518518518 0.015625 0.021296296296296296
0 0.6466145833333333 0.05138888888888889 0.010416666666666666 0.026851851851851852
0 0.525 0.056018518518518516 0.01875 0.014814814814814815
0 0.41770833333333335 0.04814814814814815 0.017708333333333333 0.024074074074074074
0 0.4908854166666667 0.009722222222222222 0.022395833333333334 0.019444444444444445
0 0.6885416666666667 0.02962962962962963 0.022916666666666665 0.01574074074074074
0 0.6796875 0.00787037037037037 0.026041666666666668 0.013888888888888888
0 0.7192708333333333 0.09259259259259259 0.025 0.022222222222222223
0 0.7182291666666667 0.2 0.025 0.030555555555555555
0 0.7645833333333333 0.12916666666666668 0.021875 0.025925925925925925
0 0.7677083333333333 0.16018518518518518 0.0171875 0.03888888888888889
0 0.7533854166666667 0.17824074074074073 0.01875 0.018518518518518517
0 0.7643229166666666 0.19583333333333333 0.025520833333333333 0.025
0 0.7684895833333333 0.21666666666666667 0.021875 0.027777777777777776
0 0.7755208333333333 0.24768518518518517 0.026041666666666668 0.03518518518518519
0 0.7854166666666667 0.2726851851851852 0.022395833333333334 0.03425925925925926
0 0.8020833333333334 0.23472222222222222 0.024479166666666666 0.049074074074074076
0 0.8013020833333333 0.16435185185185186 0.023958333333333335 0.04259259259259259
0 0.79765625 0.15092592592592594 0.027604166666666666 0.030555555555555555
0 0.7872395833333333 0.13472222222222222 0.028645833333333332 0.025
0 0.7791666666666667 0.1087962962962963 0.0296875 0.020370370370370372
0 0.7747395833333334 0.09490740740740741 0.030208333333333334 0.019444444444444445
0 0.7684895833333333 0.07268518518518519 0.03177083333333333 0.017592592592592594
0 0.7638020833333333 0.046296296296296294 0.020833333333333332 0.02962962962962963
0 0.7591145833333334 0.03333333333333333 0.0234375 0.025925925925925925
0 0.8109375 0.19768518518518519 0.021875 0.03888888888888889
0 0.8283854166666667 0.3287037037037037 0.030729166666666665 0.030555555555555555
0 0.83359375 0.35555555555555557 0.023958333333333335 0.044444444444444446
0 0.8734375 0.5546296296296296 0.05260416666666667 0.05925925925925926
0 0.8291666666666667 0.8 0.04479166666666667 0.05555555555555555
0 0.9135416666666667 0.9518518518518518 0.0421875 0.06851851851851852
0 0.94140625 0.9861111111111112 0.058854166666666666 0.027777777777777776
0 0.9466145833333334 0.85 0.0375 0.07685185185185185
0 0.95703125 0.8023148148148148 0.05625 0.04537037037037037
0 0.9091145833333333 0.34305555555555556 0.03177083333333333 0.025925925925925925
0 0.8786458333333333 0.3138888888888889 0.027604166666666666 0.026851851851851852
0 0.8424479166666666 0.13472222222222222 0.019270833333333334 0.023148148148148147
0 0.84296875 0.11666666666666667 0.015104166666666667 0.017592592592592594
0 0.8682291666666667 0.10648148148148148 0.019270833333333334 0.018518518518518517
0 0.88046875 0.12037037037037036 0.013020833333333334 0.023148148148148147
0 0.9104166666666667 0.13703703703703704 0.023958333333333335 0.022222222222222223
0 0.9307291666666667 0.1574074074074074 0.019791666666666666 0.024074074074074074
0 0.9184895833333333 0.18981481481481483 0.023958333333333335 0.022222222222222223
0 0.9317708333333333 0.21851851851851853 0.019270833333333334 0.030555555555555555
0 0.9598958333333333 0.2125 0.028125 0.018518518518518517
0 0.9854166666666667 0.2412037037037037 0.027083333333333334 0.030555555555555555
0 0.9630208333333333 0.1736111111111111 0.0171875 0.021296296296296296
0 0.97890625 0.17731481481481481 0.019270833333333334 0.03611111111111111
0 0.9734375 0.12037037037037036 0.0203125 0.027777777777777776
0 0.9703125 0.08796296296296297 0.019270833333333334 0.026851851851851852
0 0.9388020833333334 0.08796296296296297 0.025 0.013888888888888888
0 0.96640625 0.05648148148148148 0.018229166666666668 0.016666666666666666
0 0.9466145833333334 0.06851851851851852 0.016145833333333335 0.019444444444444445
0 0.9453125 0.05462962962962963 0.019270833333333334 0.013888888888888888
0 0.8682291666666667 0.04814814814814815 0.026041666666666668 0.021296296296296296
0 0.925 0.05787037037037037 0.019270833333333334 0.014814814814814815
0 0.8440104166666667 0.041666666666666664 0.022916666666666665 0.020370370370370372
0 0.8140625 0.022685185185185187 0.026041666666666668 0.013888888888888888