0 0.14270833333333333 0.9648148148148148 0.03177083333333333 0.06944444444444445
0 0.17578125 0.9578703703703704 0.036458333333333336 0.07037037037037037
0 0.24583333333333332 0.8819444444444444 0.052083333333333336 0.05185185185185185
0 0.21875 0.8148148148148148 0.05572916666666667 0.04537037037037037
0 0.17942708333333332 0.8217592592592593 0.034375 0.06574074074074074
0 0.16614583333333333 0.7736111111111111 0.04635416666666667 0.025925925925925925
0 0.1453125 0.8055555555555556 0.0390625 0.049074074074074076
0 0.12526041666666668 0.7787037037037037 0.040625 0.028703703703703703
0 0.12213541666666666 0.8490740740740741 0.046875 0.037037037037037035
0 0.11328125 0.8157407407407408 0.0453125 0.03333333333333333
0 0.08984375 0.8791666666666667 0.05520833333333333 0.049074074074074076
0 0.07864583333333333 0.8435185185185186 0.04635416666666667 0.041666666666666664
0 0.06614583333333333 0.7893518518518519 0.04010416666666667 0.04537037037037037
0 0.08619791666666667 0.7439814814814815 0.0453125 0.05092592592592592
0 0.15 0.6324074074074074 0.0328125 0.05092592592592592
0 0.12421875 0.6449074074074074 0.029166666666666667 0.03148148148148148
0 0.1640625 0.5574074074074075 0.043229166666666666 0.03611111111111111
0 0.17369791666666667 0.5194444444444445 0.0375 0.03518518518518519
0 0.13880208333333333 0.5921296296296297 0.0421875 0.03981481481481482
0 0.128125 0.624537037037037 0.036458333333333336 0.03981481481481482
0 0.11796875 0.5995370370370371 0.0234375 0.062037037037037036
0 0.08619791666666667 0.5689814814814815 0.0328125 0.026851851851851852
0 0.10442708333333334 0.5699074074074074 0.03125 0.024074074074074074
0 0.08880208333333334 0.6 0.03958333333333333 0.041666666666666664
0 0.062239583333333334 0.6074074074074074 0.033854166666666664 0.04722222222222222
0 0.06927083333333334 0.5166666666666667 0.04114583333333333 0.044444444444444446
0 0.15494791666666666 0.4439814814814815 0.03177083333333333 0.04537037037037037
0 0.2596354166666667 0.5824074074074074 0.05625 0.03888888888888889
0 0.0171875 0.5060185185185185 0.0328125 0.049074074074074076
0 0.005729166666666666 0.587037037037037 0.011458333333333333 0.037037037037037035
0 0.37265625 0.5425925925925926 0.04010416666666667 0.06851851851851852
0 0.4158854166666667 0.6171296296296296 0.029166666666666667 0.0824074074074074
0 0.36041666666666666 0.6736111111111112 0.04791666666666667 0.044444444444444446
0 0.3263020833333333 0.7138888888888889 0.06145833333333333 0.05
0 0.40208333333333335 0.7476851851851852 0.0515625 0.04814814814814815
0 0.5080729166666667 0.6587962962962963 0.028125 0.08796296296296297
0 0.49947916666666664 0.7300925925925926 0.05416666666666667 0.06296296296296296
0 0.5341145833333333 0.7587962962962963 0.030729166666666665 0.08425925925925926
0 0.59453125 0.7754629629629629 0.03333333333333333 0.05925925925925926
0 0.41822916666666665 0.4898148148148148 0.0296875 0.06574074074074074
0 0.45026041666666666 0.5296296296296297 0.04375 0.05925925925925926
0 0.5916666666666667 0.85 0.0421875 0.06481481481481481
0 0.6364583333333333 0.8962962962962963 0.03854166666666667 0.04537037037037037
0 0.6791666666666667 0.8597222222222223 0.04583333333333333 0.06018518518518518
0 0.6869791666666667 0.7902777777777777 0.046875 0.04814814814814815
0 0.6723958333333333 0.6731481481481482 0.0453125 0.05462962962962963
0 0.71796875 0.7032407407407407 0.0328125 0.06296296296296296
0 0.7494791666666667 0.7 0.030729166666666665 0.05740740740740741
0 0.7950520833333333 0.711574074074074 0.04895833333333333 0.04722222222222222
0 0.7643229166666666 0.6314814814814815 0.030208333333333334 0.05925925925925926
0 0.72578125 0.6537037037037037 0.041666666666666664 0.05092592592592592
0 0.8041666666666667 0.5152777777777777 0.03125 0.04814814814814815
0 0.6940104166666666 0.4486111111111111 0.04010416666666667 0.030555555555555555
0 0.77890625 0.41898148148148145 0.0296875 0.046296296296296294
0 0.5653645833333333 0.3685185185185185 0.027083333333333334 0.04259259259259259
0 0.4549479166666667 0.3458333333333333 0.0234375 0.05277777777777778
0 0.44140625 0.27870370370370373 0.030208333333333334 0.030555555555555555
0 0.5442708333333334 0.2652777777777778 0.0234375 0.03518518518518519
0 0.5606770833333333 0.3148148148148148 0.0359375 0.030555555555555555
0 0.6078125 0.2537037037037037 0.03333333333333333 0.03518518518518519
0 0.35260416666666666 0.31851851851851853 0.03333333333333333 0.05277777777777778
0 0.3697916666666667 0.3300925925925926 0.022395833333333334 0.03425925925925926
0 0.42734375 0.35 0.026041666666666668 0.040740740740740744
0 0.2830729166666667 0.2712962962962963 0.033854166666666664 0.030555555555555555
0 0.29765625 0.2324074074074074 0.034895833333333334 0.025925925925925925
0 0.2838541666666667 0.2212962962962963 0.03958333333333333 0.025925925925925925
0 0.24739583333333334 0.19907407407407407 0.026041666666666668 0.032407407407407406
0 0.32786458333333335 0.17777777777777778 0.0203125 0.04537037037037037
0 0.371875 0.17083333333333334 0.0234375 0.027777777777777776
0 0.3078125 0.1824074074074074 0.030729166666666665 0.017592592592592594
0 0.2908854166666667 0.16435185185185186 0.025 0.03333333333333333
0 0.2864583333333333 0.12222222222222222 0.027604166666666666 0.018518518518518517
0 0.25286458333333334 0.10925925925925926 0.025520833333333333 0.016666666666666666
0 0.23723958333333334 0.09398148148148149 0.025 0.019444444444444445
0 0.22942708333333334 0.1300925925925926 0.029166666666666667 0.021296296296296296
0 0.13333333333333333 0.2013888888888889 0.023958333333333335 0.024074074074074074
0 0.14869791666666668 0.24537037037037038 0.017708333333333333 0.03518518518518519
0 0.17213541666666668 0.2814814814814815 0.03229166666666667 0.028703703703703703
0 0.18333333333333332 0.29583333333333334 0.028125 0.027777777777777776
0 0.1671875 0.3453703703703704 0.036458333333333336 0.044444444444444446
0 0.13802083333333334 0.3458333333333333 0.023958333333333335 0.04722222222222222
0 0.12265625 0.3574074074074074 0.021354166666666667 0.046296296296296294
0 0.10182291666666667 0.3587962962962963 0.016666666666666666 0.04351851851851852
0 0.090625 0.2953703703703704 0.0203125 0.030555555555555555
0 0.0484375 0.2800925925925926 0.018229166666666668 0.040740740740740744
0 0.019270833333333334 0.2726851851851852 0.030729166666666665 0.025925925925925925
0 0.09557291666666666 0.26342592592592595 0.03333333333333333 0.026851851851851852
0 0.11588541666666667 0.2564814814814815 0.025 0.023148148148148147
0 0.13203125 0.24259259259259258 0.015104166666666667 0.03148148148148148
0 0.09817708333333333 0.22083333333333333 0.0203125 0.019444444444444445
0 0.07109375 0.26157407407407407 0.016145833333333335 0.016666666666666666
0 0.054947916666666666 0.26157407407407407 0.022395833333333334 0.032407407407407406
0 0.0859375 0.19444444444444445 0.028125 0.01574074074074074
0 0.06041666666666667 0.2212962962962963 0.03333333333333333 0.014814814814814815
0 0.029427083333333333 0.21574074074074073 0.024479166666666666 0.030555555555555555
0 0.06145833333333333 0.1837962962962963 0.018229166666666668 0.02962962962962963
0 0.09166666666666666 0.16296296296296298 0.016666666666666666 0.027777777777777776
0 0.11354166666666667 0.1476851851851852 0.019791666666666666 0.020370370370370372
0 0.1390625 0.15046296296296297 0.0296875 0.018518518518518517
0 0.07395833333333333 0.15787037037037038 0.022916666666666665 0.023148148148148147
0 0.08385416666666666 0.13518518518518519 0.021354166666666667 0.025
0 0.10208333333333333 0.1337962962962963 0.022395833333333334 0.011111111111111112
0 0.07890625 0.11064814814814815 0.021354166666666667 0.026851851851851852
0 0.05416666666666667 0.12777777777777777 0.03229166666666667 0.012037037037037037
0 0.011197916666666667 0.15787037037037038 0.019270833333333334 0.03518518518518519
0 0.13177083333333334 0.12361111111111112 0.015104166666666667 0.024074074074074074
0 0.14947916666666666 0.1287037037037037 0.015104166666666667 0.020370370370370372
0 0.125 0.08009259259259259 0.020833333333333332 0.017592592592592594
0 0.13463541666666667 0.05787037037037037 0.019270833333333334 0.014814814814814815
0 0.08723958333333333 0.047685185185185185 0.0140625 0.01574074074074074
0 0.011979166666666667 0.1 0.016666666666666666 0.037037037037037035
0 0.03229166666666667 0.06851851851851852 0.01875 0.020370370370370372
0 0.05078125 0.07175925925925926 0.022916666666666665 0.020370370370370372
0 0.06848958333333334 0.056018518518518516 0.0265625 0.012962962962962963
0 0.0109375 0.06342592592592593 0.0109375 0.037037037037037035
0 0.0515625 0.03425925925925926 0.016145833333333335 0.01574074074074074
0 0.16197916666666667 0.04398148148148148 0.019270833333333334 0.016666666666666666
0 0.1515625 0.02824074074074074 0.020833333333333332 0.018518518518518517
0 0.1921875 0.025 0.013020833333333334 0.021296296296296296
0 0.20677083333333332 0.04212962962962963 0.017708333333333333 0.017592592592592594
0 0.18229166666666666 0.08009259259259259 0.022916666666666665 0.012962962962962963
0 0.1984375 0.08981481481481482 0.024479166666666666 0.023148148148148147
0 0.15286458333333333 0.08611111111111111 0.025 0.013888888888888888
0 0.28177083333333336 0.031018518518518518 0.0109375 0.03425925925925926
0 0.3359375 0.06435185185185185 0.016145833333333335 0.021296296296296296
0 0.35703125 0.05694444444444444 0.019270833333333334 0.018518518518518517
0 0.3640625 0.07824074074074074 0.021354166666666667 0.022222222222222223
0 0.40546875 0.0712962962962963 0.017708333333333333 0.017592592592592594
0 0.46067708333333335 0.014351851851851852 0.019270833333333334 0.016666666666666666
0 0.47239583333333335 0.018055555555555554 0.0171875 0.021296296296296296
0 0.4479166666666667 0.030555555555555555 0.020833333333333332 0.011111111111111112
0 0.4640625 0.03981481481481482 0.021875 0.012962962962962963
0 0.4557291666666667 0.05416666666666667 0.01875 0.014814814814814815
0 0.47369791666666666 0.05416666666666667 0.01875 0.016666666666666666
0 0.48880208333333336 0.040740740740740744 0.01875 0.016666666666666666
0 0.5143229166666666 0.034722222222222224 0.0234375 0.020370370370370372
0 0.5236979166666667 0.012962962962962963 0.0203125 0.016666666666666666
0 0.4942708333333333 0.07546296296296297 0.016666666666666666 0.025925925925925925
0 0.5200520833333333 0.0837962962962963 0.0171875 0.023148148148148147
0 0.46015625 0.16018518518518518 0.03125 0.023148148148148147
0 0.51875 0.14444444444444443 0.026041666666666668 0.021296296296296296
0 0.54921875 0.1685185185185185 0.027604166666666666 0.023148148148148147
0 0.53515625 0.06527777777777778 0.020833333333333332 0.014814814814814815
0 0.55546875 0.05787037037037037 0.020833333333333332 0.018518518518518517
0 0.56953125 0.07916666666666666 0.0203125 0.01574074074074074
0 0.5768229166666666 0.02175925925925926 0.024479166666666666 0.016666666666666666
0 0.5963541666666666 0.05324074074074074 0.022916666666666665 0.018518518518518517
0 0.5932291666666667 0.13472222222222222 0.018229166666666668 0.016666666666666666
0 0.6364583333333333 0.20694444444444443 0.020833333333333332 0.025
0 0.66171875 0.20601851851851852 0.0234375 0.028703703703703703
0 0.690625 0.19675925925925927 0.0203125 0.03518518518518519
0 0.6721354166666667 0.18472222222222223 0.015104166666666667 0.028703703703703703
0 0.6841145833333333 0.1287037037037037 0.019791666666666666 0.022222222222222223
0 0.6713541666666667 0.11805555555555555 0.0203125 0.028703703703703703
0 0.6583333333333333 0.12916666666666668 0.019791666666666666 0.026851851851851852
0 0.6138020833333333 0.046296296296296294 0.016666666666666666 0.018518518518518517
0 0.6075520833333333 0.009722222222222222 0.021875 0.016666666666666666
0 0.6505208333333333 0.027777777777777776 0.027604166666666666 0.02962962962962963
0 0.696875 0.07546296296296297 0.0359375 0.024074074074074074
0 0.7138020833333333 0.09398148148148149 0.03333333333333333 0.03333333333333333
0 0.7421875 0.1175925925925926 0.0296875 0.04351851851851852
0 0.7700520833333333 0.1685185185185185 0.016145833333333335 0.028703703703703703
0 0.7471354166666667 0.18287037037037038 0.030208333333333334 0.021296296296296296
0 0.7736979166666667 0.12453703703703704 0.013020833333333334 0.03611111111111111
0 0.7973958333333333 0.12314814814814815 0.021354166666666667 0.024074074074074074
0 0.7947916666666667 0.09490740740740741 0.024479166666666666 0.02962962962962963
0 0.8307291666666666 0.21296296296296297 0.025 0.03981481481481482
0 0.8080729166666667 0.21712962962962962 0.020833333333333332 0.024074074074074074
0 0.8158854166666667 0.24074074074074073 0.022916666666666665 0.02962962962962963
0 0.7885416666666667 0.21851851851851853 0.018229166666666668 0.025925925925925925
0 0.7833333333333333 0.2972222222222222 0.03177083333333333 0.020370370370370372
0 0.7885416666666667 0.3199074074074074 0.0328125 0.026851851851851852
0 0.7830729166666667 0.3597222222222222 0.03229166666666667 0.037037037037037035
0 0.8315104166666667 0.35694444444444445 0.028125 0.028703703703703703
0 0.8591145833333333 0.35555555555555557 0.028645833333333332 0.032407407407407406
0 0.8455729166666667 0.32314814814814813 0.028125 0.03888888888888889
0 0.8197916666666667 0.32731481481481484 0.01875 0.03425925925925926
0 0.8846354166666667 0.32314814814814813 0.03125 0.030555555555555555
0 0.90703125 0.2712962962962963 0.0171875 0.026851851851851852
0 0.8940104166666667 0.2861111111111111 0.024479166666666666 0.019444444444444445
0 0.8911458333333333 0.30092592592592593 0.027604166666666666 0.012962962962962963
0 0.953125 0.3486111111111111 0.021875 0.037037037037037035
0 0.9890625 0.34120370370370373 0.021875 0.044444444444444446
0 0.9190104166666667 0.5106481481481482 0.03333333333333333 0.044444444444444446
0 0.9213541666666667 0.4685185185185185 0.021875 0.03518518518518519
0 0.94921875 0.48703703703703705 0.03177083333333333 0.06944444444444445
0 0.9440104166666666 0.10601851851851851 0.019791666666666666 0.019444444444444445
0 0.9619791666666667 0.11574074074074074 0.017708333333333333 0.019444444444444445
0 0.965625 0.09768518518518518 0.0140625 0.013888888888888888
0 0.9375 0.0837962962962963 0.0234375 0.014814814814814815
0 0.8645833333333334 0.0837962962962963 0.019791666666666666 0.01574074074074074
0 0.91484375 0.10185185185185185 0.019791666666666666 0.012962962962962963
0 0.8994791666666667 0.11203703703703703 0.0109375 0.014814814814814815
0 0.9096354166666667 0.11944444444444445 0.0140625 0.014814814814814815
0 0.8885416666666667 0.1425925925925926 0.018229166666666668 0.018518518518518517
0 0.9091145833333333 0.14675925925925926 0.019270833333333334 0.016666666666666666
0 0.9325520833333333 0.14444444444444443 0.014583333333333334 0.019444444444444445
0 0.9653645833333333 0.14027777777777778 0.027604166666666666 0.022222222222222223
0 0.9354166666666667 0.18055555555555555 0.022916666666666665 0.014814814814814815
0 0.9471354166666667 0.20046296296296295 0.0234375 0.022222222222222223
0 0.8723958333333334 0.04953703703703704 0.018229166666666668 0.01574074074074074
0 0.9296875 0.02638888888888889 0.011458333333333333 0.023148148148148147
0 0.9369791666666667 0.04722222222222222 0.013020833333333334 0.022222222222222223
0 0.9559895833333333 0.062037037037037036 0.028645833333333332 0.021296296296296296
0 0.96640625 0.04398148148148148 0.0203125 0.017592592592592594
0 0.8505208333333333 0.008333333333333333 0.014583333333333334 0.016666666666666666
0 0.7916666666666666 0.013888888888888888 0.021875 0.01574074074074074