0 0.13151041666666666 0.029166666666666667 0.020833333333333332 0.025925925925925925
0 0.14817708333333332 0.04675925925925926 0.025 0.014814814814814815
0 0.1296875 0.06712962962962964 0.0234375 0.014814814814814815
0 0.10130208333333333 0.06018518518518518 0.01875 0.020370370370370372
0 0.09296875 0.0699074074074074 0.016145833333333335 0.026851851851851852
0 0.07864583333333333 0.08657407407407407 0.0171875 0.018518518518518517
0 0.07265625 0.07037037037037037 0.0140625 0.024074074074074074
0 0.053125 0.1111111111111111 0.018229166666666668 0.03796296296296296
0 0.03723958333333333 0.1300925925925926 0.021875 0.03888888888888889
0 0.09140625 0.17407407407407408 0.022916666666666665 0.026851851851851852
0 0.11145833333333334 0.18518518518518517 0.0171875 0.030555555555555555
0 0.11484375 0.12083333333333333 0.027083333333333334 0.013888888888888888
0 0.12786458333333334 0.1087962962962963 0.020833333333333332 0.01574074074074074
0 0.13671875 0.09074074074074075 0.011458333333333333 0.016666666666666666
0 0.15078125 0.0912037037037037 0.014583333333333334 0.016666666666666666
0 0.16302083333333334 0.10185185185185185 0.01875 0.013888888888888888
0 0.17005208333333333 0.08518518518518518 0.020833333333333332 0.011111111111111112
0 0.18151041666666667 0.044444444444444446 0.0203125 0.014814814814814815
0 0.18307291666666667 0.05555555555555555 0.013541666666666667 0.013888888888888888
0 0.2125 0.04027777777777778 0.013541666666666667 0.025925925925925925
0 0.20286458333333332 0.10277777777777777 0.0203125 0.019444444444444445
0 0.22239583333333332 0.11481481481481481 0.011979166666666667 0.021296296296296296
0 0.23567708333333334 0.10277777777777777 0.0171875 0.03518518518518519
0 0.253125 0.10972222222222222 0.0171875 0.023148148148148147
0 0.06666666666666667 0.22175925925925927 0.016145833333333335 0.03148148148148148
0 0.051041666666666666 0.22916666666666666 0.015104166666666667 0.02962962962962963
0 0.08880208333333334 0.24722222222222223 0.022916666666666665 0.019444444444444445
0 0.11067708333333333 0.2388888888888889 0.015625 0.023148148148148147
0 0.09244791666666667 0.26805555555555555 0.022916666666666665 0.02962962962962963
0 0.11666666666666667 0.26064814814814813 0.015104166666666667 0.03148148148148148
0 0.13307291666666668 0.25925925925925924 0.018229166666666668 0.025925925925925925
0 0.15234375 0.24027777777777778 0.021354166666666667 0.025
0 0.1296875 0.23564814814814813 0.019270833333333334 0.018518518518518517
0 0.15625 0.1412037037037037 0.021354166666666667 0.022222222222222223
0 0.13854166666666667 0.12824074074074074 0.021354166666666667 0.014814814814814815
0 0.15078125 0.12175925925925926 0.016145833333333335 0.016666666666666666
0 0.26223958333333336 0.06851851851851852 0.0203125 0.023148148148148147
0 0.28411458333333334 0.08009259259259259 0.011979166666666667 0.023148148148148147
0 0.29635416666666664 0.07824074074074074 0.011458333333333333 0.021296296296296296
0 0.3145833333333333 0.0824074074074074 0.019270833333333334 0.018518518518518517
0 0.32708333333333334 0.07175925925925926 0.01875 0.016666666666666666
0 0.3059895833333333 0.06527777777777778 0.021354166666666667 0.014814814814814815
0 0.30104166666666665 0.050462962962962966 0.01875 0.017592592592592594
0 0.29791666666666666 0.03518518518518519 0.022916666666666665 0.021296296296296296
0 0.275 0.02962962962962963 0.021875 0.014814814814814815
0 0.32057291666666665 0.03657407407407407 0.024479166666666666 0.01574074074074074
0 0.14947916666666666 0.010648148148148148 0.017708333333333333 0.021296296296296296
0 0.062239583333333334 0.3337962962962963 0.027083333333333334 0.027777777777777776
0 0.08307291666666666 0.3314814814814815 0.022395833333333334 0.03148148148148148
0 0.10494791666666667 0.33287037037037037 0.027604166666666666 0.032407407407407406
0 0.11848958333333333 0.3578703703703704 0.022395833333333334 0.028703703703703703
0 0.1375 0.36527777777777776 0.021354166666666667 0.03518518518518519
0 0.10572916666666667 0.38055555555555554 0.020833333333333332 0.028703703703703703
0 0.09296875 0.39675925925925926 0.01875 0.037037037037037035
0 0.06901041666666667 0.38842592592592595 0.0203125 0.037037037037037035
0 0.05286458333333333 0.37777777777777777 0.0234375 0.023148148148148147
0 0.05416666666666667 0.3541666666666667 0.024479166666666666 0.023148148148148147
0 0.012239583333333333 0.3509259259259259 0.024479166666666666 0.026851851851851852
0 0.009635416666666667 0.38564814814814813 0.019270833333333334 0.032407407407407406
0 0.1375 0.4115740740740741 0.022395833333333334 0.03425925925925926
0 0.06927083333333334 0.4666666666666667 0.03333333333333333 0.03333333333333333
0 0.07526041666666666 0.4930555555555556 0.0203125 0.040740740740740744
0 0.09895833333333333 0.49027777777777776 0.0234375 0.04722222222222222
0 0.15104166666666666 0.487962962962963 0.027604166666666666 0.040740740740740744
0 0.1546875 0.375 0.021354166666666667 0.028703703703703703
0 0.1765625 0.38425925925925924 0.03333333333333333 0.030555555555555555
0 0.19296875 0.3921296296296296 0.04010416666666667 0.03148148148148148
0 0.18854166666666666 0.3425925925925926 0.019791666666666666 0.049074074074074076
0 0.25338541666666664 0.2050925925925926 0.035416666666666666 0.020370370370370372
0 0.2708333333333333 0.2712962962962963 0.019791666666666666 0.030555555555555555
0 0.28411458333333334 0.14027777777777778 0.0171875 0.022222222222222223
0 0.3104166666666667 0.13148148148148148 0.03177083333333333 0.025
0 0.29739583333333336 0.1398148148148148 0.022395833333333334 0.03888888888888889
0 0.32395833333333335 0.15462962962962962 0.028645833333333332 0.014814814814814815
0 0.33098958333333334 0.12083333333333333 0.021875 0.03148148148148148
0 0.4359375 0.047685185185185185 0.0171875 0.024074074074074074
0 0.4244791666666667 0.05925925925925926 0.019791666666666666 0.025
0 0.4588541666666667 0.03564814814814815 0.030208333333333334 0.026851851851851852
0 0.4817708333333333 0.04490740740740741 0.01875 0.019444444444444445
0 0.5005208333333333 0.02638888888888889 0.0140625 0.026851851851851852
0 0.47994791666666664 0.0787037037037037 0.022916666666666665 0.02962962962962963
0 0.5002604166666667 0.08842592592592592 0.021875 0.019444444444444445
0 0.5221354166666666 0.09166666666666666 0.021875 0.019444444444444445
0 0.5463541666666667 0.09490740740740741 0.025520833333333333 0.013888888888888888
0 0.49713541666666666 0.1398148148148148 0.026041666666666668 0.023148148148148147
0 0.5205729166666667 0.12083333333333333 0.0296875 0.014814814814814815
0 0.5479166666666667 0.12685185185185185 0.017708333333333333 0.025
0 0.51875 0.13472222222222222 0.023958333333333335 0.012962962962962963
0 0.48411458333333335 0.1925925925925926 0.03697916666666667 0.018518518518518517
0 0.5143229166666666 0.2 0.025520833333333333 0.018518518518518517
0 0.51953125 0.18935185185185185 0.026041666666666668 0.013888888888888888
0 0.5244791666666667 0.1763888888888889 0.0265625 0.010185185185185186
0 0.5643229166666667 0.14537037037037037 0.026041666666666668 0.014814814814814815
0 0.5700520833333333 0.16018518518518518 0.019791666666666666 0.025
0 0.5434895833333333 0.16064814814814815 0.0203125 0.014814814814814815
0 0.5247395833333334 0.15416666666666667 0.022395833333333334 0.019444444444444445
0 0.43359375 0.18472222222222223 0.030208333333333334 0.026851851851851852
0 0.40260416666666665 0.1935185185185185 0.025520833333333333 0.025925925925925925
0 0.41458333333333336 0.2175925925925926 0.041666666666666664 0.019444444444444445
0 0.3807291666666667 0.2064814814814815 0.018229166666666668 0.03981481481481482
0 0.3494791666666667 0.19722222222222222 0.022916666666666665 0.027777777777777776
0 0.3932291666666667 0.24305555555555555 0.024479166666666666 0.021296296296296296
0 0.41901041666666666 0.2550925925925926 0.034375 0.014814814814814815
0 0.4234375 0.2726851851851852 0.0375 0.025
0 0.4270833333333333 0.30648148148148147 0.03229166666666667 0.04537037037037037
0 0.3859375 0.26805555555555555 0.03333333333333333 0.026851851851851852
0 0.38515625 0.3013888888888889 0.03229166666666667 0.03796296296296296
0 0.3690104166666667 0.3453703703703704 0.0375 0.026851851851851852
0 0.325 0.33564814814814814 0.026041666666666668 0.05277777777777778
0 0.3640625 0.44675925925925924 0.027604166666666666 0.06018518518518518
0 0.3859375 0.42685185185185187 0.034375 0.030555555555555555
0 0.3390625 0.4638888888888889 0.026041666666666668 0.04259259259259259
0 0.4471354166666667 0.4236111111111111 0.034375 0.037037037037037035
0 0.47760416666666666 0.40925925925925927 0.027604166666666666 0.05092592592592592
0 0.4265625 0.4888888888888889 0.04583333333333333 0.041666666666666664
0 0.5169270833333334 0.4444444444444444 0.030208333333333334 0.04537037037037037
0 0.22604166666666667 0.5138888888888888 0.027604166666666666 0.06388888888888888
0 0.259375 0.612037037037037 0.03177083333333333 0.05925925925925926
0 0.23125 0.6652777777777777 0.013020833333333334 0.05
0 0.16744791666666667 0.5740740740740741 0.0421875 0.04814814814814815
0 0.38046875 0.7393518518518518 0.05677083333333333 0.04351851851851852
0 0.4828125 0.712037037037037 0.03697916666666667 0.058333333333333334
0 0.5098958333333333 0.6717592592592593 0.043229166666666666 0.04351851851851852
0 0.55078125 0.7314814814814815 0.044270833333333336 0.024074074074074074
0 0.5450520833333333 0.7666666666666667 0.04583333333333333 0.05
0 0.5888020833333333 0.7569444444444444 0.050520833333333334 0.040740740740740744
0 0.5018229166666667 0.7638888888888888 0.053125 0.03333333333333333
0 0.52109375 0.7981481481481482 0.05677083333333333 0.04537037037037037
0 0.6364583333333333 0.7888888888888889 0.049479166666666664 0.05092592592592592
0 0.65546875 0.8606481481481482 0.04895833333333333 0.06018518518518518
0 0.5705729166666667 0.9157407407407407 0.0375 0.0824074074074074
0 0.5341145833333333 0.9115740740740741 0.03229166666666667 0.06388888888888888
0 0.48802083333333335 0.549074074074074 0.03177083333333333 0.05925925925925926
0 0.5026041666666666 0.538425925925926 0.025 0.05092592592592592
0 0.5276041666666667 0.5097222222222222 0.0359375 0.03518518518518519
0 0.53359375 0.5430555555555555 0.0328125 0.03518518518518519
0 0.5549479166666667 0.5254629629629629 0.021354166666666667 0.046296296296296294
0 0.5830729166666667 0.5356481481481481 0.036458333333333336 0.03796296296296296
0 0.578125 0.5819444444444445 0.03802083333333333 0.04814814814814815
0 0.6106770833333334 0.5217592592592593 0.04010416666666667 0.03981481481481482
0 0.62265625 0.4842592592592593 0.04114583333333333 0.02962962962962963
0 0.6135416666666667 0.4050925925925926 0.030729166666666665 0.049074074074074076
0 0.5661458333333333 0.3060185185185185 0.023958333333333335 0.03888888888888889
0 0.5856770833333333 0.29583333333333334 0.015625 0.027777777777777776
0 0.6036458333333333 0.31203703703703706 0.027083333333333334 0.03611111111111111
0 0.6364583333333333 0.31527777777777777 0.034895833333333334 0.03425925925925926
0 0.5744791666666667 0.26157407407407407 0.0359375 0.03888888888888889
0 0.6359375 0.2689814814814815 0.024479166666666666 0.03611111111111111
0 0.6565104166666667 0.27175925925925926 0.028125 0.03518518518518519
0 0.5885416666666666 0.2064814814814815 0.025520833333333333 0.03425925925925926
0 0.61328125 0.20833333333333334 0.0296875 0.02962962962962963
0 0.60859375 0.16342592592592592 0.022916666666666665 0.03148148148148148
0 0.5651041666666666 0.1986111111111111 0.0203125 0.030555555555555555
0 0.5286458333333334 0.21712962962962962 0.0171875 0.03888888888888889
0 0.5106770833333333 0.22407407407407406 0.013020833333333334 0.030555555555555555
0 0.7190104166666667 0.19444444444444445 0.025520833333333333 0.032407407407407406
0 0.75546875 0.18333333333333332 0.024479166666666666 0.026851851851851852
0 0.7721354166666666 0.25092592592592594 0.03333333333333333 0.03425925925925926
0 0.75546875 0.28703703703703703 0.034895833333333334 0.024074074074074074
0 0.7130208333333333 0.12314814814814815 0.022916666666666665 0.027777777777777776
0 0.7184895833333333 0.09305555555555556 0.025520833333333333 0.013888888888888888
0 0.6421875 0.075 0.016666666666666666 0.027777777777777776
0 0.62890625 0.09583333333333334 0.019791666666666666 0.01574074074074074
0 0.6166666666666667 0.11342592592592593 0.026041666666666668 0.018518518518518517
0 0.6005208333333333 0.1037037037037037 0.021875 0.020370370370370372
0 0.55859375 0.08425925925925926 0.021354166666666667 0.01574074074074074
0 0.5708333333333333 0.08194444444444444 0.019270833333333334 0.023148148148148147
0 0.61484375 0.01898148148148148 0.019791666666666666 0.019444444444444445
0 0.6356770833333333 0.022685185185185187 0.0171875 0.014814814814814815
0 0.67265625 0.019444444444444445 0.021875 0.013888888888888888
0 0.6658854166666667 0.06435185185185185 0.019791666666666666 0.018518518518518517
0 0.67578125 0.07407407407407407 0.0234375 0.020370370370370372
0 0.7268229166666667 0.04861111111111111 0.024479166666666666 0.020370370370370372
0 0.7669270833333334 0.09537037037037037 0.018229166666666668 0.023148148148148147
0 0.7822916666666667 0.09768518518518518 0.022916666666666665 0.03425925925925926
0 0.7783854166666667 0.1398148148148148 0.013020833333333334 0.020370370370370372
0 0.78671875 0.16898148148148148 0.015104166666666667 0.03148148148148148
0 0.7994791666666666 0.20277777777777778 0.020833333333333332 0.021296296296296296
0 0.8140625 0.23564814814814813 0.029166666666666667 0.05925925925925926
0 0.83828125 0.2791666666666667 0.021875 0.058333333333333334
0 0.8296875 0.337037037037037 0.0234375 0.046296296296296294
0 0.8578125 0.3365740740740741 0.0203125 0.041666666666666664
0 0.84375 0.37824074074074077 0.043229166666666666 0.03611111111111111
0 0.9026041666666667 0.3439814814814815 0.03177083333333333 0.032407407407407406
0 0.8825520833333333 0.35509259259259257 0.0203125 0.040740740740740744
0 0.8471354166666667 0.17314814814814813 0.015625 0.03425925925925926
0 0.84140625 0.13564814814814816 0.020833333333333332 0.024074074074074074
0 0.8190104166666666 0.1037037037037037 0.021875 0.013888888888888888
0 0.83984375 0.09351851851851851 0.013541666666666667 0.020370370370370372
0 0.8432291666666667 0.11898148148148148 0.025 0.021296296296296296
0 0.8739583333333333 0.10277777777777777 0.015625 0.026851851851851852
0 0.88203125 0.12453703703703704 0.0140625 0.023148148148148147
0 0.8880208333333334 0.09722222222222222 0.017708333333333333 0.028703703703703703
0 0.8640625 0.05694444444444444 0.025520833333333333 0.013888888888888888
0 0.8390625 0.04259259259259259 0.017708333333333333 0.01574074074074074
0 0.8799479166666667 0.030555555555555555 0.016666666666666666 0.013888888888888888
0 0.90390625 0.05 0.021354166666666667 0.016666666666666666
0 0.9177083333333333 0.0625 0.015625 0.019444444444444445
0 0.9348958333333334 0.06805555555555555 0.021875 0.022222222222222223
0 0.9471354166666667 0.06018518518518518 0.0171875 0.020370370370370372
0 0.95625 0.009259259259259259 0.016145833333333335 0.014814814814814815
0 0.9700520833333334 0.060648148148148145 0.016666666666666666 0.019444444444444445
0 0.96875 0.08888888888888889 0.016145833333333335 0.018518518518518517
0 0.93671875 0.08796296296296297 0.0203125 0.011111111111111112
0 0.9234375 0.1 0.021354166666666667 0.010185185185185186
0 0.9283854166666666 0.12222222222222222 0.021875 0.02962962962962963
0 0.9416666666666667 0.12037037037037036 0.015625 0.022222222222222223
0 0.9494791666666667 0.11666666666666667 0.022916666666666665 0.03425925925925926
0 0.9653645833333333 0.12268518518518519 0.019791666666666666 0.022222222222222223
0 0.9473958333333333 0.1597222222222222 0.014583333333333334 0.013888888888888888
0 0.96015625 0.17175925925925925 0.017708333333333333 0.018518518518518517
0 0.9760416666666667 0.16435185185185186 0.020833333333333332 0.01574074074074074
0 0.9825520833333333 0.1787037037037037 0.017708333333333333 0.020370370370370372
0 0.9927083333333333 0.16527777777777777 0.013541666666666667 0.022222222222222223
0 0.9921875 0.10833333333333334 0.015625 0.01574074074074074
0 0.9111979166666667 0.2 0.021875 0.025
0 0.9356770833333333 0.19907407407407407 0.025 0.024074074074074074
0 0.9221354166666667 0.23657407407407408 0.019791666666666666 0.03981481481481482
0 0.9356770833333333 0.225 0.022916666666666665 0.03333333333333333
0 0.9705729166666667 0.24305555555555555 0.025 0.023148148148148147
0 0.8184895833333333 0.4722222222222222 0.028125 0.0787037037037037
0 0.8622395833333333 0.49537037037037035 0.04375 0.05277777777777778
0 0.8854166666666666 0.5944444444444444 0.0296875 0.09074074074074075
0 0.9221354166666667 0.5666666666666667 0.04791666666666667 0.07037037037037037
0 0.8942708333333333 0.5199074074074074 0.020833333333333332 0.07314814814814814
0 0.70625 0.5782407407407407 0.05260416666666667 0.05092592592592592
0 0.7572916666666667 0.7319444444444444 0.0625 0.049074074074074076
0 0.8283854166666667 0.8 0.04791666666666667 0.05925925925925926
0 0.9015625 0.7203703703703703 0.040625 0.041666666666666664
0 0.9104166666666667 0.7722222222222223 0.059895833333333336 0.04814814814814815
0 0.9130208333333333 0.8152777777777778 0.040625 0.06759259259259259
0 0.9578125 0.8226851851851852 0.03177083333333333 0.07685185185185185
0 0.93125 0.8800925925925925 0.0546875 0.062037037037037036
0 0.9114583333333334 0.9361111111111111 0.033854166666666664 0.08055555555555556
0 0.07838541666666667 0.925 0.0484375 0.08425925925925926
0 0.027604166666666666 0.9 0.03125 0.07314814814814814
0 0.5921875 0.01574074074074074 0.018229166666666668 0.018518518518518517