0 0.7171875 0.87109375 0.2328125 0.2578125
0 0.33203125 0.778125 0.1921875 0.2109375
0 0.51171875 0.65859375 0.178125 0.1296875
0 0.62265625 0.5828125 0.128125 0.0734375
0 0.7265625 0.6109375 0.1484375 0.0953125
0 0.78359375 0.65546875 0.2109375 0.09375
0 0.93203125 0.6953125 0.1359375 0.1859375
0 0.27265625 0.646875 0.1671875 0.09375
0 0.1546875 0.63984375 0.0921875 0.125
0 0.540625 0.546875 0.16875 0.0734375
0 0.44609375 0.540625 0.096875 0.0859375
0 0.36015625 0.52734375 0.075 0.059375
0 0.290625 0.5140625 0.096875 0.0484375
0 0.24765625 0.5546875 0.134375 0.0671875
0 0.36015625 0.63671875 0.1140625 0.0609375