0 0.2828125 0.87109375 0.2328125 0.2578125
0 0.66796875 0.778125 0.1921875 0.2109375
0 0.48828125 0.65859375 0.178125 0.1296875
0 0.37734375 0.5828125 0.128125 0.0734375
0 0.2734375 0.6109375 0.1484375 0.0953125
0 0.21640625 0.65546875 0.2109375 0.09375
0 0.06796875 0.6953125 0.1359375 0.1859375
0 0.72734375 0.646875 0.1671875 0.09375
0 0.8453125 0.63984375 0.090625 0.125
0 0.459375 0.546875 0.16875 0.0734375
0 0.55390625 0.540625 0.096875 0.0859375
0 0.63984375 0.52734375 0.075 0.059375
0 0.709375 0.5140625 0.096875 0.0484375
0 0.75234375 0.5546875 0.134375 0.0671875
0 0.63984375 0.63671875 0.1140625 0.0609375